time_ns,x,y,theta,omega,y_ref,error
40100,0.000995004165278026,0.5001867029635089,0.09999999999999999,0.0,0.0,0.5001867029635089
1040100,0.001990008330556052,0.5002687479003868,0.09699999999999999,-3.0,2.4750832494646602e-08,0.5002687231495543
2040100,0.0029853075181193824,0.5003987809413033,0.09590628753723646,-1.0937124627635388,9.900332997858641e-08,0.5003986819379733
3040100,0.0039807120341899165,0.5005606863934718,0.09486476489725214,-1.0415226399843276,2.2280152478515447e-07,0.5005604635919471
4040100,0.004976215745861035,0.5006674186039708,0.09379901315961173,-1.0657517376404146,3.961517123229896e-07,0.5006670224522585
5040100,0.005971819842867431,0.5007813850354761,0.09271702652813772,-1.0819866314740214,6.190680892359524e-07,0.5007807659673869
6040100,0.006967524697602022,0.5008955545702479,0.09166243828200495,-1.0545882461327816,8.915658256114511e-07,0.5008946630044223
7040100,0.007963326636884437,0.5009902944827548,0.09060403032818118,-1.0584079538237616,1.2136600489043303e-06,0.5009890808227059
8040100,0.00895922489884218,0.5010855622753394,0.08954531792608651,-1.0587124020946692,1.585364341138984e-06,0.5010839769109983
9040100,0.00995521839506838,0.5011022400681244,0.08849615640374238,-1.049161522344139,2.006692870537563e-06,0.5011002333752539
10040100,0.010951305165114052,0.5011832720181704,0.08744656606054983,-1.049590343192548,2.4776594855779877e-06,0.5011807943586848
11040100,0.01194748414999807,0.5012669793252866,0.08643626312264756,-1.0103029379022699,2.998277345511724e-06,0.5012639810479411
12040100,0.012943750861429357,0.5013533387962155,0.0853936469090729,-1.0426162135746528,3.568559755251499e-06,0.5013497702364602
13040100,0.013940107039022868,0.5013228236116505,0.08434955157518857,-1.0440953338843255,4.188517596759311e-06,0.5013186350940537
14040100,0.014936551724307478,0.5014043343945714,0.08330398351808767,-1.0455680571008994,4.858165198129427e-06,0.5013994762293733
15040100,0.015933083953566938,0.5015526086608507,0.08231694000327794,-0.9870435148097281,5.5775152141279705e-06,0.5015470311456366
16040100,0.016929697826964175,0.5014507041697734,0.08127374677306674,-1.043193230211194,6.346580114779954e-06,0.5014443575896587
17040100,0.01792639693358995,0.5015007541932732,0.08019690164821595,-1.076845124850786,7.165367996719851e-06,0.5014935888252765
18040100,0.01892318288523458,0.5015958646090968,0.07924537621009199,-0.9515254381239455,8.03389428938317e-06,0.5015878307148074
19040100,0.019920044613242836,0.5017408389709721,0.07821780002089046,-1.0275761892015267,8.952173267573471e-06,0.5017318867977045
20040100,0.020916987160397287,0.5018454342644783,0.07716753012759614,-1.050269893294339,9.920206895941419e-06,0.5018355140575823
21040100,0.021914011223749922,0.5019045843595582,0.0760920651259445,-1.075465001651632,1.0938011786976176e-05,0.5018936463477712
22040100,0.022911117619131442,0.5020186913090924,0.07503660738913157,-1.0554577368129396,1.200560080150126e-05,0.5020066857082909
23040100,0.02390830369359453,0.5020760581621728,0.07400378097858133,-1.0328264105502267,1.3122987070346426e-05,0.5020629351751025
24040100,0.0249055666632629,0.5021028510912418,0.07294327506030462,-1.0605059182767096,1.4290179741749398e-05,0.5020885609115
25040100,0.02590290748195195,0.5021781806692651,0.07191105169413524,-1.032223366169382,1.5507187281826873e-05,0.5021626734819833
26040100,0.026900322996302975,0.5022570202257229,0.0708940890455629,-1.0169626485723464,1.6774022434162816e-05,0.5022402462032888
27040100,0.027897811062712243,0.5022383375401142,0.06985273486083372,-1.041354184729176,1.8090692613270676e-05,0.5022202468475009
28040100,0.028895372352291677,0.5022881642378239,0.06880949555862814,-1.0432393022055761,1.945720601526091e-05,0.5022687070318086
29040100,0.02989300591288084,0.5024171003710577,0.06781508239746532,-0.9944131611628106,2.087357447777549e-05,0.5023962267965799
30040100,0.030890707351284928,0.5025068818508569,0.06678634265151503,-1.028739745950284,2.2339807539850653e-05,0.502484542043317
31040100,0.03188847797235043,0.5026105469667489,0.06571781818030212,-1.0685244712129165,2.385590924447456e-05,0.5025866910575044
32040100,0.03288631933360481,0.5026040752431282,0.0646687194393716,-1.0490987409305186,2.5421891841403976e-05,0.5025786533512868
33040100,0.03388422904059485,0.5026346417503412,0.06361249962257425,-1.0562198167973469,2.703776825896398e-05,0.5026076039820823
34040100,0.034882206447722365,0.5027013827353446,0.06261138934764363,-1.0011102749306229,2.870354503770045e-05,0.5026726791903069
35040100,0.03588024699492813,0.5027533777078053,0.061591727106015876,-1.0196622416277406,3.041923130098212e-05,0.5027229584765043
36040100,0.036878350824051366,0.5027737484618974,0.060553872529637745,-1.0378545763781295,3.218482900635422e-05,0.502741563632891
37040100,0.037876517998460944,0.5027878391310633,0.0595233154565025,-1.0305570731352454,3.4000347888252236e-05,0.502753838783175
38040100,0.03887474700890049,0.5028536216296169,0.058508558342669374,-1.0147571138331262,3.586579754966124e-05,0.5028177558320672
39040100,0.0398730358714222,0.5028976411531509,0.057496941786250096,-1.0116165564192785,3.778118455954882e-05,0.5028598599685914
40040100,0.040871383377588125,0.5029389389098908,0.056459376549588124,-1.0375652366619716,3.9746514232774643e-05,0.5028991923956581
41040100,0.04186978997032562,0.5030261293044826,0.055432633663379874,-1.0267428862082513,4.1761793081462883e-05,0.5029843675114012
42040100,0.0428682539752628,0.5031089142869948,0.054407198070200655,-1.025435593179219,4.382703082228545e-05,0.5030650872561725
43040100,0.04386677426872784,0.5032132227033451,0.05335867088722784,-1.0485271829728187,4.5942232738127586e-05,0.503167280470607
44040100,0.04486535103257679,0.5032547155678385,0.05231221005282119,-1.046460834406657,4.810740497873667e-05,0.5032066081628598
45040100,0.04586398306092139,0.5032541772665162,0.05125480820016958,-1.0574018526515985,5.0322556390369755e-05,0.5032038547101259
46040100,0.046862669820773556,0.5033152233872974,0.050228760557605806,-1.0260476425637786,5.258769269289587e-05,0.5032626356946045
47040100,0.047861408621772995,0.5033039280176123,0.04922375909727057,-1.0050014603352362,5.4902820924240814e-05,0.503249025196688
48040100,0.0488601973771411,0.5033274754908293,0.048187872959862904,-1.0358861374076598,5.7267942871419564e-05,0.5032702075479579
49040100,0.049859036566240765,0.5034054035722249,0.04718820988552958,-0.9996630743333232,5.968306124515266e-05,0.5033457205109797
50040100,0.05085792340924574,0.5034978408945902,0.04617110812324873,-1.0171017622808465,6.214818474248318e-05,0.5034356927098477
51040100,0.051856857712971646,0.5035844470056914,0.04512669013352468,-1.0444179897240526,6.466331387144919e-05,0.5035197836918199
52040100,0.05285583967667033,0.503723406794072,0.04407486268174508,-1.0518274517796053,6.722845528983612e-05,0.5036561783387822
53040100,0.053854868537136176,0.5037247480092804,0.04302580775980286,-1.0490549219422238,6.984361665018923e-05,0.5036549043926302
54040100,0.05485394306985301,0.5037470207946844,0.041950328319937884,-1.0754794398649834,7.250880306841623e-05,0.503674511991616
55040100,0.05585306328386411,0.5037674017195151,0.040943685827130406,-1.00664249280748,7.522401822512848e-05,0.5036921777012899
56040100,0.05685222520824751,0.503845408429545,0.03992656344845384,-1.017122378676567,7.798926901259051e-05,0.5037674191605324
57040100,0.05785142824889298,0.5038311213560583,0.038910376786531226,-1.0161866619226232,8.080455101122652e-05,0.5037503168050471
58040100,0.058850671335687686,0.5037514525163084,0.03786525186475853,-1.0451249217726932,8.366986877561544e-05,0.5036677826475328
59040100,0.05984995453268909,0.5037136647065221,0.03686633315740946,-0.9989187073490673,8.658522534332747e-05,0.5036270794811788
60040100,0.06084927504639307,0.5037865315508133,0.03590029552098637,-0.9660376364230896,8.955062692095339e-05,0.5036969809238924
61040100,0.06184863069999277,0.5038200500353557,0.034913423898509106,-0.9868716224772647,9.256607105356807e-05,0.5037274839643021
62040100,0.06284802128831576,0.5039143614018707,0.0338711102674703,-1.0423136310388108,9.563155662206668e-05,0.5038187298452487
63040100,0.06384744771709944,0.5039719499612444,0.0328484349310259,-1.0226753364443983,9.874708826984602e-05,0.5038732028729745
64040100,0.06484690825577079,0.5039707400491882,0.03179520578496506,-1.0532291460608392,0.00010191267415393668,0.5038688273750342
65040100,0.0658464028307968,0.5040288680965355,0.030760254223646095,-1.0349515613189635,0.00010512831405762313,0.5039237397824778
66040100,0.06684592977147907,0.5040960265109654,0.02975473577615578,-1.0055184474903127,0.00010839401287654482,0.5039876324980889
67040100,0.06784548713198733,0.5041535665590139,0.028719463653724277,-1.0352721224314987,0.00011170977015240169,0.5040418567888615
68040100,0.06884507475653642,0.5042373243477166,0.027679573691665606,-1.0398899620586708,0.00011507558416568031,0.5041222487635509
69040100,0.06984469170159423,0.5043065135502762,0.02664440959269831,-1.0351640989672954,0.00011849145896292157,0.5041880220913133
70040100,0.07084433676031217,0.5043420484029277,0.025596000969968058,-1.0484086227302527,0.00012195739581244425,0.5042200910071153
71040100,0.07184400920056347,0.5043488768130663,0.02455477022480409,-1.0412307451639689,0.00012547339486346232,0.5042234034182028
72040100,0.07284370774733996,0.5043860711317253,0.023530327647987716,-1.0244425768163739,0.0001290394577289078,0.5042570316739964
73040100,0.07384343092195335,0.5044898147009779,0.022520256799640488,-1.0100708483472263,0.0001326555838971899,0.5043571591170807
74040100,0.07484317735168723,0.5044792263062591,0.02149496087229947,-1.0252959273410183,0.00013632177184774719,0.5043429045344113
75040100,0.07584294634391042,0.5045017841696154,0.020436215195790194,-1.058745676509271,0.00014003802017015232,0.5043617461494453
76040100,0.07684273753173215,0.504479959814989,0.019434689140738613,-1.0015260550515797,0.0001438043297454783,0.5043361554852436
77040100,0.07784254868410535,0.5045712213345581,0.018416577404168355,-1.0181117365702594,0.00014762070258100835,0.5044236006319771
78040100,0.07884237910373684,0.5046298046896964,0.017420733089674498,-0.9958443144938574,0.00015148713334767194,0.5044783175563488
79040100,0.07984222736660367,0.5047131217009517,0.016368196076870876,-1.0525370128036209,0.00015540362232613347,0.5045577180786256
80040100,0.08084209341067307,0.5047425247604671,0.015331913841656213,-1.0362822352146641,0.00015937016674172355,0.5045831545937254
81040100,0.08184197587918439,0.5047185858226898,0.014283131105167936,-1.0487827364882758,0.00016338676905647276,0.5045551990536333
82040100,0.08284187387700143,0.5047098798030354,0.013261279600584803,-1.0218515045831347,0.00016745342641044658,0.5045424263766249
83040100,0.08384178594752173,0.5047303193398459,0.01226618013335788,-0.9950994672269211,0.00017157013759572237,0.5045587492022502
84040100,0.08484171071887744,0.5047140484398296,0.011263514879446846,-1.0026652539110343,0.00017573689885708177,0.5045383115409725
85040100,0.08584164728616435,0.5046369971499018,0.010246269326790286,-1.0172455526565598,0.00017995370652457154,0.5044570434433773
86040100,0.08684159479360604,0.5046870651398748,0.009247444991165584,-0.9988243356247031,0.0001842205586513046,0.5045028445812235
87040100,0.0878415520362913,0.5047389991910514,0.008279198509010322,-0.968246482155263,0.00018853745331526284,0.5045504617377361
88040100,0.0888415177639231,0.5048195047119729,0.007247325905982692,-1.0318726030276297,0.00019290438690688916,0.504626600325066
89040100,0.08984149150217165,0.504832195891775,0.006214450157581947,-1.0328757484007451,0.0001973213553583264,0.5046348745364166
90040100,0.09084147219253841,0.5048158515129523,0.005167161514633669,-1.0472886429482788,0.000201788357845345,0.5046140631551069
91040100,0.09184145884278905,0.504833344336722,0.0041537886109082834,-1.0133729037253856,0.0002063053908010204,0.504627038945921
92040100,0.09284145021582153,0.5048103867005089,0.003155000224553167,-0.9987883863551164,0.0002108724507401405,0.5045995142497688
93040100,0.09384144523881245,0.5048187681461999,0.0021392923988659,-1.0157078256872671,0.00021548953284877825,0.5046032786133511
94040100,0.09484144295052734,0.5048703728105037,0.0011438899636914347,-0.9954024351744652,0.00022015663283525555,0.5046502161776685
95040100,0.09584144229628529,0.5048803400552484,0.00013283556781247888,-1.0110543958789557,0.0002248737467276385,0.5046554663085208
96040100,0.09684144228746264,0.5048994899362262,-0.000899899205520818,-1.032734773333297,0.0002296408699073993,0.5046698490663188
97040100,0.09784144188255338,0.5049331546434519,-0.0019118006646739536,-1.011901459153136,0.000234457997869697,0.5046986966455822
98040100,0.09884144005506304,0.5049076723215223,-0.0029282971050584392,-1.0164964403844854,0.00023932512565494335,0.5046683471958674
99040100,0.09984143576760414,0.5049383560014604,-0.003952083553814238,-1.0237864487557986,0.00024424224816144147,0.504694113753299
100040100,0.1008414279581321,0.5048538097836672,-0.004946210691742931,-0.9941271379286929,0.00024920936003525185,0.504604600423632
101040100,0.10184141572565693,0.5049392722005152,-0.0059684472690579166,-1.022236577314986,0.0002542264555920326,0.5046850457449231
102040100,0.1028413979145284,0.5049373963158814,-0.006932864779039081,-0.9644175099811645,0.0002592935297549559,0.5046781027861265
103040100,0.10384137388231764,0.5048846789206266,-0.007982422407723103,-1.0495576286840216,0.0002644105759479487,0.5046202683446787
104040100,0.10484134202295306,0.5049437571018652,-0.008988271913789604,-1.0058495060665007,0.00026957759004631043,0.5046741795118189
105040100,0.10584130162870901,0.5049334985046547,-0.009968559911774179,-0.9802879979845753,0.0002747945627312731,0.5046587039419235
106040100,0.10684125194302711,0.5049595897921705,-0.011004828441129278,-1.0362685293550993,0.00028006148912140816,0.5046795283030491
107040100,0.10784119139051371,0.5049616750202761,-0.012006372553360033,-1.001544112230755,0.00028537836394093574,0.5046762966563352
108040100,0.1088411193148886,0.5049822078209081,-0.013026108182564597,-1.019735629204565,0.0002907451773310754,0.504691462643577
109040100,0.10984103447634103,0.5050344512005498,-0.014033809249608233,-1.0077010670436355,0.00029616192414039233,0.5047382892764094
110040100,0.11084093600405617,0.5049947182709456,-0.015050739368313096,-1.0169301187048605,0.00030162859586724267,0.5046930896750783
111040100,0.11184082274381645,0.5049563648745394,-0.016083593367479894,-1.032853999166797,0.0003071451858112084,0.5046492196887282
112040100,0.1128406934056168,0.5049766271545671,-0.01707034375387606,-0.9867503863961651,0.00031271168551683104,0.5046639154690503
113040100,0.11384054771083682,0.5050595180464413,-0.018057671112198234,-0.9873273583221733,0.0003183280855267867,0.5047411899609145
114040100,0.1148403846755241,0.5050000138615349,-0.019074310650345195,-1.016639538146961,0.0003239943818869051,0.504676019479648
115040100,0.11584020276637613,0.50500148313649,-0.020122393995431337,-1.0480833450861435,0.0003297105665360789,0.5046717725699539
116040100,0.11684000031783735,0.504916980943037,-0.021099124417243542,-0.976730421812205,0.0003354766280381227,0.5045815043149989
117040100,0.11783977773956911,0.5048462249149521,-0.02210630803698694,-1.0071836197433992,0.0003412925538732736,0.5045049323610789
118040100,0.11883953340509214,0.5048774330165067,-0.023070300354121238,-0.9639923171342988,0.00034715834341625396,0.5045302746730904
119040100,0.11983926729751597,0.5049169447575169,-0.024040987578450357,-0.9706872243291174,0.0003530739840300612,0.5045638707734869
120040100,0.1208389783268925,0.5048657500651553,-0.02506268252698568,-1.0216949485353233,0.000359039472392908,0.5045067105927624
121040100,0.12183866427430433,0.5049373311978552,-0.026088571463879627,-1.0258889368939472,0.0003650547987028574,0.5045722763991524
122040100,0.12283832398682483,0.5049081256762155,-0.02706896784507676,-0.9803963811971357,0.00037111994605254495,0.5045370057301629
123040100,0.12383795764468468,0.5048868612489206,-0.02811085826025547,-1.0418904151787085,0.0003772349036523792,0.5045096263452682
124040100,0.12483756256052661,0.5049077145897831,-0.029102259802180796,-0.9914015419253273,0.0003833996687241381,0.504524314921059
125040100,0.1258371391196509,0.5049098573937969,-0.030097552129157865,-0.9952923269770699,0.0003896142206336606,0.5045202431731632
126040100,0.1268366862225189,0.50490638424654,-0.031113907724372676,-1.0163555952148116,0.00039587855754064094,0.5045105056889994
127040100,0.12783620222393943,0.5049411423813794,-0.03212087491559859,-1.0069671912259137,0.0004021926682717947,0.5045389497131076
128040100,0.12883568639298978,0.5049017411148808,-0.03312498966976111,-1.004114754162507,0.00040855653793769875,0.5044931845769431
129040100,0.1298351378106839,0.5049118981551977,-0.03414825197403476,-1.023262304273652,0.00041497015721247976,0.5044969279979852
130040100,0.13083455481578343,0.5049513535645597,-0.03513431807306341,-0.9860660990286485,0.0004214335154131277,0.5045299200491465
131040100,0.131833937669119,0.504828662458362,-0.03614514584340106,-1.0108277703376531,0.0004279465968046736,0.5044007158615573
132040100,0.13283328450445137,0.5047419850515505,-0.0371706638213218,-1.0255179779207422,0.000434509397994276,0.5043074756535563
133040100,0.13383259375486406,0.5046728232166351,-0.0381148251737489,-0.9441613524270993,0.00044112190152034714,0.5042317013151147
134040100,0.13483186747284634,0.5046185032241819,-0.0390767819448802,-0.9619567711312984,0.0004477840915448894,0.504170719132637
135040100,0.13583110407255253,0.5045228114670959,-0.04004732001066038,-0.9705380657801821,0.0004544959763208567,0.504068315490775
136040100,0.1368303022857991,0.5044608151629957,-0.041025132086541516,-0.9778120758811384,0.0004612575398006413,0.503999557623195
137040100,0.13782946087309011,0.5043386543829231,-0.04198202853411321,-0.9568964475716912,0.00046806876779825757,0.5038705856151249
138040100,0.13882857975715482,0.5043004557012949,-0.0429556102608547,-0.9735817267414877,0.0004749296460673236,0.5038255260552276
139040100,0.1398276573067824,0.504313766762875,-0.043898826881157614,-0.9432166203029064,0.000481840168184533,0.5038319265946904
140040100,0.14082669390801092,0.50434774501957,-0.04488390951035111,-0.9850826291934944,0.0004888003168410648,0.503858944702729
141040100,0.14182568679443616,0.504345714478623,-0.045894734899704956,-1.010825389353847,0.0004958100886192085,0.5038499043900038
142040100,0.14282463381593627,0.5043380007532896,-0.046915923012025317,-1.021188112320352,0.0005028694578115278,0.5038351312954781
143040100,0.1438235334658745,0.5043391124826956,-0.047919063746997254,-1.0031407349719377,0.0005099784025652809,0.5038291340801303
144040100,0.14482238556721846,0.5042750013631853,-0.04891930845665514,-1.0002447096578875,0.0005171369052305863,0.5037578644579547
145040100,0.1458211892564512,0.5041800951131836,-0.049923929021180403,-1.0046205645252664,0.0005243449574763304,0.5036557501557073
146040100,0.14681994331592071,0.5042366993809524,-0.050895770748113786,-0.9718417269333839,0.0005316025459336515,0.5037050968350187
147040100,0.14781864840574263,0.504138949005405,-0.05185198581401881,-0.9562150659050213,0.0005389096544732297,0.5036000393509318
148040100,0.148817304392696,0.504187784153762,-0.052884029973086354,-1.0320441590675529,0.0005462662805832963,0.5036415178731787
149040100,0.14981590635825445,0.5040790592661699,-0.05383866183770727,-0.9546318646209209,0.0005536724159966866,0.5035253868501732
150040100,0.15081445740754518,0.5040590322032604,-0.05486664456765458,-1.0279827299473168,0.0005611280165638277,0.5034979041866966
151040100,0.15181295261075586,0.5040549398826291,-0.055815590186074196,-0.9489456184196117,0.0005686330976679699,0.5034863067849611
152040100,0.1528113953250597,0.5039164601043913,-0.05680880491227856,-0.9932147262043693,0.0005761876143139943,0.5033402724900773
153040100,0.1538097821388169,0.5037904391108886,-0.0578099389981765,-1.001134085897935,0.0005837915838462493,0.5032066475270424
154040100,0.15480811160961203,0.5036865851889938,-0.058743562461332575,-0.9336234631560743,0.0005914449722190795,0.5030951402167747
155040100,0.15580638670265892,0.5036518379758584,-0.059683123258672165,-0.9395607973395872,0.000599147759952956,0.5030526902159055
156040100,0.1568046061936777,0.5035850560320256,-0.060633519778715894,-0.9503965200437308,0.0006068999616211102,0.5029781560704045
157040100,0.1578027685449188,0.503559261882562,-0.06161835994734262,-0.9848401686267254,0.0006147015595381333,0.5029445603230238
158040100,0.15880087073436228,0.5034374327159299,-0.06258700888541267,-0.9686489380700607,0.0006225525333007909,0.5028148801826291
159040100,0.15979891280676886,0.5034012112664852,-0.06357605974249803,-0.98905085708535,0.0006304528504195162,0.5027707584160657
160040100,0.16079689252970264,0.5033279655561824,-0.06451680896035365,-0.9407492178556285,0.0006384025023002948,0.5026895630538821
161040100,0.16179481204218865,0.5032816359950124,-0.06550024902721928,-0.9834400668656271,0.000646401462052637,0.5026352345329598
162040100,0.1627926676677062,0.503303630240027,-0.06646498982037999,-0.9647407931607082,0.0006544497377056757,0.5026491805023213
163040100,0.16379045968328157,0.5031163010469817,-0.06744305527448308,-0.9780654541030886,0.0006625472903820651,0.5024537537565996
164040100,0.16478818626235892,0.5030285147976041,-0.06845528578655147,-1.0122305120683899,0.0006706941128449273,0.5023578206847592
165040100,0.1657858441141307,0.5029132001987823,-0.06936243899266566,-0.9071532061141845,0.0006788901805876435,0.5022343100181946
166040100,0.1667834395044689,0.5028917645700663,-0.07031914708333956,-0.9567080906738985,0.0006871354565944898,0.5022046291134719
167040100,0.1677809681318641,0.5028418081833294,-0.07126181927540959,-0.9426721920700232,0.0006954299828940691,0.5021463782004353
168040100,0.16877843008276366,0.502780421336384,-0.07225134686707618,-0.9895275916665915,0.0007037737141182276,0.5020766476222658
169040100,0.1697758210894659,0.5026718276091318,-0.07322647287703403,-0.9751260099578463,0.0007121666410618843,0.5019596609680699
170040100,0.17077314122909892,0.5026564601283933,-0.07419571949948019,-0.969246622446144,0.0007206087175894993,0.5019358514108038
171040100,0.1717703899891828,0.502461904307282,-0.07514110403537334,-0.9453845358931527,0.0007290999337996595,0.5017328043734823
172040100,0.17276756822448378,0.5024289874608945,-0.07613302940728821,-0.9919253719148606,0.0007376402747567568,0.5016913471861377
173040100,0.173764671504979,0.5023211873817724,-0.07703492985431906,-0.9019004470308642,0.0007462297372242688,0.5015749576445482
174040100,0.17476170578184957,0.5021532273993876,-0.0780175422153389,-0.9826123610198296,0.0007548682722315903,0.501398359127156
175040100,0.17575866395677167,0.5021171256668869,-0.0789624555464933,-0.9449133311544042,0.0007635559206349285,0.501353569746252
176040100,0.17675554804157917,0.5021028595743238,-0.07987691107405671,-0.9144555275634185,0.0007722926097954996,0.5013305669645283
177040100,0.1777523595769444,0.5020775271052983,-0.08085718152934027,-0.9802704552835564,0.0007810783461721371,0.5012964487591262
178040100,0.17874909241565073,0.5019758606481414,-0.08184829917732668,-0.9911176479864023,0.0007899131324471398,0.5011859475156942
179040100,0.17974574471313293,0.5017803997728321,-0.08283379077762214,-0.9854916002954639,0.0007987969028988573,0.5009816028699332
180040100,0.1807423159558752,0.5016887194493981,-0.0837808697913083,-0.9470790136861644,0.0008077296292405833,0.5008809898201575
181040100,0.18173880839122544,0.501591621239109,-0.08468061833076997,-0.8997485394616671,0.0008167112948598287,0.5007749099442492
182040100,0.18273522512967272,0.501579648271101,-0.08563203135255243,-0.9514130217824615,0.0008257419081303397,0.5007539063629707
183040100,0.18373156094717058,0.5014742199902751,-0.08658049869943461,-0.9484673468821889,0.0008348214857534231,0.5006393985045217
184040100,0.18472781519657291,0.5014224648650766,-0.08757146208018975,-0.9909633807551366,0.0008439499684911311,0.5005785148965854
185040100,0.18572398326587347,0.5014850001426857,-0.08851544423845151,-0.9439821582617456,0.0008531273383383109,0.5006318728043474
186040100,0.1867200683310617,0.5014471930374168,-0.08948611666598213,-0.9706724275306342,0.0008623535403451399,0.5005848394970717
187040100,0.18771606711965652,0.5013628788096323,-0.09051401649698797,-1.027899831005833,0.0008716285913479282,0.5004912502182843
188040100,0.18871197352204172,0.5012789023162736,-0.09149162654774426,-0.9776100507562908,0.000880952448301997,0.5003979498679716
189040100,0.1897077910819012,0.50113644911787,-0.09244577135809762,-0.9541448103533545,0.000890325040732165,0.5002461240771379
190040100,0.19070352101395868,0.5010283681045401,-0.09339987396975429,-0.9541026116566624,0.0008997463885194179,0.5001286217160207
191040100,0.19169916241564502,0.5009697881238263,-0.09432441010211758,-0.9245361323632957,0.0009092164900437183,0.5000605716337826
192040100,0.19269471716575845,0.5008938030618273,-0.09526587284791946,-0.9414627458018774,0.0009187353236370654,0.4999750677381902
193040100,0.1936901828033836,0.5008234762985151,-0.09623192554636625,-0.9660526984468094,0.0009283028942448368,0.49989517340427025
194040100,0.19468555608380053,0.5007296101854454,-0.09718908023039802,-0.9571546840317704,0.0009379191651710528,0.4997916910202743
195040100,0.19568083694153787,0.5006293795812853,-0.0981488798275455,-0.9597995971474798,0.0009475840915804667,0.4996817954897048
196040100,0.19667602420559882,0.500478669393403,-0.09909667835999367,-0.9477985324481637,0.0009572976591236682,0.49952137173427935
197040100,0.19767111814659355,0.5004251736412608,-0.10004105043798635,-0.9443720779926776,0.0009670598425515209,0.4994581137987093
198040100,0.19866611821282773,0.5002954517232335,-0.10095983747143299,-0.9187870334466448,0.0009768706306374497,0.4993185810925961
199040100,0.19966102609592362,0.5001952715922685,-0.10192708080734016,-0.9672433359071841,0.0009867300040475868,0.4992085415882209
200040100,0.2006558360267163,0.4999280925589007,-0.1028559076050598,-0.9288267977196571,0.000996637965723579,0.4989314545931771
201040100,0.20165055101964022,0.4997657663048537,-0.10379926082599239,-0.9433532209325828,0.0010065944440995622,0.49875917186075414
202040100,0.20264516871151486,0.49963816074190814,-0.10465853606635009,-0.8592752403577033,0.001016599455024192,0.49862156128688395
203040100,0.20363969700415308,0.4995969434065221,-0.10556986876756394,-0.9113327012138461,0.0010266529604621155,0.49857029044606
204040100,0.20463412967909175,0.49948417769993264,-0.10649826224893509,-0.9283934813711532,0.0010367550264227532,0.4984474226735099
205040100,0.20562846409706137,0.49930178951426424,-0.10746972292502194,-0.9714606760868626,0.0010469055760218282,0.4982548839382424
206040100,0.20662269478243772,0.4990872890049508,-0.10840513934117549,-0.93541641615355,0.001057104567923517,0.4980301844370273
207040100,0.20761682469730997,0.4989514249382049,-0.10930533512228312,-0.9001957811076357,0.0010673519309811752,0.4978840730072237
208040100,0.2086108568145691,0.49884396254812324,-0.1101890010602455,-0.8836659379623946,0.0010776476805460788,0.49776631486757716
209040100,0.20960479214655792,0.4987006135955378,-0.1111116687066054,-0.922667646359902,0.0010879918326764937,0.4976126217628613
210040100,0.210598625593269,0.4986368612224018,-0.11204827737693027,-0.9366086703248679,0.0010983843834750928,0.4975384768389267
211040100,0.21159235474993188,0.4984641646448811,-0.11296661108366238,-0.9183337067321046,0.0011088252648825403,0.49735533937999854
212040100,0.21258598080505034,0.4984567451393437,-0.1139245705283057,-0.9579594446433175,0.001119314436337504,0.4973374307030062
213040100,0.21357949841685667,0.498336312935708,-0.11482766735423496,-0.9030968259292425,0.0011298518950049186,0.4972064610407031
214040100,0.21457291296102,0.49825458684858454,-0.11581334265862123,-0.9856753043862712,0.0011404375685479806,0.49711414928003655
215040100,0.21556621408838952,0.4981853719424834,-0.11674222547076617,-0.9288828121449553,0.0011510714985547565,0.49703430044392866
216040100,0.21655940745055183,0.49809369821415267,-0.1176902524929011,-0.948027022134932,0.001161753558193368,0.4969319446559593
217040100,0.21755248994284931,0.4979704079565846,-0.11864435124679983,-0.954098753898713,0.0011724837918407616,0.49679792416474383
218040100,0.21854545995407448,0.497792246991344,-0.11958699169465538,-0.9426404478555553,0.0011832621497411822,0.4966089848416028
219040100,0.2195383179473882,0.4976720661064454,-0.12051353167853482,-0.9265399838794385,0.0011940885978525273,0.49647797750859285
220040100,0.22053106497632488,0.4976014209605464,-0.12141223428864584,-0.8987026101110142,0.0012049631245822923,0.4963964578359641
221040100,0.22152370356051962,0.4974381471233811,-0.12233964078879539,-0.9274065001495316,0.001215885724942467,0.4962222613984386
222040100,0.22251622939579013,0.4973412429662923,-0.123291627986137,-0.9519871973416227,0.001226856410394106,0.4961143865558982
223040100,0.2235086386058598,0.4972905479703217,-0.12419692830625449,-0.905300320117504,0.0012378751169848101,0.4960526728533369
224040100,0.22450093607588156,0.4972366428112228,-0.12513517361011336,-0.9382453038588653,0.001248941784677271,0.49598770102654555
225040100,0.22549311688131246,0.49718566807274905,-0.12609637599065313,-0.9612023805397576,0.0012600564510307777,0.4959256116217183
226040100,0.2264851772618541,0.4971835141271673,-0.12705581925064732,-0.9594432599941978,0.001271219043967875,0.49591229508319945
227040100,0.22747711652383923,0.4970201026049555,-0.12801657948299947,-0.9607602323521319,0.001282429503618232,0.49573767310133726
228040100,0.22846893358602335,0.49694750848542546,-0.12900169944963052,-0.9851199666310553,0.0012936878042530964,0.49565382068117236
229040100,0.22946062439945533,0.49681368467136094,-0.12990581736780857,-0.9041179181780569,0.0013049939155784784,0.49550869075578247
230040100,0.23045219849805712,0.49668122736098663,-0.13085515228152056,-0.949334913711986,0.0013163477730309125,0.4953648795879557
231040100,0.23144364917229523,0.49659324414333983,-0.13177355811955874,-0.9184058380381853,0.0013277494677801371,0.4952654946755597
232040100,0.2324349795929616,0.4964473753111966,-0.13269233557278337,-0.9187774532246447,0.0013391989048976427,0.49510817640629895
233040100,0.2334261888747337,0.496225452867545,-0.1336331273358781,-0.94079176309473,0.0013506961029570164,0.494874756764588
234040100,0.23441727324802736,0.4961138685135048,-0.13454463767919328,-0.911510343315174,0.001362241033831424,0.4947516274796734
235040100,0.2354082357638521,0.49600235338263343,-0.1354176304155977,-0.8729927364044229,0.001373833635398114,0.4946285197472353
236040100,0.23639908079963665,0.49583796672008734,-0.13634552200755048,-0.9278915919527764,0.0013854739250866999,0.49445249279500064
237040100,0.23738980013969202,0.49566180594793524,-0.1372731780561856,-0.9276560486351126,0.0013971619366088817,0.49426464401132636
238040100,0.2383803929632583,0.4956022451794666,-0.13817402232871842,-0.9008442725328211,0.0014088975550663463,0.49419334762440026
239040100,0.239370862111155,0.4954180778371007,-0.13906857995019942,-0.8945576214809551,0.0014206807520764642,0.4939973970850242
240040100,0.24036120765107602,0.4953168005314053,-0.14002127109631482,-0.9526911461154033,0.001432511542930115,0.4938842889884752
241040100,0.24135142067882961,0.4950750692910814,-0.14091124316229336,-0.8899720659785526,0.001444389910140842,0.4936306793809406
242040100,0.2423415091062309,0.49486409811944243,-0.14184241014708285,-0.9311669847894811,0.0014563157279816608,0.49340778239146077
243040100,0.24333146632630728,0.4947919640617893,-0.14270281912512672,-0.8604089780438428,0.001468289072718676,0.49332367498907065
244040100,0.24432130154630388,0.49457880327326426,-0.14357813848503218,-0.8753193599054474,0.0014803098455438146,0.49309849342772044
245040100,0.24531101190009505,0.4943802434186543,-0.14452268437822555,-0.9445458931933687,0.0014923781395452806,0.492887865279109
246040100,0.2463005866617391,0.4942029895062607,-0.14539624268722973,-0.8735583090041706,0.0015044939015318448,0.49269849560472884
247040100,0.24729003523586404,0.49412817970302164,-0.1462766563779657,-0.8804136907359723,0.001516656980957265,0.4926115227220644
248040100,0.24827935586823086,0.4940490042169466,-0.1471673205471068,-0.8906641691411,0.0015288674740681074,0.4925201367428785
249040100,0.24926854628894518,0.4939559303747919,-0.14810900902338978,-0.9416884762829659,0.0015411253404415959,0.4924148050343503
250040100,0.2502575981850264,0.49385991031360804,-0.1490483081049185,-0.9392990815287378,0.0015534305328870346,0.492306479780721
251040100,0.2512465110342269,0.49368764854909825,-0.14998042358730226,-0.9321154823837512,0.001565782928135917,0.49212186562096233
252040100,0.25223528503743603,0.49357708295000585,-0.15091082561385682,-0.9304020265545702,0.0015781824991734084,0.49199890045083244
253040100,0.2532239195931683,0.4934162075776898,-0.15180271387818306,-0.8918882643262062,0.0015906292279801448,0.49182557834970964
254040100,0.25421241967041247,0.4932194324113143,-0.15272518062167756,-0.9224667434944863,0.001603123086443503,0.49161630932487077
255040100,0.2552007798313438,0.493089167535655,-0.15362212217527035,-0.8969415535927776,0.0016156641171320985,0.4914735034185229
256040100,0.25618900314107296,0.4930111365516364,-0.15450067161332667,-0.8785494380563132,0.0016282522307982106,0.4913828843208382
257040100,0.25717709163504004,0.49281661774375085,-0.1554121669492737,-0.9114953359470284,0.0016408874460509537,0.4911757302976999
258040100,0.25816503945151903,0.49276956606289735,-0.1563495743478492,-0.9374073985755016,0.001653569768869545,0.4911159962940278
259040100,0.259152841735177,0.4926445708266327,-0.1572282998784469,-0.8787255305976827,0.0016662991036930919,0.4909782717229396
260040100,0.26014050680818357,0.4923922477537186,-0.15818061590452676,-0.9523160260798826,0.0016790753668374236,0.49071317238688117
261040100,0.2611280223184716,0.4923388612853815,-0.15909366114574186,-0.9130452412151069,0.00169189864508823,0.4906469626402933
262040100,0.26211539359262936,0.4922357990474793,-0.15994248866837665,-0.8488275226347985,0.0017047687569125003,0.4905310302905668
263040100,0.26310263003697454,0.4920805436764347,-0.16089062856335293,-0.9481398949762629,0.0017176857500622589,0.49036285792637246
264040100,0.2640897150354796,0.49196994922519677,-0.1618136751744218,-0.9230466110688623,0.0017306497270226373,0.49023929949817413
265040100,0.26507665174383654,0.49180436963355695,-0.16271026528831814,-0.8965901138963326,0.0017436604484828422,0.4900607091850741
266040100,0.2660634436072801,0.491703583814227,-0.16362891527952247,-0.9186499912043478,0.0017567179339401662,0.48994686588028685
267040100,0.2670500862392466,0.4914835257998545,-0.16451969204437314,-0.8907767648506618,0.001769822207371874,0.4897137035924826
268040100,0.26803658337250996,0.4913038705537656,-0.16544261452120604,-0.9229224768328917,0.0017829731888454603,0.48952089736492016
269040100,0.2690229289307684,0.4911015723276564,-0.166305411128505,-0.8627966072989618,0.0017961709063989417,0.48930540142125745
270040100,0.2700091320288781,0.49091844238883947,-0.16718800004597853,-0.8825889174735565,0.0018094152568508548,0.4891090271319886
271040100,0.27099518863924227,0.4907636669024257,-0.16805881307183956,-0.8708130258610385,0.0018227063409348432,0.48894096056149083
272040100,0.27198109996356706,0.49044058012055175,-0.1689387940324849,-0.8799809606453565,0.0018360440830882396,0.4886045360374635
273040100,0.27296686371279927,0.4902954616615434,-0.16983259266384,-0.8937986313550796,0.001849428478077897,0.4884460331834655
274040100,0.27395247678826445,0.490066187450766,-0.17064153937869314,-0.8089467148531556,0.0018628594732668091,0.4882033279774992
275040100,0.27493795281522243,0.489847618631665,-0.17153912985597108,-0.8975904772779316,0.0018763370044752037,0.4879712816271898
276040100,0.2759232760212444,0.4897413931825728,-0.1723941336858708,-0.8550038298996858,0.0018898612368438705,0.48785153194572894
277040100,0.2769084529187564,0.4895682343472965,-0.17325400267492563,-0.8598689890547891,0.0019034319325861304,0.4876648024147104
278040100,0.27789348194887703,0.4893635771272279,-0.1741697805250084,-0.9157778500827596,0.0019170491593847316,0.48744652796784316
279040100,0.2788783526963635,0.4892370751469037,-0.1750516948643468,-0.8819143393383734,0.0019307128740457813,0.4873063622728579
280040100,0.27986307023345613,0.48897191504747023,-0.17591740012548834,-0.8657052611415259,0.0019444229095775256,0.4870274921378927
281040100,0.28084763663117196,0.4887177779083764,-0.176821879422035,-0.9044792965466742,0.0019581793136680403,0.48675959859470835
282040100,0.2818320443319456,0.4885607467620822,-0.17765644864174063,-0.834569219705623,0.0019719820928685294,0.4865887646692137
283040100,0.28281630488760146,0.4883871101151775,-0.17849597027422448,-0.8395216324838536,0.0019858311184393074,0.4864012789967382
284040100,0.2838004167333094,0.48826039846934793,-0.1793836800195793,-0.8877097453548103,0.0019997265304141365,0.4862606719389338
285040100,0.28478437057873707,0.4880359523508873,-0.18026268875730905,-0.8790087377297476,0.0020136682849489773,0.48602228406593834
286040100,0.2857681672085243,0.4878425211059772,-0.18116485551749564,-0.9021667601865985,0.0020276562278915833,0.4858148648780856
287040100,0.28675180169029024,0.48757737338101315,-0.18201765507904002,-0.8527995615443787,0.0020416903472302295,0.4855356830337829
288040100,0.2877352821608156,0.4874546453428523,-0.18288552405843317,-0.8678689793931139,0.002055770549130642,0.4853988747937217
289040100,0.28871860516431835,0.4872393378490289,-0.1837169533006647,-0.8314292422315315,0.0020698969268373446,0.48516944092219155
290040100,0.2897017766178175,0.4870526976187205,-0.18461929558956297,-0.9023422888982666,0.002084069407832345,0.48496862821088815
291040100,0.29068478282647126,0.4868177582903595,-0.18547486613903616,-0.8555705494731806,0.0020982880547073535,0.48471947023565215
292040100,0.2916676316162996,0.4866469197341027,-0.1863443455195725,-0.8694793805363226,0.0021125526461389654,0.4845343670879637
293040100,0.2926503196910932,0.48645874623595226,-0.1871891539709646,-0.8448084513921378,0.002126863272000179,0.4843318829639521
294040100,0.29363285089945224,0.48631017604985227,-0.1880656194928298,-0.8764655218651858,0.002141219860945398,0.4841689561889069
295040100,0.29461521862206186,0.4861064051734219,-0.188932989502032,-0.8673700092021924,0.002155622445886962,0.48395078272753494
296040100,0.295597423812553,0.48592146445805456,-0.18981981222371916,-0.8868227216871569,0.002170070906284849,0.4837513935517697
297040100,0.2965794620617927,0.48571310084372715,-0.1906785752238393,-0.8587630001201484,0.0021845652322447506,0.4835285356114824
298040100,0.2975613379158639,0.4855434155427418,-0.19154633150162728,-0.8677562777879971,0.002199105334529605,0.48334431020821217
299040100,0.2985430489385838,0.4852250401816947,-0.19240190763433954,-0.8555761327122621,0.0022136912562835676,0.48301134892541114
300040100,0.29952459671984705,0.48503335872794817,-0.19327643147154278,-0.8745238372032461,0.0022283229373165625,0.4828050357906316
301040100,0.30050597690193964,0.4847813741405133,-0.1940759213849915,-0.7994899134487273,0.0022430003772733187,0.48253837376324
302040100,0.3014872032081063,0.484686631042899,-0.1949383226548412,-0.8624012698497019,0.00225772348672848,0.4824289075561705
303040100,0.30246826282679534,0.4845150958012997,-0.19577001610770375,-0.8316934528625582,0.00227249244800376,0.48224260335329594
304040100,0.30344916100216285,0.48425610026806654,-0.19668008835544876,-0.9100722477449936,0.0022873070447744226,0.4819687932232921
305040100,0.30442988174236674,0.4840937923671808,-0.19755136901377682,-0.871280658328071,0.0023021673321821368,0.48179162503499867
306040100,0.3054104318494642,0.4839186717832885,-0.19837834896932816,-0.8269799555513297,0.0023170730431303355,0.4816015987401582
307040100,0.3063908193108235,0.4837581858874802,-0.19925329560205932,-0.8749466327311378,0.00233202425549095,0.48142616163198926
308040100,0.3073710339626874,0.48362873630038183,-0.20012143299898846,-0.8681373969291397,0.0023470210666474145,0.4812817152337344
309040100,0.30835107640829,0.48337220080000415,-0.20099651397514773,-0.875080976159281,0.0023620632965588584,0.4810101375034453
310040100,0.30933094452277676,0.4832415555259099,-0.20188680141265047,-0.8902874375027372,0.0023771509292167536,0.48086440459669316
311040100,0.31031063450673885,0.48304353186419685,-0.20271297994587423,-0.8261785332237842,0.002392283906541337,0.4806512479576555
312040100,0.31129015849256064,0.48283756798736066,-0.20360178936340353,-0.8888094175293294,0.0024074621440490773,0.4804301058433116
313040100,0.3122695031497271,0.4826473629278455,-0.20445646055323344,-0.854671189829893,0.0024226858045217625,0.48022467712332373
314040100,0.31324867463639816,0.48243134752369676,-0.20530669654894468,-0.85023599571124,0.0024379546555053366,0.4799933928681914
315040100,0.3142276731415266,0.48229018738665863,-0.20616437841024,-0.8576818612953085,0.002453268767226291,0.47983691861943234
316040100,0.3152064964331995,0.48213078426460926,-0.20700866980981808,-0.8442913995780996,0.00246862811731674,0.4796621561472925
317040100,0.31618514654365093,0.48194922620499364,-0.20789005318479245,-0.8813833749743931,0.0024840326452952866,0.47946519355969835
318040100,0.3171636151203153,0.4816649893828628,-0.2087619428630171,-0.8718896782246682,0.0024994823576705016,0.4791655070251923
319040100,0.3181419033706846,0.48136771511174,-0.20962233846471637,-0.8603956016992306,0.0025149770966486074,0.4788527380150914
320040100,0.3191200129429453,0.4811635912374923,-0.2104307727087343,-0.8084342440179472,0.0025305168548968027,0.4786330743825955
321040100,0.32009795396809226,0.48101452916598036,-0.21123204009056248,-0.8012673818281862,0.0025461016323546914,0.4784684275336257
322040100,0.3210757273096399,0.4808082523287083,-0.21207942074391997,-0.8473806533574935,0.0025617315650769967,0.4782465207636313
323040100,0.32205332263433895,0.48045820647186,-0.21295398033700466,-0.8745595930846838,0.002577406642309654,0.47788079982955034
324040100,0.32303073349636774,0.48033425263966273,-0.21379946607112507,-0.8454857341204234,0.0025931266731440417,0.4777411259665187
325040100,0.32400796531729037,0.4800631900751543,-0.21457231328688117,-0.7728472157560982,0.002608891527454915,0.4774542985476994
326040100,0.32498503286800257,0.479873012053489,-0.21545790466585155,-0.8855913789703461,0.0026247012661428926,0.4772483107873461
327040100,0.32596191146700537,0.4795891072875529,-0.21626934549187138,-0.8114408260198198,0.0026405561031168645,0.476948551184436
328040100,0.326938616262618,0.479358776592483,-0.21712079397445247,-0.8514484825810975,0.0026564556120902694,0.4767023209803927
329040100,0.3279151379941183,0.47917887403211207,-0.21792475714034862,-0.8039631658961759,0.0026724000131395087,0.47650647401897256
330040100,0.32889148622117564,0.478974778938074,-0.21875499234544774,-0.8302352050991216,0.002688389129044566,0.47628638980902943
331040100,0.3298676546116453,0.4787604962974736,-0.2196100274771159,-0.8550351316681434,0.0027044230903250366,0.47605607320714854
332040100,0.3308436370903239,0.4784408617531833,-0.22045250366115213,-0.8424761840362275,0.002720501767221606,0.4757203599859617
333040100,0.3318194356900423,0.4782456503947722,-0.22128940299146416,-0.8368993303120112,0.002736625032994766,0.4755090253617774
334040100,0.33279505094227807,0.47800347861374604,-0.22207293255987282,-0.7835295684086506,0.0027527928942596702,0.47525068571948637
335040100,0.33377049391990243,0.4778427562031817,-0.22291822866503583,-0.8452961051630195,0.0027690053330573505,0.4750737508701243
336040100,0.33474575037079835,0.47769960900686753,-0.2237395055016853,-0.8212768366494643,0.002785262507469355,0.4749143464993982
337040100,0.33572082492773586,0.4773983964817668,-0.22460113069658855,-0.8616251949032413,0.002801564153823932,0.47459683232794286
338040100,0.33669570794753845,0.47717273295687584,-0.22547120236496027,-0.8700716683717277,0.0028179103227188307,0.474354822634157
339040100,0.33767039681814826,0.47692634609210105,-0.22626158399028054,-0.7903816253202788,0.0028343008252846857,0.47409204526681636
340040100,0.3386449086821391,0.47669941352115475,-0.2270892338408153,-0.8276498505347792,0.0028507355895186492,0.4738486779316361
341040100,0.3396192345407476,0.4765248105282403,-0.2279059742473161,-0.8167404065007857,0.0028672148774369077,0.4736575956508034
342040100,0.34059337619147395,0.47632568397459907,-0.22873193271517125,-0.8259584678551548,0.0028837385104480973,0.47344194546415097
343040100,0.34156733089441604,0.4761728007713846,-0.22958365154624402,-0.8517188310727691,0.0029003064920800625,0.4732724942793045
344040100,0.3425410921231175,0.4759400479925128,-0.23042265503357245,-0.8390034873284364,0.002916918748734787,0.47302312924377804
345040100,0.34351466207531134,0.4756963318917402,-0.23128441906768316,-0.8617640341106907,0.0029335751414016897,0.4727627567503385
346040100,0.34448803484857465,0.4754984496526738,-0.23210572742761604,-0.8213083599328971,0.002950275679683756,0.47254817397299004
347040100,0.34546121902675014,0.4752901223664048,-0.2329210112205128,-0.8152837928967711,0.002967020234070361,0.4723231021323344
348040100,0.3464342153439911,0.47499434611470065,-0.23375876068262352,-0.8377494621106963,0.002983808924177822,0.4720105371905228
349040100,0.3474070179499537,0.4748116548364319,-0.23459081532131973,-0.8320546386962151,0.0030006417352979042,0.471811013101134
350040100,0.3483796274856508,0.4745446344742571,-0.23537849819866644,-0.7876828773467007,0.0030175185384742065,0.4715271159357829
351040100,0.3493520536266734,0.47437432251636946,-0.23622230243053982,-0.8438042318733873,0.0030344393167247574,0.4713398831996447
352040100,0.35032428263705034,0.4741430441886258,-0.23702335225064222,-0.8010498201023908,0.003051404211021236,0.47109163997760456
353040100,0.3512963238646117,0.47383073677149085,-0.23787235966116085,-0.8490074105186389,0.003068412954078781,0.47076232381741207
354040100,0.3522681653862273,0.4736008116708784,-0.23869036538822935,-0.8180057270684881,0.003085465681483157,0.47051534598939526
355040100,0.35323981383158565,0.47339378248634,-0.2394671758581397,-0.7768104699103525,0.003102562155913091,0.4702912203304269
356040100,0.35421127832224747,0.4731375514956588,-0.24028466156964842,-0.8174857115087502,0.0031197024654794347,0.47001784903017935
357040100,0.35518254859294285,0.4728711369025114,-0.24111312498263776,-0.8284634129893444,0.003136886743728695,0.46973425015878273
358040100,0.3561536213733508,0.47260509967647923,-0.24191641867767635,-0.8032936950386161,0.003154114781626305,0.46945098489485293
359040100,0.3571245020270319,0.4723932803110012,-0.24271403140639564,-0.7976127287192868,0.0031713864927418456,0.46922189381825935
360040100,0.35809519129286316,0.47213051841816733,-0.24351124436418925,-0.7972129577936096,0.0031887019442038422,0.4689418164739635
361040100,0.3590656886496952,0.47184684570077945,-0.24433508611245283,-0.823841748263577,0.0032060611213751145,0.46864078457940433
362040100,0.36003598703927087,0.4716116672975433,-0.24513287449204385,-0.797788379591017,0.0032234639871369097,0.46838820331040637
363040100,0.36100609212613094,0.4713867491457815,-0.2459195834638963,-0.7867089718524455,0.003240910386587359,0.46814583875919413
364040100,0.3619760059901593,0.4710824292136262,-0.24673001257637492,-0.8104291124786026,0.003258400393132632,0.46782402882049356
365040100,0.36294572223806615,0.47082273039690614,-0.2475450651947267,-0.815052618351767,0.003275934016407689,0.46754679638049845
366040100,0.3639152391000841,0.47051206019259406,-0.24831975140740595,-0.7746862126792613,0.0032935111126590755,0.467218549079935
367040100,0.3648845658540199,0.4701841750985634,-0.24911617188948873,-0.7964204820827732,0.0033111316210465702,0.46687304347751685
368040100,0.36585369655984196,0.46991154123268436,-0.24988642839028205,-0.7702565007933075,0.0033287956819769704,0.4665827455507074
369040100,0.3668226370733697,0.4696302327736434,-0.2506473645716347,-0.7609361813526506,0.003346503159246339,0.46628372961439707
370040100,0.3677913891315071,0.46939876616240367,-0.2514353239762074,-0.7879594045726631,0.003364254131881239,0.46603451203052243
371040100,0.3687599454504505,0.46920015460751624,-0.252218326217653,-0.7830022414455983,0.0033820486043012465,0.465818106003215
372040100,0.369728306665928,0.4689282626044261,-0.25302572911093935,-0.8074028932863316,0.003399886414907627,0.4655283761895185
373040100,0.37069646607620815,0.4687005437923661,-0.25384910496457763,-0.8233758536383126,0.003417767547126971,0.4652827762452391
374040100,0.37166441903895747,0.4684263991479766,-0.25463523938703747,-0.7861344224598588,0.0034356918484981236,0.4649907072994785
375040100,0.37263217427945994,0.46817035255557327,-0.25544294753420965,-0.8077081471721504,0.0034536592035365743,0.4647166933520367
376040100,0.3735997257487414,0.4678173927532133,-0.2562268370143846,-0.7838894801749235,0.0034716697449752587,0.46434572300823806
377040100,0.3745670788522746,0.46753224208828603,-0.2570192058130848,-0.7923687987001746,0.003489723331210115,0.4640425187570759
378040100,0.3755342308402399,0.46723776188325017,-0.2577623544576314,-0.7431486445466071,0.0035078200340343813,0.4637299418492158
379040100,0.3765011936536612,0.46690931671572133,-0.25853877961786415,-0.7764251602327243,0.0035259597731283066,0.463383356942593
380040100,0.37746795825130347,0.4667243672665978,-0.2593098932500195,-0.7711136321553496,0.0035441427442606255,0.46318022452233715
381040100,0.37843452541232775,0.46648153228335626,-0.2600633095286319,-0.7534162786123446,0.0035623687494386047,0.46291916353391765
382040100,0.379400899112877,0.46621208933247404,-0.26088804579851543,-0.824736269883548,0.0035806377747711338,0.4626314515577029
383040100,0.38036706041067775,0.4659435876734264,-0.2616832955832456,-0.7952497847301491,0.0035989498671966658,0.46234463780622975
384040100,0.3813330162773341,0.46562544497372854,-0.2624646443405223,-0.7813487572766813,0.0036173046384568863,0.46200814033527166
385040100,0.38229876970883003,0.4653346866675256,-0.2632458686914383,-0.7812243509160156,0.0036357021908415277,0.46169898447668406
386040100,0.3832643201479399,0.4651404448534546,-0.2640015780509628,-0.7557093595245151,0.0036541425519658333,0.4614863023014888
387040100,0.3842296736637153,0.4647667711998056,-0.2647703398055303,-0.7687617545674897,0.0036726256819470393,0.46109414551785854
388040100,0.38519482628927826,0.46453551476761923,-0.2655869129718472,-0.8165731663169316,0.0036911516681072953,0.46084436309951193
389040100,0.3861597649060003,0.4642913698484441,-0.266312964391006,-0.7260514191587473,0.003709720405637995,0.4605816494428061
390040100,0.38712451269758813,0.46408221762354085,-0.26710970339487144,-0.796739003865435,0.003728331612222746,0.4603538860113181
391040100,0.38808905050026776,0.46378898060839396,-0.26789945140846394,-0.7897480135925039,0.0037469857058312073,0.46004199490256276
392040100,0.3890533795523408,0.4635639482988642,-0.26870621871304357,-0.8067673045795622,0.0037656822870317797,0.45979826601183243
393040100,0.3900174947341384,0.46331961782112324,-0.26947029851151255,-0.7640797984689954,0.003784421349649847,0.4595351964714734
394040100,0.39098140678332755,0.4629988990415654,-0.2702679718793371,-0.7976733678245206,0.003803202763748459,0.4591956962778169
395040100,0.39194510616856626,0.46275480486637,-0.27105544876353205,-0.7874768841949572,0.0038220267084625448,0.45893277815790745
396040100,0.39290859500681247,0.4624601806159385,-0.2718040311460623,-0.7485823825302326,0.0038408929677054005,0.4586192876482331
397040100,0.3938718831433105,0.46218187069226385,-0.27259037875264047,-0.7863476065782082,0.003859801552454911,0.45832206913980894
398040100,0.3948349598715234,0.4619148304938649,-0.27335081309317694,-0.7604343405364746,0.0038787526263206473,0.45803607786754424
399040100,0.3957978315917915,0.46165035052204334,-0.27411878883053864,-0.7679757373616839,0.0038977459490077138,0.4577526045730356
400040100,0.39676049570590516,0.461445600360284,-0.2748918062390853,-0.7730174085467011,0.003916781616776888,0.4575288187435071
401040100,0.3977229502775847,0.4611587704682869,-0.2756655155571005,-0.7737093180151701,0.003935859548580112,0.4572229109197068
402040100,0.3986851945433809,0.46088006993791925,-0.27646862099194264,-0.8031054348421159,0.0039549796760454115,0.45692509026187383
403040100,0.39964721990371854,0.4606123901449462,-0.2772300535637959,-0.7614325718532953,0.003974141953808186,0.456638248191138
404040100,0.4006090371444981,0.4603211316550851,-0.27799493401569886,-0.7648804519030054,0.003993346179761659,0.45632778547532343
405040100,0.40157064476188814,0.46005199797550905,-0.27876473009416597,-0.769796078467112,0.004012592538519044,0.45603940543699
406040100,0.4025320408406949,0.45983594897016045,-0.2795220947480898,-0.7573646539238831,0.004031880969964874,0.4558040680001956
407040100,0.4034932282410671,0.45954037925214625,-0.28028992392658997,-0.767829178500154,0.004051211405428745,0.4554891678467175
408040100,0.40445420351687306,0.45927868179448733,-0.2810838036813132,-0.7938797547232246,0.0040705838722381316,0.4552080979222492
409040100,0.40541495887553075,0.45896778386222015,-0.2818372721796612,-0.7534684983480234,0.00408999827070744,0.4548777855915127
410040100,0.40637550495152835,0.45863896533772774,-0.28260709361864467,-0.7698214389834476,0.004109454412390079,0.45452951092533767
411040100,0.40733583663949263,0.45837203572704693,-0.2833516332405694,-0.7445396219247484,0.0041289524818282075,0.4542430832452187
412040100,0.40829596043878275,0.45807889813971303,-0.28408649496931593,-0.7348617287465335,0.004148492344988597,0.45393040579472443
413040100,0.4092558785297359,0.45784681373883157,-0.28485170731915943,-0.7652123498435167,0.004168074103809261,0.4536787396350223
414040100,0.4102155818654335,0.4575697112976074,-0.28560316929415397,-0.7514619749945244,0.0041876977730943565,0.453382013524513
415040100,0.41117507375799095,0.4573081971547782,-0.28638463349100224,-0.7814641968481962,0.004207363137744835,0.4531008340170334
416040100,0.41213434519081316,0.4570206972485018,-0.2871429742843846,-0.7583407933823871,0.0042270702350677425,0.45279362701343406
417040100,0.41309340212719886,0.45669310147096503,-0.28790852591814803,-0.7655516337633894,0.0042468188489053205,0.4524462826220597
418040100,0.414052241968138,0.45632615166689167,-0.2886604494148902,-0.7519234967421982,0.00426660907085008,0.4520595425960416
419040100,0.41501086803127235,0.4560576125048233,-0.2893916093999497,-0.7311599850594644,0.004286440816343884,0.4517711716884794
420040100,0.41596928570007835,0.455767372782937,-0.2901022980468672,-0.7106886469175094,0.004306314123134314,0.4514610586598027
421040100,0.416927500318223,0.45551808833737195,-0.2908615944092012,-0.7592963623339776,0.004326229072596277,0.4511918592647757
422040100,0.41788549746325404,0.45513503562273155,-0.2916093993609477,-0.7478049517465506,0.004346185746303632,0.4507888498764279
423040100,0.41884327988663184,0.45482805669367804,-0.2923771226064936,-0.7677232455459362,0.004366183813779401,0.45046187287989864
424040100,0.41980084131190726,0.4545031536303538,-0.29307713491905346,-0.7000123125598215,0.004386223301526826,0.450116930328827
425040100,0.4207582007385448,0.45431740535611226,-0.2938145093774373,-0.7373744583838328,0.004406304047037679,0.4499111013090746
426040100,0.421715346877812,0.45401391965020677,-0.2945422111721864,-0.7277017947490946,0.004426426418490337,0.44958749323171643
427040100,0.4226722820173247,0.4536798369789326,-0.29533905780721453,-0.7968466350281352,0.0044465901489054716,0.44923324683002713
428040100,0.4236289855270345,0.4532529319816342,-0.29607636774805685,-0.7373099408422887,0.004466795256139022,0.44878613672549517
429040100,0.4245854741721583,0.4529740325445825,-0.29679764994224855,-0.7212821941917315,0.004487041272952297,0.4484869912716302
430040100,0.4255417521203117,0.4526575747464702,-0.29747160621661006,-0.6739562743615184,0.004507328522208809,0.4481502462242614
431040100,0.4264978327464706,0.45238094588392097,-0.2982189462815007,-0.7473400648906555,0.0045276570619030565,0.4478532888220179
432040100,0.4274536940574448,0.45209112270751345,-0.29894681294796654,-0.7278666664658652,0.0045480271472087,0.44754309556030475
433040100,0.4284093412547372,0.45176253425654816,-0.29969397931151254,-0.7471663635459753,0.0045684382797901435,0.447194095976758
434040100,0.4293647681344255,0.45144913655925717,-0.3004339075258735,-0.7399282143609637,0.004588890539768187,0.446860246019489
435040100,0.43031997630518004,0.4510958452481653,-0.30115373445783533,-0.7198269319618965,0.004609383763344965,0.44648646148482035
436040100,0.4312749712067102,0.4507474361679806,-0.30188046850299327,-0.7267340451579373,0.0046299179536895,0.4461175182142911
437040100,0.432229750290611,0.4503951529676744,-0.30258648760686396,-0.7060191038707583,0.004650493196908911,0.4457446597707655
438040100,0.4331843192256771,0.45003448831545206,-0.30329418933110397,-0.7077017242400666,0.0046711094074858295,0.44536337890796623
439040100,0.4341386770335516,0.4496498434967469,-0.3039991877127828,-0.7049983816788334,0.004691766677439091,0.4449580768193078
440040100,0.4350928240454701,0.4493609107264608,-0.30469921219497104,-0.7000244821882241,0.004712464955559881,0.4446484457709009
441040100,0.43604676127941266,0.4490089612975644,-0.3053864154036404,-0.6872032086694048,0.004733204218950959,0.44427575707861344
442040100,0.43700049212286207,0.44871591514387144,-0.30612083479981683,-0.7344193961764143,0.004753984459764382,0.44396193068410705
443040100,0.4379540018973144,0.44841632275035265,-0.30682297991863755,-0.7021451188206982,0.004774805722131958,0.4436415170282207
444040100,0.438907299836819,0.4480836948018482,-0.3075539284294508,-0.7309485108132077,0.004795667655152158,0.443288027146696
445040100,0.43986037675218737,0.4477927262310654,-0.3082809425763717,-0.7270141469209069,0.0048165704300195955,0.4429761558010458
446040100,0.44081323332798045,0.4475327652860477,-0.3089907114634294,-0.7097688870577028,0.004837513814411665,0.442695251471636
447040100,0.441765874304945,0.4472799746169263,-0.30972066591067526,-0.7299544472458944,0.004858497791946803,0.4424214768249795
448040100,0.4427182930509519,0.4469854330863279,-0.31046554198438703,-0.7448760737117655,0.004879522435988548,0.44210591065033933
449040100,0.4436704845000405,0.44670394006284786,-0.3112134352321673,-0.747893247780317,0.00490058756901135,0.4418033524938365
450040100,0.4446224471999999,0.44634948760817295,-0.31193980159139134,-0.7263663592240144,0.004921693046973985,0.44142779456119896
451040100,0.44557418722529407,0.4459697160930859,-0.31267206683470183,-0.7322652433104215,0.004942838805238381,0.4410268772878475
452040100,0.4465257022592839,0.4456931870107169,-0.31336708102583805,-0.6950141911362142,0.004964024946627177,0.44072916206408974
453040100,0.44747700327555445,0.4454731340428192,-0.3140486135798931,-0.6815325540549908,0.004985251387740419,0.44048788265507877
454040100,0.44842809397930744,0.4451187200387047,-0.31478115168939796,-0.7325381095048467,0.005006518342160149,0.4401122016965445
455040100,0.4493789581382633,0.44478201813578117,-0.31554142495964055,-0.760273270242587,0.005027825862569557,0.4397541922732116
456040100,0.4503295866354564,0.4444893489775666,-0.31623374598573084,-0.6923210260903103,0.005049173554276365,0.4394401754232902
457040100,0.45128000005602237,0.4442923731490444,-0.3169341868775786,-0.7004408918478514,0.0050705611797496886,0.4392218119692947
458040100,0.4522301954138554,0.4439836435871454,-0.3176559960613303,-0.7218091837516841,0.00509198917010778,0.43889165441703765
459040100,0.453180165568803,0.44368808265475446,-0.31842519491984805,-0.7691988585177357,0.005113457427274426,0.43857462522748003
460040100,0.45412989519064145,0.44336714461450816,-0.319137836382635,-0.7126414627869294,0.0051349657584580655,0.4382321788560501
461040100,0.4550794014637384,0.4429659151347843,-0.31985640798464027,-0.7185716020052879,0.005156513783507677,0.4378094013512766
462040100,0.4560286820412811,0.44268824481744284,-0.3205615862136543,-0.7051782290140457,0.00517810185938572,0.4375101429580571
463040100,0.45697774065344465,0.4424295339795978,-0.32122575306240414,-0.6641668487498383,0.005199729900883909,0.43722980407871387
464040100,0.4579265897775996,0.44204018674946083,-0.32195108091281743,-0.7253278504133038,0.005221397961236107,0.4368187887882247
465040100,0.4588752096445246,0.44168355386378444,-0.32268530773575554,-0.7342268229380912,0.005243106294724242,0.4364404475690602
466040100,0.4598235969331954,0.44129590883617553,-0.3233533741148525,-0.6680663790969309,0.005264854417958986,0.43603105441821655
467040100,0.46077177215676596,0.44096986827275086,-0.32403702100928855,-0.6836468944360845,0.005286642222063875,0.435683226050687
468040100,0.4617197299313938,0.4407126106132304,-0.32470432312665987,-0.6673021173713252,0.005308470146793809,0.4354041404664366
469040100,0.4626674750286066,0.4403885745074075,-0.32540171167883447,-0.6973885521746135,0.00533033803778693,0.43505823646962055
470040100,0.46361499740849416,0.4400656372027405,-0.32613291344872863,-0.7312017698941018,0.005352245974656,0.4347133912280845
471040100,0.46456228577761716,0.4396831974717251,-0.3268300140844481,-0.6971006357195012,0.005374193694500207,0.43430900377722487
472040100,0.465509350577965,0.4393143201807601,-0.327526954459209,-0.6969403747608867,0.0053961809033822306,0.4339181392773779
473040100,0.4664561914008685,0.43906108145498557,-0.32819331502239696,-0.6663605631879602,0.005418207811285214,0.43364287364370036
474040100,0.4674028176437569,0.4386984405650219,-0.32886565514770194,-0.6723401253049761,0.005440274377036758,0.4332581661879851
475040100,0.4683492269550933,0.4384329213341374,-0.3295952441160948,-0.7295889683928554,0.005462380788628707,0.4329705405455087
476040100,0.46929540037944667,0.4381039038299116,-0.33026934258486973,-0.6740984687749701,0.00548452696063606,0.43261937686927554
477040100,0.4702413554100737,0.4377631982368645,-0.3309914066721708,-0.722064087301091,0.005506712417474802,0.4322564858193897
478040100,0.4711870760303079,0.43735091384659663,-0.3316809995744634,-0.6895929022925955,0.005528937537203404,0.43182197630939323
479040100,0.4721325723212562,0.43699958035238734,-0.33236400273947486,-0.6830031650114667,0.005551201911515591,0.43144837844087175
480040100,0.47307784598340946,0.436710177896728,-0.333010327781055,-0.6463250415801396,0.0055735057453247805,0.4311366721514032
481040100,0.4740229085661312,0.43637186399909567,-0.3336863612662599,-0.6760334852048834,0.005595849047171697,0.43077601495192397
482040100,0.4749677499446965,0.4360896197132883,-0.33439271704520585,-0.7063557789459854,0.0056182320594260204,0.4304713876538623
483040100,0.47591235973608403,0.43576796272571705,-0.33507387585414183,-0.6811588089360094,0.005640654511772425,0.4301273082139446
484040100,0.47685674575503634,0.43536607325593774,-0.335782440415468,-0.7085645613261471,0.005663116125845136,0.4297029571300926
485040100,0.47780089853331925,0.4351240291167913,-0.33647059080784575,-0.6881503923777632,0.005685617055334546,0.4294384120614568
486040100,0.4787448243369987,0.4348276659506827,-0.3371177565206126,-0.6471657127668434,0.005708157042402462,0.4291195089082802
487040100,0.47968853627630986,0.43449415186623286,-0.33784429620165424,-0.7265396810416133,0.005730736204171194,0.42876341566206166
488040100,0.4806320076501553,0.4341084883284698,-0.33854301889720856,-0.6987226955543326,0.005753354823166745,0.4283551335053031
489040100,0.48157524719926625,0.4337030432243777,-0.339222434139572,-0.679415242363449,0.00577601222737556,0.42792703099700213
490040100,0.4825182608879474,0.43337741129630586,-0.33987493862078827,-0.6525044812162628,0.00579870859341014,0.4275787027028957
491040100,0.48346105725245886,0.4330302652066426,-0.34051667655498685,-0.6417379341985809,0.005821444032523715,0.4272088211741189
492040100,0.4844036394871966,0.43264720323637773,-0.3411976048059217,-0.6809282509348596,0.00584421871930374,0.426802984517074
493040100,0.4853459940909999,0.4322931478723782,-0.34186701651067475,-0.6694117047530445,0.005867032700528796,0.4264261151718494
494040100,0.48628812448787945,0.43195317624127166,-0.34251763887600145,-0.6506223653267267,0.005889885618319823,0.42606329062295184
495040100,0.4872300365664007,0.4316296194745724,-0.34318199125961424,-0.6643523836128445,0.005912777523899848,0.42571684195067255
496040100,0.48817172530798364,0.4313778135138423,-0.3438526402887057,-0.6706490290914561,0.005935708529207773,0.42544210498463453
497040100,0.48911318817431504,0.4310411928118478,-0.3445307842245928,-0.6781439358871358,0.0059586784809866344,0.42508251433086114
498040100,0.4900544222105367,0.4306529010527852,-0.345244234538404,-0.7134503138112303,0.005981687285721904,0.4246712137670633
499040100,0.4909954150357668,0.43031381197430896,-0.34591453879609135,-0.6703042576873531,0.0060047348392160416,0.4243090771350929
500040100,0.4919361808008855,0.4300264064789118,-0.3465581654722401,-0.6436266761487817,0.00602782080524733,0.4239985856736645
501040100,0.49287672814491124,0.4296246859648787,-0.34722564993232446,-0.6674844600843588,0.0060509454980604005,0.4235737404668183
502040100,0.4938170485599114,0.4292402110472088,-0.3479183357601811,-0.6926858278566025,0.006074109098705094,0.4231661019485037
503040100,0.49475713303504354,0.4289504269230054,-0.34855299485657454,-0.6346590963934287,0.006097311366357161,0.42285311555664823
504040100,0.49569700093916846,0.42862728351426627,-0.34919544206327524,-0.6424472067007156,0.006120552046159133,0.42250673146810713
505040100,0.4966366492291043,0.4283519156680182,-0.34988458941102624,-0.6891473477510138,0.006143831585166737,0.4222080840828515
506040100,0.49757606150973344,0.42799781297611456,-0.35055634484101106,-0.6717554299848354,0.006167149877377653,0.4218306630987369
507040100,0.49851524330778735,0.42769049609316584,-0.3512513713033628,-0.6950264623518017,0.006190506483953584,0.42149998960921226
508040100,0.49945418619277454,0.42733848306239053,-0.3519062562671073,-0.6548849637445225,0.006213901509553921,0.4211245815528366
509040100,0.5003929035481715,0.42699760898169936,-0.352583853502,-0.6775972348926974,0.0062373347112441024,0.42076027427045526
510040100,0.5013313871285393,0.4266119840947171,-0.35323833268246957,-0.6544791804695465,0.006260806390450568,0.42035117770426655
511040100,0.5022696445006489,0.42621745876014017,-0.35389763340770325,-0.6593007252336811,0.006284316308793336,0.41993314245134683
512040100,0.5032076735916775,0.4259048167565943,-0.3545337213406126,-0.6360879329093443,0.006307864623572357,0.41959695213302195
513040100,0.504145482052531,0.4255783530010084,-0.35516450370420777,-0.6307823635951473,0.006331451250911613,0.41924690175009677
514040100,0.5050830713487608,0.4251449118693124,-0.3558355361197766,-0.6710324155688074,0.006355076351734823,0.4187898355175776
515040100,0.5060204270860138,0.4248009902087095,-0.3564989382448706,-0.6634021250939789,0.006378739932156208,0.4184222502765533
516040100,0.506957551505177,0.42439624506676843,-0.35710791823268623,-0.6089799878156369,0.0064024415971672965,0.41799380346960113
517040100,0.50789446321934,0.42406978451164673,-0.3577609036671023,-0.6529854344160747,0.0064261813708768045,0.4176436031407699
518040100,0.5088311464722198,0.42373923919627293,-0.35838260133666877,-0.6216976695665022,0.006449959693721752,0.4172892795025512
519040100,0.5097676118393807,0.42340219964175557,-0.3590427215473213,-0.6601202106525267,0.00647377613494271,0.41692842350681286
520040100,0.5107038454587206,0.42303867591032285,-0.3597000715951466,-0.6573500478252822,0.006497630932202014,0.41654104497812083
521040100,0.5116398478973505,0.42264562540157913,-0.36035343355667737,-0.6533619615307752,0.006521523700943277,0.41612410170063585
522040100,0.512575620157042,0.4222775062822703,-0.36099275961100913,-0.6393260543317656,0.006545454423250163,0.4157320518590201
523040100,0.5135111667959499,0.42190408483548825,-0.36161646933744046,-0.6237097264313549,0.006569423092479099,0.41533466174300915
524040100,0.514446492956643,0.42150623244309576,-0.36225184160955115,-0.6353722721106944,0.006593429793515071,0.4149128026495807
525040100,0.5153815941423475,0.4211802325682854,-0.36288374884572616,-0.6319072361749398,0.006617474627145015,0.4145627579411404
526040100,0.5163164712055601,0.4207981889001976,-0.3635025777483468,-0.6188289026206878,0.00664155744664896,0.41415663145354864
527040100,0.5172511284230611,0.42050095041119756,-0.36415661375143293,-0.6540360030861219,0.006665678242615769,0.4138352721685818
528040100,0.5181855528980952,0.42013877735836735,-0.3647817965407208,-0.6251827892878563,0.00668983709438109,0.41344894026398626
529040100,0.519119754524592,0.4197492414406388,-0.36544872009697177,-0.6669235562509522,0.006714033636999517,0.4130352078036393
530040100,0.5200537180213972,0.41938840814993866,-0.3660823847866902,-0.6336646897184195,0.006738268094863997,0.41265014005507467
531040100,0.5209874548789619,0.41905909144837267,-0.36670152154558516,-0.6191367588950313,0.006762540039392917,0.41229655140897975
532040100,0.5219209699312786,0.4187729888318341,-0.36733422066419175,-0.6326991186065639,0.006786849736766243,0.41198613909506787
533040100,0.5228542579499549,0.4183815081495428,-0.36798195194814526,-0.647731283953552,0.006811197281560766,0.411570310867982
534040100,0.5237873131539243,0.4179725137134977,-0.36865065045057926,-0.6686985024340089,0.006835582506113269,0.4111369312073844
535040100,0.5247201275962379,0.4176298683244061,-0.3692658093484442,-0.6151588978649403,0.00686000522731689,0.4107698630970892
536040100,0.5256527201852107,0.4173429466450621,-0.3698713257867922,-0.6055164383480088,0.006884465204144874,0.41045848144091723
537040100,0.5265850940536795,0.41703272536653807,-0.37050926391007294,-0.6379381232807191,0.0069089629001624075,0.41012376246637566
538040100,0.5275172371207052,0.4166434273007689,-0.37117442218988206,-0.6651582798090498,0.006933498366979762,0.40970992893378916
539040100,0.5284491391342571,0.4162850224201925,-0.3718272422712105,-0.652820081328421,0.006958071255375842,0.40932695116481665
540040100,0.529380804164794,0.41594039954424294,-0.37243967750621865,-0.6124352350081713,0.006982681262233115,0.40895771828200983
541040100,0.5303122465116229,0.41557489299990164,-0.37306677474481775,-0.6270972385990703,0.007007328461757112,0.4085675645381445
542040100,0.5312434604815772,0.41527224121394607,-0.37370000584924595,-0.6332311044281972,0.007032013200245046,0.408240228013701
543040100,0.532174443469229,0.4148667133786759,-0.37432199596743065,-0.6219901181846911,0.007056735295435601,0.4078099780832403
544040100,0.5331051992115018,0.41455713587492565,-0.37497474003869463,-0.6527440712639608,0.007081494646204334,0.4074756412287213
545040100,0.5340357160851471,0.41421204123429134,-0.37557516688314013,-0.6004268444455031,0.007106291320067015,0.4071057499142243
546040100,0.5349660128853283,0.4138532064473692,-0.37622288148344335,-0.647714600303242,0.007131124974950609,0.4067220814724186
547040100,0.5358960719036999,0.41350163719138955,-0.37685207916820307,-0.6291976847597278,0.00715599608055939,0.40634564111083016
548040100,0.5368258995643672,0.41309321375390734,-0.37747362064267126,-0.6215414744681724,0.007180904131647736,0.4059123096222596
549040100,0.5377554983211216,0.41270243683040525,-0.3780980234552567,-0.6244028125854717,0.007205849267666764,0.4054965875627385
550040100,0.538684866758577,0.4122911486344818,-0.3786931138974786,-0.5950904422218631,0.007230831522477388,0.4050603171120044
551040100,0.5396140153517652,0.4118910211219254,-0.3792961775189381,-0.603063621459499,0.0072558508261479915,0.4046351702957774
552040100,0.5405429408194707,0.41145978012468826,-0.37988809436475773,-0.5919168458196389,0.007280907429425554,0.4041788726952627
553040100,0.5414716469573232,0.4110861511047916,-0.38048472253422577,-0.5966281694680114,0.007306001213088109,0.40378014989170347
554040100,0.5424001316902992,0.4107517879832647,-0.3810648627015991,-0.5801401673733598,0.007331132248967975,0.40342065573429675
555040100,0.5433284008200557,0.41032354935175136,-0.3816729927114225,-0.6081300098233732,0.007356300450350517,0.40296724890140084
556040100,0.5442564436090583,0.4099999812677997,-0.38230001802503366,-0.6270253136111335,0.007381505944191957,0.4026184753236077
557040100,0.5451842526652662,0.40963778686187075,-0.3828791800491714,-0.5791620241377152,0.0074067484083002455,0.4022310384535705
558040100,0.5461118455063402,0.40923385640687077,-0.3835099612408604,-0.6307811916890171,0.007432027609713288,0.4018018287971575
559040100,0.5470392025076305,0.4088702728323415,-0.38412063595569373,-0.6106747148333241,0.00745734399454534,0.40141292883779617
560040100,0.5479663308351247,0.40853671248980544,-0.3847095655606024,-0.5889296049086351,0.0074826969958650125,0.40105401549394043
561040100,0.5488932383040149,0.4081886845680459,-0.38531787242435084,-0.6083068637484877,0.0075080867773991145,0.4006805977906468
562040100,0.5498199173099737,0.4077632513439418,-0.38594045461374055,-0.6225821893897289,0.007533513522044899,0.4002297378218969
563040100,0.5507463621365204,0.4073880766493715,-0.3865550376226299,-0.6145830088893445,0.0075589769900972215,0.39982909965927427
564040100,0.5516725754402769,0.4069869163843392,-0.38712999782525936,-0.5749602026294783,0.007584476992445133,0.39940243939189407
565040100,0.5525985718310197,0.40653587238702044,-0.3877292676761141,-0.5992698508547352,0.007610013569987473,0.39892585881703296
566040100,0.5535243418117398,0.4061742390819125,-0.3883146730604555,-0.5854053843413908,0.007635587094497964,0.39853865198741456
567040100,0.5544498902995502,0.4059173737239808,-0.3888741648701259,-0.5594918096704155,0.0076611972730447064,0.3982561764509361
568040100,0.5553752268026275,0.4056016711575397,-0.3894775692119163,-0.6034043417904089,0.00768684421067789,0.3979148269468618
569040100,0.5563003343583895,0.40518840508022386,-0.39013277412316044,-0.6552049112441466,0.00771252814091028,0.3974758769393136
570040100,0.557225192930911,0.4047412270149668,-0.390757859160857,-0.6250850376965192,0.007738248562453975,0.3970029784525128
571040100,0.5581498135959116,0.4043720835387566,-0.39133326622446274,-0.5754070636057701,0.007764004885217446,0.39660807865353914
572040100,0.5590742149414878,0.40395835718141754,-0.391890753474712,-0.5574872502492284,0.0077897973840102,0.39616855979740734
573040100,0.5599984035059558,0.4035731226768587,-0.39248645005952,-0.5956965848080166,0.007815626545767174,0.3957574961310915
574040100,0.5609223643881867,0.4031822143709303,-0.3930589577612433,-0.5725077017232886,0.007841492523354532,0.3953407218475758
575040100,0.5618461061422679,0.4028020770653823,-0.3936448707804771,-0.5859130192339036,0.007867394869322197,0.3949346821960601
576040100,0.5627696233238081,0.40248398487356735,-0.3942270950935323,-0.5822243130552028,0.007893333792640789,0.39459065108092656
577040100,0.5636929170325881,0.40210011576029464,-0.39481387446564453,-0.5867793721121703,0.00791930910981975,0.3941808066504749
578040100,0.564615985203593,0.4017133791391286,-0.3954309700626751,-0.6170955970305422,0.007945320820891055,0.3937680583182375
579040100,0.5655388158414355,0.4013856895475271,-0.3960143392403819,-0.5833691777068016,0.007971368836713566,0.39341432071081356
580040100,0.5664614216049915,0.4010665500359798,-0.39659543094249244,-0.5810917021105438,0.007997452786860038,0.39306909724911976
581040100,0.5673838030600262,0.4006743233071062,-0.3972053206451398,-0.6098897026473712,0.008023572997259976,0.3926507503098462
582040100,0.5683059487551662,0.40036320040121515,-0.3978187767382436,-0.6134560931038064,0.008049729452977772,0.3923134709482374
583040100,0.5692278569657612,0.3999804979097938,-0.3983948343336562,-0.5760575954125469,0.008075921797583874,0.3919045761122099
584040100,0.5701495418538658,0.39958439053698347,-0.39901075126561486,-0.6159169319586987,0.008102149949490212,0.39148224058749326
585040100,0.571070987628727,0.3992481862214858,-0.39959004263987163,-0.5792913742567579,0.0081284142798701,0.3911197719416157
586040100,0.5719922081902419,0.3989066770319428,-0.4001617687407907,-0.5717261009191241,0.008154714306915167,0.39075196272502766
587040100,0.5729132061764785,0.39850101058699705,-0.4007627035133485,-0.6009347725577624,0.008181050395396738,0.3903199601916003
588040100,0.5738339698918741,0.3981943499946278,-0.4013602321276093,-0.5975286142608294,0.008207422589926239,0.3899869274047016
589040100,0.5747545003346122,0.3978508194799292,-0.40192479998386577,-0.5645678562565046,0.008233830524172703,0.38961698895575647
590040100,0.5756748100704607,0.39747770284148837,-0.4025381867594988,-0.6133867756330665,0.008260274194615391,0.389217428646873
591040100,0.5765948796821282,0.39709167352878516,-0.40313238075749885,-0.5941939979999566,0.008286753931010082,0.3888049195977751
592040100,0.5775147163529701,0.3967307761841366,-0.40371096446790206,-0.5785837104032076,0.008313269142988133,0.38841750704114847
593040100,0.5784343258905817,0.3963951742532541,-0.404282249014333,-0.5712845464309653,0.008339820005048182,0.3880553542482059
594040100,0.5793537108583315,0.39599263484328334,-0.4048653068233369,-0.5830578090038733,0.008366406653220082,0.38762622819006326
595040100,0.5802728663187984,0.3955590480334627,-0.40546027006900975,-0.5949632456728675,0.00839302913058404,0.38716601890287866
596040100,0.5811917872635732,0.39514926610722134,-0.4060208883367678,-0.5606182677580401,0.008419687262986031,0.3867295788442353
597040100,0.5821104869327017,0.39475968994015725,-0.40656504458719744,-0.5441562504296374,0.00844638087331262,0.38631330906684463
598040100,0.5830289715475829,0.3944162686457277,-0.40712021258938136,-0.5551680021838432,0.008473110314884735,0.385943158330843
599040100,0.583947236476018,0.39402325871288346,-0.4076846329443138,-0.5644203549324437,0.008499875738785079,0.3855233829740984
600040100,0.5848652777666093,0.39364295540133004,-0.4082713723709627,-0.5867394266489402,0.008526676980206815,0.3851162784211232
601040100,0.5857830862659318,0.393287571489611,-0.4088324599472951,-0.561087576332362,0.008553513893424736,0.3847340575961863
602040100,0.586700671855912,0.39284924192375925,-0.40939906871792525,-0.5666087706301403,0.008580386179556143,0.3842688557442031
603040100,0.5876180320499341,0.3924536046631403,-0.4099773549896201,-0.5782862716948958,0.008607294096695028,0.38384631056644525
604040100,0.588535161899028,0.39193903565991495,-0.41051322014377895,-0.5358651541588011,0.00863423754120518,0.38330479811870977
605040100,0.5894520780267345,0.3915863407817416,-0.41106956852545823,-0.5563483816793064,0.008661216336498967,0.3829251244452426
606040100,0.5903687719850588,0.3911446939316261,-0.41156535026484553,-0.4957817393872743,0.00868823094117488,0.3824564629904512
607040100,0.5912852677212929,0.390688446280969,-0.41214129174310205,-0.5759414782565002,0.00871528107648345,0.38197316520448554
608040100,0.5922015329033405,0.3903017187733806,-0.4126718020761003,-0.5305103329982521,0.00874236742031087,0.38155935135306973
609040100,0.5931175854487506,0.38989877365880915,-0.4131940272365794,-0.5222251604790538,0.008769488987752538,0.3811292846710566
610040100,0.5940334284265394,0.3893921439003253,-0.4137501671586356,-0.5561399220562264,0.008796646278856457,0.3805954976214688
611040100,0.5949490479521758,0.38904741624308975,-0.4142973202105578,-0.5471530519222204,0.008823839355731167,0.3802235768873586
612040100,0.5958644473601391,0.3887060601179883,-0.4147915454019678,-0.4942251914098996,0.008851067776500798,0.3798549923414875
613040100,0.5967796477075455,0.3883229628028624,-0.4153659600598984,-0.5744146579305957,0.00887833160999918,0.3794446311928632
614040100,0.5976946164153532,0.38790736407515747,-0.41594130553761444,-0.5753454777160657,0.008905631454737772,0.3790017326204197
615040100,0.5986093528055675,0.3875425343363407,-0.4164949416203784,-0.5536360827639906,0.008932966309473045,0.3786095680268677
616040100,0.5995238653583049,0.38712341938834693,-0.4170314236246897,-0.5364820043112759,0.008960336122243007,0.3781630832661039
617040100,0.6004381607416167,0.38671727524126903,-0.4175924882453245,-0.5610646206348441,0.008987741115614512,0.3777295341256545
618040100,0.6013522287228825,0.3862914469481785,-0.41812549963118734,-0.533011385862816,0.009015181459286481,0.37727626548889204
619040100,0.6022660804056834,0.38581588923884547,-0.41866411157337635,-0.5386119421890291,0.009042656815807959,0.3767732324230375
620040100,0.6031797132535556,0.38535442309230433,-0.4191919573288351,-0.5278457554587455,0.009070167488637537,0.3762842556036668
621040100,0.6040931313835848,0.38495138831375053,-0.41969391458125416,-0.5019572524191007,0.009097713371730265,0.37585367494202027
622040100,0.6050063450906513,0.38446279781493004,-0.4202019219858784,-0.5080074046242172,0.009125294559641617,0.3753375032552884
623040100,0.6059193516765493,0.3840434556665434,-0.42073826619015403,-0.5363442042756412,0.009152911334645353,0.37489054433189806
624040100,0.6068321393322992,0.38361599650823663,-0.4212307823262025,-0.49251613604845346,0.009180563587097623,0.374435432921139
625040100,0.6077447257167943,0.38316174908302547,-0.42175701090994194,-0.5262285837394436,0.009208250930296202,0.37395349815272927
626040100,0.6086570968085182,0.38279168306034167,-0.4222782531503452,-0.5212422404032035,0.00923597387124886,0.3735557091890928
627040100,0.6095692543984329,0.38232348721360326,-0.4227851195176868,-0.5068663673416434,0.009263731955627463,0.3730597552579758
628040100,0.6104812041372538,0.38188138289966944,-0.42333326336636506,-0.5481438486782256,0.009291525208713125,0.3725898576909563
629040100,0.6113929288346038,0.38142899358044324,-0.4238313327404628,-0.4980693740977463,0.009319353773989292,0.37210963980645395
630040100,0.6123044488111056,0.3810132953333977,-0.4243414903591092,-0.5101576186463659,0.009347217097410265,0.3716660782359874
631040100,0.6132157588637208,0.38068351955449553,-0.42484552759075167,-0.5040372316424799,0.009375115770737352,0.3713084037837582
632040100,0.6141268612779897,0.38025854641590756,-0.4253670054896906,-0.5214778989389919,0.00940304960651872,0.37085549680938884
633040100,0.6150377486256013,0.379813125672128,-0.4259307116222448,-0.5637061325541985,0.009431018646395728,0.37038210702573227
634040100,0.6159484032122853,0.379378890679451,-0.4264458955885513,-0.5151839663065353,0.009459022633588887,0.36991986804586213
635040100,0.6168588448203326,0.37900107937075006,-0.42694989142914197,-0.5039958405907148,0.009487060993652818,0.36951401837709724
636040100,0.6177690778411188,0.3785615899427028,-0.42745853841214304,-0.5086469830011439,0.009515134305349449,0.36904645563735333
637040100,0.618679100115269,0.37817056140016797,-0.427994567992075,-0.5360295799320064,0.009543242675437824,0.36862731872473015
638040100,0.6195889000426146,0.3776768474568957,-0.42849880578754174,-0.5042377954667024,0.009571386008740745,0.368105461448155
639040100,0.6204984905718752,0.37724684327376834,-0.4290264182004057,-0.5276124128639886,0.009599563917085163,0.3676472793566832
640040100,0.6214078617485252,0.37683633557233853,-0.429501626841677,-0.4752086412712898,0.009627776772187957,0.3672085588001506
641040100,0.6223170351425275,0.3764166512630474,-0.43000775645556505,-0.5061296138880709,0.009656024236171845,0.36676062702687556
642040100,0.6232259976587351,0.3759357022316702,-0.43052273949553055,-0.5149830399654856,0.009684306950742183,0.36625139528092804
643040100,0.6241347453693965,0.37549911297805055,-0.4310322206722244,-0.5094811766938795,0.00971262448080168,0.3657864884972489
644040100,0.6250432803322458,0.3751199515341015,-0.4315100335470078,-0.4778128747833955,0.009740976675097102,0.3653789748590044
645040100,0.6259516155569512,0.37462377863415286,-0.4320090790956562,-0.4990455486483617,0.009769363568825185,0.3648544150653277
646040100,0.6268597419463012,0.37416537602302985,-0.4325360061027482,-0.5269270070919807,0.009797785540495596,0.36436759048253425
647040100,0.6277676475872839,0.37370223206157804,-0.43300336065312595,-0.4673545503777925,0.009826242277757302,0.36387598978382074
648040100,0.6286753572259635,0.37324095518178224,-0.43348860924642413,-0.48524859329818704,0.009854733378180214,0.363386221803602
649040100,0.629582863148022,0.37285725146976206,-0.43397048671285354,-0.48187746642943674,0.009883259590083071,0.362973991879679
650040100,0.6304901665572576,0.3724541990728793,-0.4344523005581876,-0.48181384533406857,0.009911820643953462,0.36254237842892584
651040100,0.6313972672697681,0.37200284005370066,-0.43497205903689395,-0.5197584787063328,0.00994041655016531,0.36206242350353535
652040100,0.6323041490863259,0.3716366784742266,-0.4354812624503921,-0.5092034134981221,0.009969047275482978,0.3616676311987436
653040100,0.6332108162146091,0.37121863213835715,-0.4359653351637004,-0.4840727133082794,0.009997712280064519,0.36122091985829263
654040100,0.6341172790321494,0.370788968297807,-0.436491199804061,-0.5258646403605259,0.010026411667553248,0.36076255663025375
655040100,0.6350235196592809,0.3703884018131763,-0.4369902113833235,-0.49901157926251916,0.01005514573807531,0.36033325607510097
656040100,0.6359295492103272,0.36990495799598627,-0.43748248007290685,-0.4922686895833549,0.010083913895996943,0.35982104409998933
657040100,0.6368353703163913,0.3695148440718606,-0.43798842172746505,-0.5059416545581846,0.010112716464828253,0.35940212760703233
658040100,0.6377409769590925,0.3690904291769286,-0.4384518830175167,-0.46346129005165604,0.010141553499835254,0.3589488756770933
659040100,0.6386463869419748,0.3686736626089244,-0.4389611541190944,-0.509271101577705,0.010170424780824305,0.3585032378281001
660040100,0.6395515806023697,0.3681672382505953,-0.4394523510399261,-0.4911969208316822,0.010199330847594723,0.35796790740300055
661040100,0.6404565653952068,0.36769929461984807,-0.43994646338606147,-0.49411234613537225,0.010228271044489645,0.3574710235753584
662040100,0.6413613398604868,0.3673258078274768,-0.44039465904286157,-0.4481956568001755,0.010257245581119179,0.35706856224635763
663040100,0.6422659233523894,0.3669980264538972,-0.44086108405725066,-0.46642501438908957,0.010286254382421589,0.3567117720714756
664040100,0.6431703079105509,0.3665978637932174,-0.4413739153673039,-0.5128313100532762,0.010315298041835064,0.35628256575138234
665040100,0.6440744735152542,0.36612852426522663,-0.4419088683076315,-0.5349529403275676,0.010344376277458878,0.35578414798776775
666040100,0.6449784104682653,0.3657194359218336,-0.4424067548345112,-0.4978865268797249,0.010373488417396715,0.3553459475044369
667040100,0.6458821343802366,0.36529665807454287,-0.4428690390722426,-0.46228423773135374,0.010402634119170528,0.35489402395537234
668040100,0.6467856602844881,0.3649049770947664,-0.44336055565326454,-0.4915165810219001,0.010431813856296657,0.3544731632384697
669040100,0.6476889754482983,0.3645850030308971,-0.4438443065494926,-0.4837508962280669,0.010461028086456992,0.3541239749444401
670040100,0.648592082988161,0.36405046996140267,-0.44434274684254077,-0.4984402930482076,0.010490276370390461,0.3535601935910122
671040100,0.649494976378382,0.3635883054250767,-0.4448763251219604,-0.5335782794196288,0.010519558780796245,0.35306874664428045
672040100,0.650397640273701,0.36323132712637674,-0.4453014792043715,-0.42515408241111374,0.010548875077653008,0.3526824520487237
673040100,0.6513001211239807,0.36278343237508115,-0.445761817648475,-0.46033844410348057,0.010578224732803676,0.3522052076422775
674040100,0.6522024035970762,0.3623644705260303,-0.4462739598763368,-0.5121422278618315,0.010607609228742376,0.35175686129728795
675040100,0.653104465144096,0.3618543534299185,-0.4467396718990123,-0.4657120226755347,0.010637028040584084,0.3512173253893344
676040100,0.6540063255885354,0.3614970205627997,-0.44721893645353694,-0.4792645545246258,0.010666480404886158,0.35083054015791354
677040100,0.6549079788739514,0.36102218745531167,-0.4476515274693801,-0.4325910158431191,0.010695966940463819,0.35032622051484785
678040100,0.6558094449968465,0.3605913687280815,-0.44815971987527653,-0.5081924058964368,0.010725487421829882,0.3498658813062516
679040100,0.6567106910324341,0.3602211613194746,-0.44860813648091646,-0.4484166056399188,0.010755042477143206,0.3494661188423314
680040100,0.6576117426750395,0.3598418746559748,-0.4490776222421466,-0.4694857612301324,0.010784630999552292,0.3490572436564225
681040100,0.6585125905968279,0.3594703552001626,-0.44957659733727845,-0.4989750951318611,0.01081425380473533,0.34865610139542724
682040100,0.659413221784029,0.3590225809262921,-0.4500701978446394,-0.49360050736103733,0.010843910559270142,0.34817867036702194
683040100,0.66031363835052,0.358613956183012,-0.4505668626287477,-0.4966647841082745,0.010873600806451833,0.3477403553765602
684040100,0.661213838742508,0.3582154392203874,-0.4510244283284613,-0.4575656997135883,0.010903324586969632,0.34731211463341777
685040100,0.662113839781435,0.3577812803259386,-0.45150067532975446,-0.4762470012931491,0.010933081820567736,0.34684819850537085
686040100,0.6630136331280712,0.3573427299514304,-0.4519811029464427,-0.4804276166882838,0.010962873035381904,0.3463798569160485
687040100,0.6639132167524635,0.35693436898561787,-0.4524427647063924,-0.4616617599496242,0.010992697928035255,0.3459416710575826
688040100,0.6648125986508903,0.35645117597492254,-0.4529012771368584,-0.4585124304660223,0.01102255640320493,0.3454286195717176
689040100,0.6657117800097407,0.3559755081645357,-0.45337399104153214,-0.47271390467371954,0.011052448698677608,0.3449230594658581
690040100,0.6666107544198053,0.3554465398891922,-0.4538082458430006,-0.4342548014684878,0.011082374826887786,0.34436416506230444
691040100,0.6675095385410091,0.355022175198659,-0.45424523514037735,-0.4369892973767937,0.011112334547181746,0.3439098406514772
692040100,0.6684081310040116,0.3546236148798624,-0.4546544395532427,-0.40920441286529685,0.011142328388128675,0.3434812864917337
693040100,0.6693065438393491,0.35426902984930564,-0.4551150199811237,-0.46058042788097,0.01117235627842561,0.34309667357088003
694040100,0.6702047543146389,0.3538752221506788,-0.45558762839377975,-0.47260841265610964,0.011202418595214425,0.34267280355546437
695040100,0.6711027569472108,0.3534171345804889,-0.45608143794261513,-0.49380954883540396,0.011232514552226291,0.3421846200282626
696040100,0.6720005421989997,0.3529894019690533,-0.4565547715299927,-0.4733335873775484,0.011262643938266592,0.3417267580307867
697040100,0.6728981188782701,0.35247221021747727,-0.45699497203316203,-0.44020050316934867,0.01129280640480701,0.34117940381267026
698040100,0.6737955014045046,0.35207742627482597,-0.45744941768530245,-0.4544456521404924,0.011323002219228329,0.34075442405559764
699040100,0.6746926833123729,0.35165682640215346,-0.45785802231830025,-0.4086046329978127,0.011353231839652977,0.3403035945625005
700040100,0.6755896846805339,0.35119888472446076,-0.4583269639256326,-0.46894160733237156,0.011383495021853207,0.33981538970260755
701040100,0.6764864786648637,0.35075098744675753,-0.4587820790609568,-0.45511513532423,0.011413792417602764,0.33933719502915477
702040100,0.6773830711913795,0.350278068270977,-0.4592175297088494,-0.43545064789258914,0.011444123094243253,0.33883394517673376
703040100,0.6782794707907657,0.34983299029572273,-0.45965702946038256,-0.4394997515331721,0.01147448722484512,0.3383585030708776
704040100,0.6791756754967092,0.3493835315670026,-0.4600829949692836,-0.4259655089010713,0.01150488507191838,0.3378786464950842
705040100,0.6800716911456892,0.3489882884781584,-0.46052191326856745,-0.4389182992838375,0.011535316542854446,0.33745297193530394
706040100,0.6809675118187782,0.34856081434947256,-0.4609576645987876,-0.43575133022018686,0.011565781810165987,0.33699503253930657
707040100,0.6818631387520886,0.3481768849165691,-0.46141965543404573,-0.46199083525811446,0.011596280646937629,0.3365806042696315
708040100,0.6827585600935218,0.3476346162463204,-0.46186459801872204,-0.4449425846763374,0.011626813069273823,0.3360078031770466
709040100,0.6836537832491023,0.3471970413559151,-0.4623304672347968,-0.4658692160747736,0.011657378646447114,0.335539662709468
710040100,0.684548798707783,0.34668793969235234,-0.46271600458628553,-0.3855373514887497,0.011687977604282196,0.33499996208807015
711040100,0.6854436421367517,0.3462344814299944,-0.46315293578966854,-0.43693120338307434,0.011718609590573692,0.3345158718394207
712040100,0.6863382904428941,0.3458299876710399,-0.46355300762494495,-0.4000718352764232,0.011749275800688963,0.33408071187035093
713040100,0.687232759936913,0.3453811483997493,-0.46397991579996695,-0.42690817502200995,0.011779975418722444,0.33360117298102687
714040100,0.6881270384664124,0.3449260012710383,-0.4644304191359776,-0.4505033360106365,0.011810708979428597,0.3331152922916097
715040100,0.6890211153000642,0.34436933486435856,-0.46485777359881986,-0.42735446284227496,0.011841476040583387,0.33252785882377517
716040100,0.6899150006341916,0.34398176449681106,-0.4652809855543479,-0.42321195552799906,0.0118722762067911,0.33210948829001996
717040100,0.6908086961641857,0.34346107274150917,-0.4656522463852193,-0.3712608308714146,0.011903109803078848,0.3315579629384303
718040100,0.6917022250575348,0.34313066634584555,-0.46610720171268916,-0.4549553274698417,0.011933976862493978,0.33119668948335157
719040100,0.6925955495808832,0.3426448903966415,-0.4664944764970887,-0.38727478439951857,0.011964878161474957,0.3306800122351665
720040100,0.6934886999912447,0.3421749807497479,-0.4669761542261352,-0.4816777290464427,0.01199581237034053,0.33017916837940736
721040100,0.6943816336595451,0.3416625915549752,-0.46737909730315297,-0.40294307701777976,0.012026780511625645,0.32963581104334955
722040100,0.6952743858551204,0.3411769121150164,-0.46778895480953986,-0.40985750638689467,0.012057781081207253,0.32911913103380913
723040100,0.6961669533152296,0.3405891037549569,-0.4681764695483102,-0.3875147387703822,0.012088815277024878,0.328500288477932
724040100,0.6970593459725505,0.34017485685890886,-0.468576288924098,-0.3998193757877663,0.012119882961279416,0.32805497389762944
725040100,0.6979515581361652,0.3397410753779068,-0.4689237893435283,-0.3475004194303335,0.012150984455772118,0.3275900909221347
726040100,0.6988436133089927,0.3392051564001684,-0.46935716289306423,-0.433373549535912,0.012182119538529435,0.32702303686163897
727040100,0.6997354725450619,0.33885991697455675,-0.4697798225228633,-0.42265962979907756,0.012213289007277695,0.32664662796727906
728040100,0.7006271405270054,0.33844273104514355,-0.47015026203440574,-0.37043951154244426,0.01224449147773754,0.326198239567406
729040100,0.7015186407535211,0.3379628730876054,-0.47061527193736363,-0.46500990295788847,0.012275727087963872,0.32568714599964155
730040100,0.702409930224756,0.3375012480785493,-0.47104339517545823,-0.4281232380945934,0.012306996637271084,0.3251942514412782
731040100,0.7033010254883585,0.3369164166111327,-0.4714391431749362,-0.3957479994779969,0.012338298592261765,0.32457811801887093
732040100,0.704191941085294,0.33644626089330065,-0.47184300559188536,-0.40386241694917935,0.012369633507152145,0.3240766273861485
733040100,0.7050826731878244,0.3359405380072191,-0.47218401596693976,-0.34101037505446463,0.01240100186841886,0.32353953613880027
734040100,0.7059732502395711,0.3355223274717893,-0.47258134444544014,-0.39732847850038433,0.012432403517170343,0.32308992395461894
735040100,0.7068636465031582,0.3351684716007361,-0.4729597984470038,-0.378454001563592,0.012463839433682011,0.3227046321670541
736040100,0.707753870435939,0.33478888775022003,-0.4733810921971093,-0.42129375010545955,0.012495308687174855,0.3222935790630452
737040100,0.7086439023806627,0.33435199267366933,-0.4738337759606634,-0.45268376355410644,0.012526811553119188,0.32182518112055014
738040100,0.7095337278565023,0.3338841074160316,-0.4742727567548274,-0.4389807941640037,0.012558347311713902,0.3213257601043177
739040100,0.7104233529392268,0.33339917473358355,-0.4746821286279786,-0.4093718731512024,0.012589915423408371,0.3208092593101752
740040100,0.7113127909907191,0.3328797652836366,-0.4750749903272977,-0.39286169931913917,0.012621516076738004,0.3202582492068986
741040100,0.712202049413882,0.33241937530745347,-0.47545827897672255,-0.3832886494248565,0.01265314972062015,0.3197662255868333
742040100,0.7130911324535324,0.33197015874212044,-0.475823210660934,-0.3649316842114907,0.012684816594035198,0.31928534214808524
743040100,0.7139800483879867,0.33155894389300716,-0.4762166513535617,-0.3934406926277425,0.012716516824600177,0.318842427068407
744040100,0.7148687840301229,0.3311236875886928,-0.47661470023944774,-0.3980488858860345,0.012748250684790463,0.31837543690390235
745040100,0.7157573371282597,0.33069177843709274,-0.4770308472712124,-0.41614703176465395,0.012780017680814382,0.31791176075627836
746040100,0.7166456992321114,0.3302184817229739,-0.4774340229608591,-0.4031756896466243,0.012811817708147544,0.31740666401482637
747040100,0.7175338761482607,0.32967566304409246,-0.4778379282928503,-0.40390533199127243,0.012843650439613441,0.316832012604479
748040100,0.7184218673968005,0.3293421333876678,-0.4782201132326247,-0.3821849397743565,0.012875516058354464,0.31646661732931336
749040100,0.7193096828287916,0.3288912469842627,-0.47856637137778496,-0.3462581451602389,0.012907414522590699,0.315983832461672
750040100,0.7201973388596711,0.3284459154117736,-0.47901652675518464,-0.45015537739971867,0.012939346162259113,0.3155065692495145
751040100,0.7210847875008819,0.32800526294062793,-0.47940702153529186,-0.3904947801072368,0.012971311545594943,0.315033951395033
752040100,0.7219720560928076,0.3274964712903181,-0.47979932226511174,-0.3923007298198897,0.013003308920200851,0.31449316237011726
753040100,0.7228591436665248,0.3269854646317541,-0.48019300125027686,-0.3936789851650684,0.01303533924620126,0.31395012538555284
754040100,0.7237460494488264,0.32652539379608453,-0.48055151252621003,-0.3585112759331217,0.013067402464738365,0.31345799133134616
755040100,0.724632789559722,0.3259303026378578,-0.4809078137119935,-0.3563011857834709,0.01309949852386083,0.312830804113997
756040100,0.7255193649075937,0.3255090384326565,-0.4812885820551419,-0.3807683431484302,0.01313162798396661,0.3123774104486899
757040100,0.7264057640537762,0.32503684983263953,-0.4816005690952834,-0.3119870401415423,0.013163790856140167,0.31187305897649936
758040100,0.7272920187312328,0.32462088846181647,-0.481998546051749,-0.3979769564655874,0.013195986702889684,0.3114249017589268
759040100,0.7281780889962676,0.3242425218755721,-0.48237003555462526,-0.3714895028762589,0.013228216655651437,0.3110143052199207
760040100,0.7290639869958525,0.32380517623867777,-0.4827687252364452,-0.3986896818199239,0.013260479240098988,0.3105446969985788
761040100,0.7299496999808301,0.32330147887208954,-0.4831853747363702,-0.4166494999249959,0.013292774874955171,0.31000870399713437
762040100,0.7308352194663844,0.32290203271616585,-0.4835715789032224,-0.3862041668521794,0.013325103071849753,0.3095769296443161
763040100,0.7317205594545833,0.32245611426656434,-0.48392351887308144,-0.35193996985907383,0.013357463496088684,0.30909865077047566
764040100,0.7326057357555092,0.3220411474734852,-0.4843267047214403,-0.40318584835884475,0.013389856634731245,0.308651290838754
765040100,0.733490724399958,0.3215595624898185,-0.48470568144258186,-0.3789767211416294,0.013422283043599492,0.308137279446219
766040100,0.7343755365245196,0.32113724635101093,-0.48509922257046795,-0.3935411278860885,0.01345474182145523,0.3076825045295557
767040100,0.7352601652108816,0.320721565643843,-0.4854584103310434,-0.3591877605754886,0.013487233352730499,0.3072343322911125
768040100,0.7361446263523164,0.3202045080178708,-0.48584630652199856,-0.3878961909551488,0.013519757359624407,0.3066847506582464
769040100,0.7370289064294794,0.3196664149542185,-0.4862366077815361,-0.3903012595375286,0.01355231440332716,0.30611410055089133
770040100,0.7379130041854279,0.3192813737055085,-0.4865751048339277,-0.3384970523916082,0.013584903963209882,0.30569646974229864
771040100,0.7387969437103803,0.3188328268404133,-0.48690192654414216,-0.32682171021449424,0.013617525968985689,0.3052153008714276
772040100,0.7396807303658918,0.3183009292881342,-0.48730442261237233,-0.4024960682301565,0.013650181287125918,0.3046507480010083
773040100,0.7405643286258938,0.31779084256663326,-0.4876741868118612,-0.3697641994888544,0.013682870095216515,0.30410797247141674
774040100,0.7414477536849668,0.31724343325862814,-0.4880011297500622,-0.3269429382009793,0.013715591056779886,0.30352784220184825
775040100,0.7423310255003652,0.31685799051727664,-0.48833787641154974,-0.33674666148755383,0.013748344710670324,0.3031096458066063
776040100,0.7432141393782149,0.3163154992309229,-0.4886547851076979,-0.31690869614813644,0.013781131775335353,0.30253436745558754
777040100,0.7440971045312516,0.31582523834358506,-0.4890518239221735,-0.39703881447562084,0.01381395205607916,0.3020112862875059
778040100,0.7449798832293782,0.3153876103986097,-0.4893691712329744,-0.3173473108009083,0.013846805875118662,0.301540804523491
779040100,0.7458625127967575,0.3149087263898917,-0.48971157074472266,-0.34239951174826444,0.01387969180652604,0.30102903458336566
780040100,0.7467449813609389,0.3143893459107655,-0.4900793296437154,-0.36775889899279235,0.013912611218660942,0.30047673469210456
781040100,0.7476272768821887,0.3139446768409655,-0.49042542016363144,-0.3460905199160188,0.013945563648331216,0.2999991131926343
782040100,0.7485094094472191,0.3134222867048894,-0.4907501412737581,-0.32472111012663296,0.013978548623995835,0.2994437380808936
783040100,0.7493913890217095,0.3129267501584827,-0.49111124650745974,-0.3611052337016263,0.01401156650067037,0.29891518365781233
784040100,0.7502731983542702,0.3124127756913375,-0.49143236394149287,-0.3211174340331314,0.014044617630606382,0.29836815806073114
785040100,0.7511548562004324,0.3118979743755322,-0.4917658343683773,-0.3334704268843882,0.014077701346099758,0.2978202730294324
786040100,0.7520363566364745,0.31142752668230683,-0.4920889754257485,-0.3231410573711955,0.014110818329683639,0.2973167083526232
787040100,0.7529177044447151,0.3109039989076079,-0.49241059058814557,-0.321615162397089,0.014143968338586888,0.296760030569021
788040100,0.7537989002544939,0.31039828612960507,-0.4927533588537687,-0.34276826562314,0.014177151532297927,0.29622113459730715
789040100,0.7546799339683113,0.3099619336986119,-0.49306845706431435,-0.31509821054563036,0.014210367914529343,0.29575156578408257
790040100,0.7555608185800886,0.3095081030139267,-0.4933913683206274,-0.3229112563130334,0.014243617084051863,0.29526448592987486
791040100,0.7564415503020128,0.30904434027954514,-0.49374800415359865,-0.35663583297128065,0.014276899510825558,0.2947674407687196
792040100,0.7573221130596753,0.3085821549912198,-0.49409491000487543,-0.34690585127676177,0.01431021503193719,0.29427193995928264
793040100,0.7582025113554179,0.30812508986742826,-0.494435839127624,-0.340929122748605,0.014343563018229588,0.29378152684919867
794040100,0.7590827479194736,0.30771844739051535,-0.49477654967426116,-0.3407105466371255,0.014376943618337634,0.2933415037721777
795040100,0.7599628227533177,0.307183691966976,-0.49511882310480954,-0.3422734305483748,0.014410356914382305,0.2927733350525937
796040100,0.7608427350122062,0.30669566655510744,-0.49548541139928304,-0.3665882944734753,0.014443802885224954,0.2922518636698825
797040100,0.761722473032602,0.30622514864783673,-0.49578679048025553,-0.30137908097249333,0.014477281477496717,0.29174786717034
798040100,0.7626020677197282,0.30565636241124233,-0.4961104752483406,-0.32368476808506885,0.014510792225348013,0.2911455701858943
799040100,0.7634815083762129,0.30512966907943817,-0.4964418896336246,-0.3314143852839765,0.014544336285208459,0.2905853327942297
800040100,0.7643607912283253,0.3046109297042924,-0.49672294853764926,-0.2810589040246453,0.014577913229661732,0.29003301647463064
801040100,0.7652399401773616,0.3042091030695379,-0.4970239169112201,-0.3009683735708353,0.014611522894210083,0.28959758017532783
802040100,0.766118945660981,0.30372711813278985,-0.4973277412049932,-0.3038242937730924,0.014645166173373525,0.28908195195941633
803040100,0.7669978062370665,0.3032257234937425,-0.4976891341218265,-0.36139291683337504,0.014678842683078841,0.28854688081066365
804040100,0.7678764943429003,0.3028204689866151,-0.4980093999494993,-0.3202658276727346,0.014712552349227082,0.288107916637388
805040100,0.7687550295099569,0.30231870742487005,-0.4983188741391905,-0.3094741896912311,0.014746294093846757,0.2875724133310233
806040100,0.7696334168060343,0.30183551057629276,-0.49867552436310253,-0.3566502239119904,0.014780068645652733,0.28705544193064003
807040100,0.7705116335854414,0.30139764386016643,-0.49898283358388545,-0.3073092207829321,0.0148138761798009,0.28658376768036553
808040100,0.7713897033488191,0.3009733919230781,-0.49929837466131566,-0.3155410774302587,0.014847715803878003,0.2861256761192001
809040100,0.7722676220717805,0.3004772746579293,-0.49963562134732653,-0.3372466860108583,0.014881588402648305,0.285595686255281
810040100,0.7731453792678397,0.3000071588236081,-0.4999787426864381,-0.34312133911153986,0.014915493801392898,0.2850916650222152
811040100,0.7740229720208308,0.29951266192586884,-0.5002848549162044,-0.306112229766371,0.014949431574688532,0.2845632303511803
812040100,0.7749004179803969,0.2990617733735802,-0.5006029435668939,-0.3180886506894419,0.014983401588477108,0.2840783717851031
813040100,0.7757777113162418,0.29855014796351576,-0.5009077686318048,-0.30482506491085426,0.01501740450560618,0.2835327434579096
814040100,0.7766548583091435,0.29815175862004417,-0.5012334116348318,-0.3256430030270909,0.01505144008059034,0.28310031853945383
815040100,0.7775318488746115,0.2976892785248043,-0.5015275785580734,-0.29416692324155,0.015085508537573844,0.28260376998723047
816040100,0.7784086980526961,0.2972963499210094,-0.5018774821580108,-0.3499035999373965,0.015119609465116923,0.28217674045589247
817040100,0.7792853789555083,0.2968765575589857,-0.5021943309847386,-0.3168488267279057,0.015153743428598432,0.28172281413038724
818040100,0.7801619073871108,0.2964119366975168,-0.5025450849140852,-0.3507539293466089,0.015187909361113583,0.2812240273364032
819040100,0.7810382669293625,0.29604439782760056,-0.5028814830632116,-0.3363981491263093,0.015222107857638889,0.28082228996996167
820040100,0.7819144643933378,0.29552145413709136,-0.5031944530418943,-0.31296997868266907,0.015256338256627089,0.28026511588046427
821040100,0.7827905109778076,0.2950148343247103,-0.503555144526584,-0.3606914846897217,0.015290600802511989,0.27972423352219833
822040100,0.7836663835703086,0.29455240737158433,-0.5038370031150561,-0.2818585884721071,0.015324895912790737,0.2792275114587936
823040100,0.7845421201192903,0.2940858580357029,-0.50412592553055,-0.2889224154939465,0.015359222661473382,0.27872663537422954
824040100,0.785417717143075,0.2935637183710045,-0.5044359350490659,-0.3100095185159081,0.015393582515599746,0.27817013585540473
825040100,0.78629316437708,0.29309183679633577,-0.5047428650051022,-0.3069299560363158,0.01542797532061968,0.2776638614757161
826040100,0.7871684632263959,0.29264675077687174,-0.5050208702563438,-0.2780052512415827,0.015462400654502773,0.27718435012236897
827040100,0.7880436276034462,0.2921225081721453,-0.5053229756743516,-0.30210541800776536,0.015496858553081694,0.2766256496190636
828040100,0.7889186457741946,0.29162730955850974,-0.5056375034997777,-0.314527825426107,0.01553134954562907,0.27609596001288067
829040100,0.7897935116418651,0.2911206022083364,-0.5059113190183938,-0.27381551861612274,0.015565873151427212,0.2755547290569092
830040100,0.7906682448500135,0.29069052612250396,-0.5061985807814912,-0.2872617630973132,0.015600429110499192,0.27509009701200476
831040100,0.7915428388136427,0.29015255582124716,-0.5064789894730641,-0.2804086915730194,0.015635018180191196,0.27451753764105596
832040100,0.7924172967850361,0.2896781491471026,-0.5067967679111866,-0.3177784381223968,0.015669640082435876,0.2740085090646667
833040100,0.7932916005575508,0.28919567803517787,-0.5070594376409134,-0.2626697297268844,0.015704294928081453,0.2734913831070964
834040100,0.7941657768054969,0.28874857939823756,-0.5073528545894564,-0.29341694854297595,0.015738981976721078,0.2730095974215165
835040100,0.7950398105299682,0.2883247503575321,-0.5076411889012912,-0.288334311834735,0.015773702268308654,0.2725510480892234
836040100,0.7959137041264845,0.2877503885490031,-0.5079462291912871,-0.3050402899959136,0.015808455189574744,0.27194193335942834
837040100,0.7967874493969982,0.2872836793751977,-0.5082619708006372,-0.31574160935012896,0.015843240817400073,0.27144043855779765
838040100,0.7976610410523571,0.2867661678299398,-0.5085012113779233,-0.23924057728604697,0.015878058806702455,0.27088810902323734
839040100,0.79853451625398,0.2862298623045281,-0.5087932590375064,-0.29204765958311496,0.015912908927081304,0.2703169533774468
840040100,0.7994078492295079,0.2857111120936825,-0.5090587847224937,-0.2655256849873324,0.01594779264348034,0.26976331945020215
841040100,0.8002810528303926,0.2851375637596711,-0.5093137542409104,-0.25496951841674054,0.015982708909845655,0.26915485484982543
842040100,0.8011541321420752,0.28476030518069495,-0.5095763778086726,-0.26262356776220086,0.016017658222356346,0.2687426469583386
843040100,0.8020270833741203,0.2842549617345062,-0.5098103687964862,-0.23399098781357985,0.016052640768098314,0.2682023209664079
844040100,0.8028999204397125,0.28382015591481774,-0.5101416635629523,-0.331294766466141,0.016087656378836357,0.2677324995359814
845040100,0.8037725957816729,0.2833038590446205,-0.5104078186452002,-0.26615508224794626,0.016122705596945508,0.267181153447675
846040100,0.804645141128965,0.2827868740843732,-0.5107082860269372,-0.30046738173693577,0.016157786494851223,0.266629087589522
847040100,0.8055175396486026,0.2822909377154255,-0.5109668892879853,-0.2586032610480715,0.016192900329087934,0.2660980373863376
848040100,0.8063898117350178,0.2819081517961365,-0.5112240278382538,-0.25713855026855303,0.016228046404290097,0.2656801053918464
849040100,0.8072619580464805,0.28145099289264397,-0.5114906123988012,-0.2665845605473488,0.016263225524362213,0.26518776736828176
850040100,0.8081339739017523,0.2809245905779812,-0.5118129197316642,-0.32230733286297575,0.016298437699511226,0.26462615287846997
851040100,0.8090058319495048,0.28046798637407694,-0.5120970393027298,-0.2841195710655009,0.016333682724138043,0.2641343036499389
852040100,0.8098775508120489,0.27999675946303226,-0.5123453974487927,-0.24835814606288886,0.01636895947406458,0.2636277999889677
853040100,0.8107491479506407,0.27958806273620807,-0.5126276550256773,-0.2822575768846286,0.01640426868350886,0.2631837940526992
854040100,0.8116206066854049,0.27906815060326057,-0.5129015719469919,-0.2739169213145698,0.016439611042848412,0.26262853956041216
855040100,0.8124919310397658,0.2786475753060729,-0.5132058493072967,-0.3042773603048443,0.01647498585888485,0.2621725894471881
856040100,0.8133631060426048,0.2781440530465881,-0.5134533921622935,-0.24754285499678386,0.01651039327727233,0.2616336597693158
857040100,0.814234159481989,0.2776233027795311,-0.5137496751685635,-0.2962830062700409,0.01654583267125176,0.26107747010827936
858040100,0.8151050673524092,0.2771219642235019,-0.5140033907825821,-0.2537156140185569,0.016581305153700043,0.26054065906980184
859040100,0.8159758505071961,0.276530627536844,-0.5142473634030811,-0.24397262049901902,0.016616809729729454,0.25991381780711453
860040100,0.816846513682718,0.2760543124810825,-0.5144999521460393,-0.2525887429582194,0.01665234723198239,0.2594019652491001
861040100,0.8177170525871926,0.2755970768734125,-0.5147062716121936,-0.20631946615430774,0.016687917837934663,0.25890915903547784
862040100,0.8185874899434129,0.27509269877175907,-0.514969061570623,-0.26278995842940334,0.016723521356460935,0.25836917741529813
863040100,0.8194577979035491,0.27459138248512255,-0.5152403891185589,-0.27132754793578173,0.01675915870230682,0.25783222378281573
864040100,0.8203279722006843,0.27414669744453307,-0.5154870484749481,-0.2466593563892444,0.0167948287204176,0.2573518687241155
865040100,0.821198024931421,0.2737191188173287,-0.5157341484301038,-0.2470999551557599,0.016830531218900546,0.25688858759842814
866040100,0.8220679558255328,0.27329445546586206,-0.5160085869930189,-0.27443856291505286,0.016866266677570962,0.2564281887882911
867040100,0.8229377513410212,0.27281199233128217,-0.516290635654361,-0.2820486613421156,0.016902035069616517,0.25590995726166565
868040100,0.8238074076556178,0.2722733070222907,-0.5165732046233974,-0.2825689690364013,0.01693783582161501,0.2553354712006757
869040100,0.8246769244431585,0.2717482289089842,-0.5168258209931276,-0.2526163697301418,0.01697366875848516,0.25477456015049904
870040100,0.8255463164348759,0.2712787858455807,-0.5170491611467244,-0.2233401535967947,0.01700953384877124,0.25426925199680944
871040100,0.8264155980473986,0.2707891233003646,-0.5172781669350486,-0.2290057883241421,0.017045431683012424,0.25374369161735216
872040100,0.8272847664356318,0.27036060560606257,-0.5175339631945514,-0.25579625950278573,0.017081362841313563,0.253279242764749
873040100,0.8281538083000259,0.2697468432773087,-0.5177785818637108,-0.24461866915948438,0.017117327191666476,0.2526295160856422
874040100,0.8290227291161334,0.26923686210059,-0.5180528273982121,-0.27424553450132483,0.017153324168297956,0.25208353793229205
875040100,0.8298915141614309,0.2687309968567303,-0.5182331347837374,-0.18030738552534364,0.017189353982036693,0.2515416428746936
876040100,0.8307602099062998,0.2682145968651565,-0.5184642243047458,-0.23108952100839464,0.01722541600584293,0.25098918085931354
877040100,0.8316287911586947,0.2676730710633689,-0.5186962718326146,-0.23204752786880345,0.017261512154135517,0.2504115589092334
878040100,0.8324972573973013,0.2671517088855959,-0.5189219299321034,-0.22565809948883708,0.01729764136702272,0.2498540675185732
879040100,0.8333656117441742,0.26662932692719604,-0.5191338532841587,-0.21192335205530655,0.01733380360803949,0.24929552331915655
880040100,0.8342338609693742,0.26621110420790095,-0.5193547268853189,-0.22087360116023458,0.017369998992570856,0.2488411052153301
881040100,0.8351020005917537,0.2656646229443095,-0.5195739568697225,-0.21922998440362862,0.017406227788843154,0.24825839515546633
882040100,0.8359700313850341,0.2651372811712344,-0.5198443408647769,-0.2703839950544211,0.01744248979606411,0.2476947913751703
883040100,0.8368379278981305,0.26460975644783025,-0.5200494134956672,-0.20507263089027838,0.017478785032501776,0.24713097141532847
884040100,0.8377057225241642,0.26412241825541705,-0.5202629119831883,-0.21349848752110046,0.017515112418298173,0.24660730583711887
885040100,0.8385734110381079,0.26359456787837504,-0.5204751752166471,-0.21226323345877973,0.01755147329411244,0.2460430945842626
886040100,0.8394409940146942,0.26319197341216954,-0.520706467572456,-0.2312923558088753,0.017587867469554652,0.2456041059426149
887040100,0.8403084619481336,0.2627295369248172,-0.5209163586970315,-0.2098911245755325,0.01762429495512663,0.24510524196969058
888040100,0.8411758254430797,0.2622666766074099,-0.5211879830780568,-0.2716243810253488,0.017660755337519873,0.24460592126989
889040100,0.8420430537253224,0.2617277657986326,-0.5214286722063586,-0.24068912830180478,0.01769724904834291,0.2440305167502897
890040100,0.8429101621407441,0.26132127190083165,-0.5216681340473616,-0.23946184100294898,0.0177337747773727,0.24358749712345895
891040100,0.8437771512507033,0.26078712489708866,-0.5218684037605006,-0.2002697131389891,0.017770333154512485,0.24301679174257618
892040100,0.8446440405434543,0.26032324515454286,-0.5221339795005229,-0.26557574002227025,0.017806924188043638,0.24251632096649922
893040100,0.8455107974159419,0.25971032836991237,-0.5223345708833039,-0.2005913827810184,0.017843548686382604,0.24186677968352976
894040100,0.8463774542298688,0.2592239085017152,-0.5225692781557979,-0.23470727249393586,0.01788020525717471,0.24134370324454046
895040100,0.8472439939233486,0.2587591686091103,-0.5227281517243121,-0.158873568514178,0.017916895254103338,0.24084227335500696
896040100,0.8481104543107976,0.2582504118754283,-0.5229492108182444,-0.2210590939323107,0.017953617940907662,0.24029679393452064
897040100,0.8489768043142463,0.25774546142141863,-0.5231800906298762,-0.2308798116318076,0.01799037490751232,0.2397550865139063
898040100,0.8498430389846029,0.25718865399156143,-0.5233878538536687,-0.20776322379250223,0.01802716482337985,0.23916148916818158
899040100,0.850709169829995,0.2567002483806111,-0.5235964202619262,-0.20856640825747896,0.018063987463840192,0.23863626091677093
900040100,0.8515751964114452,0.2561696300680201,-0.5237778545598228,-0.18143429789667187,0.018100843304029723,0.2380687867639904
901040100,0.8524411322618629,0.2556381331112174,-0.523992422644406,-0.2145680845832394,0.018137732311913624,0.2375004007993038
902040100,0.8533069607750307,0.25521191873601756,-0.5241847327796808,-0.19231013527476726,0.018174655051453215,0.23703726368456435
903040100,0.8541726930515681,0.2547973093423959,-0.5243754498876292,-0.19071710794837649,0.018211610801877498,0.23658569854051842
904040100,0.8550383298570436,0.25429682342719256,-0.5246178654406854,-0.24241555305621265,0.018248600023945016,0.23604822340324755
905040100,0.8559038452662924,0.25379598084383687,-0.5248651635514777,-0.2472981107923199,0.01828562273809098,0.2355103581057459
906040100,0.8567692367818305,0.2532462683194198,-0.5250684316381813,-0.2032680867035458,0.01832267782160457,0.23492359049781525
907040100,0.8576345264226003,0.25278653330666484,-0.525270429410791,-0.20199777260981888,0.018359765151803487,0.23442676815486135
908040100,0.8584997147898459,0.25237826571463806,-0.5254468024898183,-0.17637307902725252,0.018396885657850248,0.2339813800567878
909040100,0.8593648147018845,0.25193618308048327,-0.5256671540257151,-0.22035153589675815,0.01843403935252752,0.23350214372795575
910040100,0.860229804064683,0.2514707090035056,-0.5259123318350872,-0.2451778093721957,0.018471226774153138,0.23299948222935246
911040100,0.8610946703736632,0.25096955518644415,-0.5261396267198097,-0.2272948847224543,0.01850844696025078,0.23246110822619337
912040100,0.861959422557758,0.2504344029907563,-0.5263542041123586,-0.21457739254885488,0.018545699357765955,0.23188870363299036
913040100,0.8628240669614312,0.2499576606036529,-0.5265498487167276,-0.19564460436904363,0.018582984336074304,0.2313746762675786
914040100,0.8636886130597657,0.24955959749088977,-0.5267273329670389,-0.17748425031127024,0.01862030215450261,0.23093929533638716
915040100,0.8645530699491485,0.24899409756890734,-0.5269329775811713,-0.2056446141324439,0.018657653208808966,0.23033644436009837
916040100,0.8654174234412746,0.24842870180804363,-0.5271770743862008,-0.2440968050294155,0.018695037879997045,0.2297336639280466
917040100,0.8662816541550983,0.24794992389232182,-0.5273362302089933,-0.15915582279256524,0.01873245554216041,0.2292174683501614
918040100,0.867145804787368,0.24750107226739476,-0.5274942159900116,-0.15798578101823374,0.01876990534180578,0.22873116692558898
919040100,0.8680098759051588,0.2470105027528989,-0.527694462169429,-0.200246179417437,0.018807389116144435,0.22820311363675447
920040100,0.8688738462077572,0.2464588186393886,-0.5279086818360986,-0.21421966666964654,0.01884490687960394,0.22761391175978465
921040100,0.8697377086217694,0.2458888165237629,-0.5281009693888675,-0.19228755276890813,0.018882457695813315,0.2270063588279496
922040100,0.8706014741592194,0.24532154426844863,-0.5282615046458948,-0.16053525702730848,0.01892004124398383,0.2264015030244648
923040100,0.8714651587927974,0.24480235826265406,-0.5284116493645563,-0.150144718661455,0.018957657990117838,0.22584470027253623
924040100,0.8723287677388087,0.2442944681629442,-0.5285619326363888,-0.15028327183251994,0.0189953086184822,0.225299159544462
925040100,0.8731923009079134,0.2437663843119213,-0.5287351284185977,-0.17319578220888132,0.019032993346510096,0.2247333909654112
926040100,0.8740557467228119,0.2432551622398047,-0.5289128639543617,-0.17773553576398804,0.019070712160679903,0.2241844500791248
927040100,0.8749191028668754,0.2427584329416226,-0.5290793539660678,-0.16649001170612748,0.01910846454491022,0.2236499683967124
928040100,0.8757823749889371,0.24229511674023343,-0.529253160133284,-0.1738061672163328,0.019146250386633312,0.22314886635360012
929040100,0.8766455593712461,0.24181429596766527,-0.5294331269284415,-0.17996679515738662,0.019184069922001612,0.22263022604566365
930040100,0.877508652876354,0.24138747899600865,-0.5296287811536992,-0.19565422525772652,0.019221922977205708,0.22216555601880295
931040100,0.8783716475509193,0.2408160752011578,-0.5298146289857939,-0.18584783209478678,0.019259809403276762,0.22155626579788104
932040100,0.8792345483178376,0.2402217148087934,-0.5300265326261155,-0.21190364032163023,0.01929772883899261,0.22092398596980078
933040100,0.8800973419749216,0.23968318759000318,-0.5301649077035564,-0.1383750774409806,0.01933568148835718,0.220347506101646
934040100,0.8809600656673625,0.23906661494622322,-0.5302905232493328,-0.125615545776384,0.019373666757871888,0.21969294818835133
935040100,0.8818227258322783,0.23850379888838252,-0.5304428860468446,-0.15236279751179982,0.019411686271613604,0.21909211261676892
936040100,0.8826853089245184,0.23801796532629102,-0.5305548998254329,-0.11201377858838335,0.019449740304803953,0.21856822502148707
937040100,0.8835478353418497,0.23749999542339248,-0.5306925728970845,-0.13767307165163356,0.019487828251026684,0.2180121671723658
938040100,0.8844102920867759,0.23694016845998803,-0.5308676724170779,-0.1750995199934114,0.0195259510024961,0.21741421745749193
939040100,0.8852726601952252,0.23651069247925988,-0.5310255741787357,-0.1579017616578144,0.019564107976748346,0.21694658450251153
940040100,0.8861349483501384,0.23593500397057826,-0.5311613343308739,-0.13576015213813003,0.01960229832472038,0.21633270564585788
941040100,0.8869971677457278,0.23540999522385914,-0.5313613179548329,-0.19998362395898717,0.01964052242021097,0.21576947280364817
942040100,0.8878592858253699,0.23490826461541445,-0.5314869506158475,-0.12563266101463133,0.019678780750020053,0.2152294838653944
943040100,0.888721340239206,0.23437100995485272,-0.5316367795065311,-0.14982889068357486,0.019717071858725177,0.21465393809612754
944040100,0.8895833187077273,0.23385339387485912,-0.5317971510334696,-0.16037152693847184,0.019755397408083297,0.21409799646677583
945040100,0.8904452158656385,0.23330151799063345,-0.5319385921536032,-0.1414411201336131,0.019793756843327515,0.21350776114730594
946040100,0.8913070412925242,0.23273388439778184,-0.5320887236700474,-0.15013151644415773,0.019832149915707475,0.21290173448207436
947040100,0.8921687905622387,0.23225771104724444,-0.5322205279278945,-0.13180425784703548,0.01987057704224071,0.21238713400500372
948040100,0.8930304729556338,0.2317265328984403,-0.5323432241829132,-0.12269625501865783,0.01990903801620192,0.2118174948822384
949040100,0.893892093080576,0.2311784358416893,-0.532510604366726,-0.1673801838127808,0.01994753324274612,0.21123090259894317
950040100,0.8947536282390172,0.23053652008483042,-0.5326493256783632,-0.13872131163722412,0.01998606291957472,0.2105504571652557
951040100,0.8956150929606486,0.23005200631874428,-0.5327783970574176,-0.1290713790544189,0.020024626022355108,0.21002738029638918
952040100,0.8964764921304096,0.22956723105774224,-0.5328591814157229,-0.08078435830532021,0.02006322319159537,0.20950400786614687
953040100,0.8973378502646732,0.22911460078482795,-0.5330176035143139,-0.15842209859110135,0.020101854637559313,0.20901274614726864
954040100,0.8981991279099882,0.22855853640460286,-0.5331748309136713,-0.15722739935737096,0.020140521453051008,0.20841801495155185
955040100,0.8990603256519692,0.22813405250906552,-0.5333471305281319,-0.17229961446056458,0.020179221859329743,0.20795483064973577
956040100,0.8999214358064329,0.22759210584736966,-0.5334665067639704,-0.11937623583863027,0.020217955872528393,0.20737414997484127
957040100,0.9007824852616824,0.22709384588313808,-0.5336507300028756,-0.1842232389050787,0.020256723136402144,0.20683712274673594
958040100,0.9016434410208941,0.22659901723082815,-0.5337750438055127,-0.12431380263713321,0.02029552485208086,0.2063034923787473
959040100,0.902504333537528,0.22613850691815499,-0.5339201096076196,-0.1450658021069644,0.020334359522831136,0.20580414739532385
960040100,0.9033651522375291,0.22559079396246917,-0.5340658072615055,-0.1456976538858904,0.02037322851235146,0.2052175654501177
961040100,0.9042258967811463,0.22510948952225118,-0.5342276481672205,-0.1618409057148637,0.020412131334570205,0.20469735818768098
962040100,0.9050865589304562,0.22456810013034545,-0.534344697603524,-0.1170494363035185,0.020451067964764036,0.2041170321655814
963040100,0.9059471614750532,0.22404132019019155,-0.5344938939114331,-0.14919630790906435,0.020490038020366086,0.20355128216982546
964040100,0.9068076880277951,0.22351549498004875,-0.5346118703118992,-0.11797640046606706,0.02052904252429144,0.2029864524557573
965040100,0.9076681544767111,0.22305634177743183,-0.5347360026451913,-0.1241323332921706,0.02056808072527616,0.20248826105215567
966040100,0.908528557672692,0.2225537412237206,-0.534859465768137,-0.12346312294578532,0.020607153335493678,0.20194658788822692
967040100,0.9093888979435903,0.2221307437018512,-0.5350152512386037,-0.15578547046666147,0.020646260204181033,0.20148448349767017
968040100,0.9102491587970577,0.22160869788188758,-0.5351482124894436,-0.13296125083978377,0.020685401338290887,0.2009232965435967
969040100,0.9111093518520743,0.22099581880752525,-0.5353200338461811,-0.17182135673749865,0.0207245759785053,0.20027124282901995
970040100,0.911969457270908,0.22050692333889033,-0.5354411918598988,-0.1211580137177467,0.020763784644628913,0.1997431386942614
971040100,0.9128295008787478,0.21997495099502024,-0.5355156120579816,-0.07442019808281969,0.020803026422584026,0.1991719245724362
972040100,0.9136895065134929,0.219383008995224,-0.5356509512285191,-0.1353391705375936,0.020842302481181463,0.19854070651404254
973040100,0.9145494430788761,0.21884421085961944,-0.535763592324313,-0.11264109579391357,0.020881613902801632,0.1979625969568178
974040100,0.9154093221466846,0.21833311490989654,-0.5358449684037897,-0.08137607947664471,0.020920959259306926,0.19741215565058962
975040100,0.9162691596693376,0.2178126529072968,-0.5359517431609354,-0.10677475714569701,0.020960339072175316,0.19685231383512147
976040100,0.9171289426713412,0.21731195751533,-0.5360712508313152,-0.11950767037979726,0.020999754065798015,0.19631220344953199
977040100,0.9179886646394703,0.21681109882059144,-0.536184938130887,-0.11368729957177126,0.021039203639379167,0.19577189518121227
978040100,0.9188483285348559,0.21628011634037206,-0.5363074111558649,-0.12247302497793189,0.02107868748681696,0.1952014288535551
979040100,0.919707929857219,0.21580646764254383,-0.5364287047074443,-0.12129355157936966,0.021118205736620155,0.19468826190592367
980040100,0.9205674691964597,0.21527330288487065,-0.5365337781636406,-0.10507345619621794,0.02115775817432919,0.19411554471054146
981040100,0.9214269548311076,0.21481547287609695,-0.5366664750148084,-0.1326968511677959,0.02119734481925306,0.1936181280568439
982040100,0.9222863726288794,0.2142620090741019,-0.5367682512296411,-0.10177621483271054,0.021236966045403705,0.1930250430286982
983040100,0.923145738386673,0.21382397951267323,-0.5369066826258403,-0.13843139619921657,0.02127662119365681,0.19254735831901643
984040100,0.9240050333477585,0.21339058249001364,-0.5369960939264771,-0.08941130063680941,0.021316310985387332,0.1920742715046263
985040100,0.9248642825732841,0.21305104604825387,-0.537142249586952,-0.14615566047497985,0.02135603454658863,0.19169501150166524
986040100,0.9257234570226522,0.2125784204127718,-0.5372897583909084,-0.1475088039564012,0.021395793028478494,0.1911826273842933
987040100,0.9265825559849586,0.21203786605417352,-0.5374834214351233,-0.19366304421473512,0.02143558507973964,0.19060228097443388
988040100,0.9274415558125678,0.21159170024202936,-0.5376094982624178,-0.1260768272944618,0.021475410657963323,0.19011628958406604
989040100,0.9283004910850562,0.21104292222423446,-0.5377004332047992,-0.09093494238143385,0.021515268655832642,0.18952765356840182
990040100,0.9291593797876487,0.21058224583869234,-0.5378375741629648,-0.1371409581656559,0.021555160667503515,0.18902708517118882
991040100,0.9300181982437394,0.21003184461182775,-0.5379222146713454,-0.08464050838057363,0.02159508752131245,0.1884367570905153
992040100,0.9308769733371092,0.20944437063526128,-0.5380498873683047,-0.12767269695923222,0.02163504810928174,0.18780932252597954
993040100,0.9317356830100227,0.2089768966871076,-0.5381315000538929,-0.08161268558815277,0.021675043675191574,0.18730185301191601
994040100,0.932594350856645,0.208416607861408,-0.5381933039365748,-0.061803882681986666,0.02171507318493937,0.18670153467646863
995040100,0.9334529870251309,0.20800332236912122,-0.5383140758546284,-0.12077191805359294,0.021755137731688023,0.1862481846374332
996040100,0.9343115612814168,0.207492318084261,-0.5383872221086637,-0.07314625403532155,0.021795237784406396,0.1856970802998546
997040100,0.9351700980341092,0.2069884896228596,-0.5385329455053306,-0.1457233966668533,0.021835371925281066,0.18515311769757853
998040100,0.9360285600577188,0.20640767839596233,-0.5386286901847811,-0.09574467945051068,0.02187554128909497,0.18453213710686736
999040100,0.936886972972137,0.20582467041306096,-0.538726917168841,-0.09822698405987762,0.02191574412711006,0.1839089262859509
1000040100,0.9377453354959666,0.20529884479916782,-0.5387853940049225,-0.05847683608152637,0.0219559816313577,0.18334286316781012
1001040100,0.9386036680171598,0.2047780598861438,-0.5388415086389114,-0.056114633988901486,0.02199625373557268,0.18278180615057113
1002040100,0.9394619717449288,0.20420156718271765,-0.5389250649619846,-0.08355632307313221,0.02203656139133159,0.18216500579138606
1003040100,0.9403202325934431,0.20362026175246117,-0.5390100016745827,-0.0849367125981631,0.022076904651846974,0.1815433571006142
1004040100,0.9411784498481759,0.20311193931256594,-0.5390658330176736,-0.05583134309096749,0.022117282850633302,0.18099465646193263
1005040100,0.9420366384440902,0.2026444727801883,-0.5391179971609559,-0.05216414328225483,0.0221576959487102,0.1804867768314781
1006040100,0.9428948002611813,0.20208682548808762,-0.5392055378786975,-0.08754071774164462,0.02219814464491776,0.17988868084316986
1007040100,0.9437529171333927,0.20156289704269778,-0.5393124729206754,-0.10693504197793907,0.02223862902451046,0.17932426801818732
1008040100,0.9446109790944287,0.20098491331673166,-0.5393731034777559,-0.06063055708046966,0.022279148226086676,0.17870576509064498
1009040100,0.9454690099172971,0.2005143605380641,-0.5394494471519061,-0.07634367415019233,0.022319701772822498,0.1781946587652416
1010040100,0.9463270015276918,0.1999843286429672,-0.539497508938643,-0.04806178673684497,0.022360290782945214,0.17762403786002198
1011040100,0.9471849684495003,0.19949358271147163,-0.5395982461837581,-0.10073724511509985,0.02240091487018603,0.1770926678412856
1012040100,0.9480428836177356,0.1989446427061387,-0.5396680850201347,-0.06983883637670513,0.022441574718314428,0.17650306798782428
1013040100,0.9489007629012878,0.19846652642089152,-0.539756486146309,-0.08840112617433377,0.022482269039983294,0.17598425738090823
1014040100,0.9497585967564564,0.1979497388309993,-0.5398145937301404,-0.05810758383141468,0.02252299858249529,0.17542674024850402
1015040100,0.950616400747114,0.19736436572910002,-0.5399070578719376,-0.0924641417972002,0.022563762887710226,0.1748006028413898
1016040100,0.9514741572096663,0.19669970611306314,-0.5399790538762707,-0.0719960043330059,0.022604562690595742,0.1740951434224674
1017040100,0.9523318766599981,0.19620196233998258,-0.5400154870299554,-0.03643315368460315,0.02264539714624547,0.1735565651937371
1018040100,0.9531895773788195,0.19564269680126986,-0.5400108486120457,0.004638417909665682,0.022686266750046258,0.1729564300512236
1019040100,0.9540472804824709,0.19518689262253003,-0.5400885733147849,-0.07772470273919624,0.02272717236968802,0.172459720252842
1020040100,0.9549049436217413,0.19467945127465253,-0.5401343187844708,-0.045745469685924245,0.022768115011430723,0.1719113362632218
1021040100,0.9557625832372466,0.19414656977668796,-0.5402307829294517,-0.09646414498093092,0.022809092651520757,0.1713374771251672
1022040100,0.9566201732419601,0.19359782240856815,-0.5403003141527142,-0.0695312232624955,0.02285010607159421,0.17074771633697394
1023040100,0.9574777274823338,0.193125366721118,-0.5403559596211054,-0.05564546839117451,0.022891154019646365,0.17023421270147163
1024040100,0.9583352530977098,0.19262898895455227,-0.5404024752997972,-0.04651567869186668,0.022932237153138857,0.16969675180141341
1025040100,0.9591927547825733,0.19218688207773318,-0.5404860921484619,-0.08361684866463076,0.022973355810176344,0.16921352626755684
1026040100,0.9600502134451461,0.19167928713020177,-0.540556655202949,-0.07056305448714861,0.023014510212693295,0.16866477691750847
1027040100,0.960907635797163,0.19113777905140383,-0.5406533693070112,-0.09671410406206021,0.023055699440320154,0.16808207961108368
1028040100,0.9617650083747998,0.19060128738287108,-0.5407162243948118,-0.06285508780062654,0.023096923810570047,0.16750436357230103
1029040100,0.962622348599463,0.19010276426377626,-0.5407609398807696,-0.04471548595775299,0.023138182670788154,0.1669645815929881
1030040100,0.9634796658059651,0.18960239675654245,-0.5408069908258183,-0.04605094504873364,0.023179476854259917,0.16642291990228253
1031040100,0.9643369593050609,0.18903360284457701,-0.540870928749354,-0.06393792353574224,0.023220806807259464,0.16581279603731755
1032040100,0.9651942198853719,0.18851810718975737,-0.5409328431991359,-0.06191444978188643,0.023262172493772937,0.16525593469598443
1033040100,0.9660514485853545,0.18800527704964182,-0.5409593062605981,-0.02646306146215599,0.02330357346590972,0.1647017035837321
1034040100,0.9669086636582573,0.18747472667232548,-0.5410112870145676,-0.0519807539694791,0.023345009769876413,0.16412971690244907
1035040100,0.9677658519620678,0.1870284816839021,-0.541063474327086,-0.052187312518410356,0.02338648228527518,0.16364199939862692
1036040100,0.9686230133880823,0.18651481892111468,-0.5411056393695025,-0.04216504241654978,0.023427990373921403,0.16308682854719328
1037040100,0.9694801530963203,0.1859637686259699,-0.5411889638135877,-0.08332444408515732,0.023469534027313443,0.16249423459865645
1038040100,0.9703372498824954,0.18539597733231417,-0.5412374511752855,-0.04848736169787521,0.023511113492634905,0.16188486383967926
1039040100,0.9711943216891361,0.18483736865558287,-0.5412660416053191,-0.028590430033541614,0.023552727737335744,0.16128464091824712
1040040100,0.9720513787657237,0.18433014926491859,-0.5412850253353306,-0.018983730011676303,0.023594377628423757,0.16073577163649483
1041040100,0.9729084260613314,0.1837668182532823,-0.5413073820334753,-0.022356698144662346,0.023636063661644613,0.1601307545916377
1042040100,0.9737654618377103,0.18325826467184025,-0.5413543174927391,-0.04693545926397913,0.023677786076365948,0.1595804785954743
1043040100,0.9746224734293256,0.18269160247588226,-0.5413719688439141,-0.01765135117502764,0.0237195447868217,0.15897205768906056
1044040100,0.9754794759251169,0.18220786189755953,-0.5414158901377353,-0.043921293821132745,0.023761339173820062,0.15844652272373946
1045040100,0.9763364557869004,0.1816741132453371,-0.5414295223728612,-0.013632235125945857,0.023803169971294835,0.15787094327404227
1046040100,0.9771934286232334,0.18121292231097205,-0.541483546068815,-0.05402369595377604,0.02384503651662584,0.1573678857943462
1047040100,0.9780503736165786,0.18074745164840247,-0.5415113966234957,-0.027850554680712736,0.023886939570662236,0.15686051207774024
1048040100,0.9789073042551962,0.18021408696391197,-0.5415745015947756,-0.06310497127989262,0.023928878113483876,0.1562852088504281
1049040100,0.9797642023658023,0.17972537013433004,-0.5416344341391498,-0.05993254437422807,0.023970852802705167,0.15575451733162488
1050040100,0.9806210695804929,0.17921231654673594,-0.5416592509206163,-0.024816781466517723,0.02401286274536929,0.15519945380136665
1051040100,0.9814779240009462,0.17873467551320002,-0.5417053125492713,-0.04606162865489449,0.02405490801762511,0.1546797674955749
1052040100,0.9823347546730293,0.1782672280291708,-0.5417380779364046,-0.03276538713326299,0.024096989505110855,0.15417023852405995
1053040100,0.9831915684508875,0.17777755309126367,-0.54178749204791,-0.049414111505343083,0.024139106667732335,0.15363844642353133
1054040100,0.9840483567485,0.17728383200018152,-0.5418409659673075,-0.05347391939752927,0.024181259840009517,0.153102572160172
1055040100,0.9849051174700816,0.1767620717519981,-0.5418822444987178,-0.04127853141034926,0.02422344859703429,0.1525386231549638
1056040100,0.9857618569030112,0.17614777586896613,-0.5419204103414706,-0.03816584275283491,0.02426567283242065,0.15188210303654548
1057040100,0.9866185766513027,0.17567491963987325,-0.541943410897525,-0.023000556054262433,0.02430793285311239,0.15136698678676086
1058040100,0.9874752845360902,0.17507407593161353,-0.5419188126316948,0.02459826583014757,0.024350228735823265,0.15072384719579027
1059040100,0.9883320051084509,0.1744645901868475,-0.541963885957601,-0.04507332590622415,0.024392560864878732,0.15007202932196878
1060040100,0.989188702431984,0.17400511003095337,-0.5419436610690769,0.02022488852412302,0.02443493045369749,0.14957017957725588
1061040100,0.9900454101877325,0.17351646108824853,-0.5419177927217508,0.02586834732608878,0.024477335724579774,0.14903912536366876
1062040100,0.9909021312861427,0.17289178744489067,-0.5419659055569753,-0.04811283522453358,0.024519778344096466,0.1483720091007942
1063040100,0.9917588275679254,0.17233031261900847,-0.5419983531413529,-0.03244758437753881,0.024562258458200148,0.14776805416080832
1064040100,0.9926155071121062,0.17183655885535384,-0.5419614353205956,0.03691782075738975,0.024604774174278532,0.1472317846810753
1065040100,0.9934722056997229,0.17127198652082698,-0.5419548911265047,0.006544194090833233,0.0246473258908253,0.14662466063000168
1066040100,0.9943289076629301,0.170721478122981,-0.5419811168523331,-0.026225725828360413,0.02468991538549048,0.14603156273749052
1067040100,0.9951855960983056,0.1702591652111643,-0.5419707000800077,0.010416772325348655,0.02473254188105045,0.14552662333011385
1068040100,0.996042289906962,0.16970589798109553,-0.5419661105057886,0.004589574219116654,0.024775204536034323,0.1449306934450612
1069040100,0.9968989860830277,0.16917566690609154,-0.5420045906437385,-0.03848013794997518,0.02481790429141384,0.1443577626146777
1070040100,0.9977556624095827,0.16864791304973026,-0.5419963831383937,0.008207505344777544,0.024860640998106476,0.14378727205162378
1071040100,0.9986123429699858,0.16815359945434472,-0.5419985292993613,-0.002146160967654298,0.024903413546915942,0.14325018590742877
1072040100,0.9994690224232956,0.16760658427141506,-0.5420007550957816,-0.0022257964202556657,0.024946223139522772,0.1426603611318923
1073040100,1.000325700728428,0.16699056612544758,-0.5420186082544151,-0.017853158633457822,0.024989069509469886,0.1420014966159777
1074040100,1.001182369823854,0.16651629647527189,-0.5420089125075006,0.009695746914494263,0.02503195265478908,0.1414843438204828
1075040100,1.0020390439209488,0.16602715917933777,-0.5419633790887985,0.04553341870202238,0.02507487217151194,0.14095228700782583
1076040100,1.0028957415059345,0.16553249510752344,-0.5419876673539568,-0.024288265158244005,0.025117828771605843,0.1404146663359176
1077040100,1.0037524265623188,0.16498616415251038,-0.5420034390667582,-0.015771712801457338,0.02516082338410186,0.13982534076840852
1078040100,1.004609103482919,0.16456925580927054,-0.5420153530680498,-0.011914001291665755,0.02520385420240956,0.13936540160686098
1079040100,1.0054657742575812,0.1640619158289026,-0.5420002368012896,0.015116266760173969,0.025246921446083093,0.1388149943828195
1080040100,1.0063224528300765,0.1635166752973834,-0.5420488936765593,-0.04865687526968471,0.025290025214470546,0.13822665008291285
1081040100,1.0071791063018802,0.16305116581852,-0.5420512155834104,-0.0023219068511627916,0.025333166209502878,0.13771799960901712
1082040100,1.0080357585758277,0.16259163994838272,-0.5420333918383105,0.017823745100000732,0.025376342773590466,0.13721529717479225
1083040100,1.0088924200448068,0.16199900095081152,-0.5420543984629249,-0.02100662461436692,0.02541955611000901,0.1365794448408025
1084040100,1.0097490706767207,0.1614448996643065,-0.5420773730273237,-0.022974564398832387,0.025462806743778543,0.13598209292052796
1085040100,1.0106057094559002,0.1609930050542768,-0.5420325006000675,0.0448724272562992,0.025506093663661744,0.13548691139061506
1086040100,1.0114623713846502,0.16047953761658032,-0.5420056841088746,0.026816491192818648,0.02554941681711398,0.13493012079946634
1087040100,1.012319047147136,0.16000402289632187,-0.5420289624036081,-0.023278294733357352,0.025592777975287362,0.1344112449210345
1088040100,1.013175710901159,0.15950526266210716,-0.5420203216249557,0.008640778652345416,0.025636176669276978,0.13386908599283018
1089040100,1.0140323791127135,0.1590290244061454,-0.5420296006102858,-0.009278985330058664,0.025679611590287976,0.1333494128158574
1090040100,1.0148890425375015,0.15843924726432534,-0.5420261543348166,0.003446275469219884,0.025723083572938066,0.13271616369138728
1091040100,1.0157457077401342,0.15800045116012043,-0.5420329110971771,-0.0067567623604851135,0.025766592148340095,0.13223385901178034
1092040100,1.0166023694571176,0.15750076792290776,-0.541981613548798,0.05129754837906486,0.02581013764995177,0.131690630272956
1093040100,1.0174590576362799,0.15700985925985578,-0.5420048233729101,-0.02320982411204303,0.02585371981034612,0.13115613944950966
1094040100,1.0183157338427804,0.1564015996021289,-0.5419964847703317,0.008338602578385645,0.025897340154831028,0.13050425944729788
1095040100,1.019172414350757,0.15596056919312273,-0.5419914453047733,0.005039465558397294,0.025940996727573662,0.13001957246554907
1096040100,1.0200290974583177,0.15539687795460777,-0.5419264083952876,0.065036909485643,0.02598469035766371,0.12941218759694406
1097040100,1.0208858141129045,0.1548547743316954,-0.5419439981334104,-0.01758973812280895,0.026028420958979837,0.12882635337271556
1098040100,1.0217425216947944,0.15431426229770007,-0.5418990241274861,0.04497400592428935,0.026072190113858085,0.12824207218384198
1099040100,1.0225992524735183,0.15389182347589633,-0.5418636529070265,0.03537122045963775,0.026115995646694756,0.12777582782920158
1100040100,1.023456001494904,0.1533224282235097,-0.5418278906569125,0.035762250113988814,0.026159839208670377,0.12716258901483932
1101040100,1.0243127689595346,0.15266825309915477,-0.5418502134335573,-0.022322776644774944,0.026203720549162313,0.12646453254999246
1102040100,1.0251695249120305,0.15212787026449545,-0.5417978125524667,0.05240088109059299,0.02624763968105981,0.12588023058343564
1103040100,1.0260263078876402,0.15161459486480822,-0.5417016066511767,0.09620590129001927,0.02629159506949108,0.12532299979531714
1104040100,1.0268831404704706,0.15109145551951994,-0.5416611100900215,0.040496561155286936,0.026335588692735,0.12475586682678494
1105040100,1.0277399939324119,0.1505238969750044,-0.5416330335909001,0.02807649912143162,0.026379621715609147,0.12414427525939525
1106040100,1.0285968618691363,0.15008687690016878,-0.5415988710744267,0.03416251647338936,0.026423692666558196,0.12366318423361058
1107040100,1.0294537474173668,0.1495604899612444,-0.5415412567353112,0.057614339115401814,0.02646780121870762,0.12309268874253679
1108040100,1.030310662664753,0.14908970500080856,-0.5415479305731816,-0.006673837870400046,0.026511947535844627,0.12257775746496394
1109040100,1.0311675744720412,0.14853541036570317,-0.5415087610300018,0.03916954317988969,0.026556132244010655,0.12197927812169251
1110040100,1.0320245064691245,0.14796892793879954,-0.5414963433412144,0.012417688787340342,0.026600353636403895,0.12136857430239564
1111040100,1.0328814448665844,0.14748227572530365,-0.5414409554409237,0.05538790029071927,0.0266446129337794,0.12083766279152425
1112040100,1.0337384118106974,0.14695785876148573,-0.5413782332087942,0.06272223212952704,0.026688909425899965,0.12026894933558577
1113040100,1.0345954110783677,0.1464428799867598,-0.5413543455885848,0.023887620209421367,0.026733244260039868,0.11970963572671994
1114040100,1.0354524226555053,0.14596059137863449,-0.5413104189186088,0.04392666997601685,0.026777617635765694,0.11918297374286879
1115040100,1.036309456867104,0.14552658381102132,-0.5412700733680849,0.04034555052388544,0.026822028519926988,0.11870455529109433
1116040100,1.037166511866434,0.14513019732254995,-0.5412450007476589,0.025072620425894865,0.026866477450067094,0.11826371987248285
1117040100,1.0380235797835335,0.14459768809477158,-0.5412430927115042,0.0019080361547271774,0.02691096433346374,0.11768672376130784
1118040100,1.0388806486836584,0.14407873374640928,-0.5412590944915483,-0.01600178004416397,0.026955488764027535,0.11712324498238175
1119040100,1.0397377093395275,0.1436073952681494,-0.5412058620610387,0.053232430509593476,0.027000050122900632,0.11660734514524876
1120040100,1.0405947974203567,0.14314370179671004,-0.5411582615746681,0.047600486370680595,0.027044647930107857,0.11609905386660219
1121040100,1.0414519100225523,0.1426255040660438,-0.5411334189266105,0.024842648057475325,0.027089284043206874,0.11553622002283692
1122040100,1.0423090354216544,0.14206045926857314,-0.5411113629698482,0.022055956762175644,0.027133958314585982,0.11492650095398715
1123040100,1.0431661721817436,0.141631094207089,-0.5410609100603284,0.050452909519762335,0.02717867013580033,0.11445242407128867
1124040100,1.0440233349284753,0.14117855386221764,-0.5409857953292515,0.07511473107695887,0.027223419433749285,0.11395513442846836
1125040100,1.0448805363603046,0.14069316746458108,-0.5409775534990816,0.008241830169866626,0.02726820697466792,0.11342496048991316
1126040100,1.045737742036493,0.14015334002599084,-0.5409567102499617,0.020843249119894935,0.02731303342648772,0.11284030659950312
1127040100,1.0465949584462308,0.13966235280855044,-0.5409183640933097,0.03834615665199753,0.02735789699118385,0.11230445581736659
1128040100,1.0474521946019346,0.1391581945316096,-0.5408516094777361,0.06675461557357076,0.027402798009596552,0.11175539652201305
1129040100,1.0483094651292464,0.13859308678873622,-0.5408081844694075,0.04342500832864182,0.02744773695600955,0.11114534983272667
1130040100,1.0491667580138204,0.13802127932215644,-0.5407570567728818,0.051127696525716804,0.027492714600892754,0.11052856472126368
1131040100,1.0500240772192955,0.1374611060179619,-0.5406742148233792,0.0828419495026066,0.02753773031780682,0.10992337570015509
1132040100,1.0508814390676364,0.1369097482120485,-0.540586770329641,0.08744449373822455,0.027582784318273212,0.10932696389377528
1133040100,1.051738845921618,0.13633278212167463,-0.5405039133207099,0.08285700893108328,0.02762787746475226,0.10870490465692237
1134040100,1.0525962954141195,0.13585821273991305,-0.5404242515860083,0.07966173470164195,0.027673009887418942,0.10818520285249411
1135040100,1.0534537858952908,0.1353946568732462,-0.5403305218739565,0.09372971205175967,0.027718181467584202,0.107676475405662
1136040100,1.0543113245966163,0.13488547250985472,-0.5402869314555377,0.04359041841875955,0.027763392123983266,0.10712208038587145
1137040100,1.0551688857208863,0.134321916639065,-0.5402478107235034,0.039120732034433,0.027808642243904558,0.10651327439516045
1138040100,1.0560264669675032,0.133832598151297,-0.5401847471423789,0.06306358112448529,0.02785393047090423,0.10597866768039277
1139040100,1.056884080649075,0.1333130737332433,-0.5400932610658205,0.09148607655837093,0.027899256686488627,0.10541381704675468
1140040100,1.0577417413778383,0.13274073516298826,-0.5400378053970739,0.055455668746585696,0.027944621545067605,0.10479611361792066
1141040100,1.0585994306214739,0.132175816753305,-0.539966097663134,0.07170773393998564,0.027990025824966125,0.10418579092833888
1142040100,1.0594571567327564,0.13166899250004346,-0.5398667276567333,0.09937000640073729,0.028035468550221765,0.1036335239498217
1143040100,1.0603149339266114,0.13124843154978558,-0.53976982778567,0.09689987106328207,0.02808095016786538,0.1031674813819202
1144040100,1.0611727609250734,0.13080959906038847,-0.5397008509348817,0.06897685078822208,0.0281264714375844,0.10268312762280407
1145040100,1.062030623371358,0.13036661999826982,-0.5396740537451177,0.026797189764049822,0.028172032298328986,0.10219458769994083
1146040100,1.0628884995878578,0.12986255313036932,-0.539637132203571,0.036921541546727554,0.02821763199334626,0.10164492113702306
1147040100,1.0637463947761434,0.12935521951197038,-0.5395971408010128,0.039991402558116285,0.028263269373795197,0.10109195013817518
1148040100,1.0646043105123142,0.12878527319958713,-0.5395254872443512,0.07165355666156992,0.02830894471875922,0.10047632848082791
1149040100,1.0654622630611932,0.12821662064442593,-0.5394510753122562,0.07441193209506092,0.02835465811495652,0.09986196252946941
1150040100,1.0663202538352599,0.12765307339267146,-0.5393441066881353,0.10696862412101177,0.028400410433004453,0.099252662959667
1151040100,1.0671782995504664,0.12721271363523232,-0.5392365366719536,0.10757001618172152,0.028446201753336453,0.09876651188189586
1152040100,1.0680364005057983,0.1266879375127567,-0.539130281129189,0.10625554276456817,0.028492032974359205,0.0981959045383975
1153040100,1.0688945560164897,0.12618095647405306,-0.5390846270012798,0.045654127909199926,0.028537904119424695,0.09764305235462836
1154040100,1.0697527349646518,0.12564002181116643,-0.5389956034342959,0.08902356698388991,0.02858381515926922,0.09705620665189721
1155040100,1.0706109596097195,0.12515614601341893,-0.5389143516776513,0.08125175664451595,0.028629764434398908,0.09652638157902002
1156040100,1.071469225956389,0.12461549048228233,-0.5388149302233968,0.09942145425462184,0.02867575314136772,0.09593973734091461
1157040100,1.072327543322356,0.12417898830488243,-0.5387429587567827,0.07197146661405524,0.02872178107198664,0.09545720723289579
1158040100,1.0731858976160404,0.12374995493474965,-0.5386414044447255,0.10155431205716528,0.02876784873221183,0.09498210620253782
1159040100,1.074044304008491,0.12327226536482022,-0.5385909418050583,0.050462639667207015,0.02881395537165332,0.0944583099931669
1160040100,1.074902736285681,0.12278355926547184,-0.5385432437993973,0.04769800566094276,0.028860101811240213,0.09392345745423163
1161040100,1.0757611930274853,0.12220571727158605,-0.5384701501217464,0.073093677650999,0.028906286647053747,0.0932994306245323
1162040100,1.0766196872557185,0.12166408390390668,-0.5383904591994022,0.07969092234412198,0.028952509806199345,0.09271157409770733
1163040100,1.0774782223485817,0.12115276658658285,-0.5382649330378173,0.1255261615849197,0.028998771994093175,0.09215399459248967
1164040100,1.0783368217988238,0.12062572891831237,-0.5381563158838504,0.10861715396697474,0.02904507339810536,0.09158065552020701
1165040100,1.079195476926263,0.12016232864295615,-0.5380617219095594,0.09459397429105229,0.029091415292270995,0.09107091335068515
1166040100,1.0800541805343593,0.11960445211572952,-0.5379581007555934,0.10362115396597246,0.02913779721611931,0.09046665489961021
1167040100,1.0809129372408421,0.11918592842420866,-0.5378852587188447,0.07284203674859735,0.029184218787900562,0.0900017096363081
1168040100,1.0817717312681092,0.11870807010200801,-0.5377639501359964,0.1213085828482793,0.0292306802640816,0.08947738983792641
1169040100,1.0826305874379931,0.11823102687709086,-0.5377113680484658,0.05258208753069343,0.029277180797155467,0.0889538460799354
1170040100,1.08348947054012,0.11783285266099026,-0.5376280503994382,0.08331764902755512,0.029323721737821273,0.08850913092316899
1171040100,1.0843483963122047,0.11734236907821644,-0.5375440729269251,0.08397747251293963,0.029370301184073355,0.08797206789414308
1172040100,1.0852073650861334,0.11679658120215834,-0.5374986211987026,0.045451728222505566,0.029416919994169177,0.08737966120798916
1173040100,1.086066357131731,0.11630096388201996,-0.5374059209004358,0.09270029826673104,0.029463578191926132,0.08683738569009383
1174040100,1.0869253966351644,0.11572228801399939,-0.5372843638695488,0.12155703088705946,0.02951027471017298,0.08621201330382641
1175040100,1.0877844983584257,0.11526197717701579,-0.5371867883286999,0.09757554084891851,0.029557010868551004,0.08570496630846479
1176040100,1.0886436500172345,0.11470917535854928,-0.5370464128697915,0.14037545890840192,0.029603787477547883,0.0851053878810014
1177040100,1.0895028735006547,0.11423388833684157,-0.5369641855262002,0.08222734359130321,0.029650603875825965,0.08458328446101561
1178040100,1.0903621390487148,0.11373602304745017,-0.5368344935607934,0.1296919654068487,0.029697461264294844,0.08403856178315533
1179040100,1.091221470930851,0.11311661238135622,-0.5367424942098502,0.09199935094320119,0.029744358027635087,0.08337225435372113
1180040100,1.0920808498595056,0.11268915135675625,-0.536638096513524,0.10439769632619117,0.029791295497698655,0.0828978558590576
1181040100,1.0929402821661196,0.11222406518961543,-0.5364715730792126,0.1665234343114483,0.029838272628584406,0.08238579256103103
1182040100,1.0937997995958495,0.11167106656687464,-0.536400055758926,0.07151732028651392,0.029885289773154966,0.08178577679371968
1183040100,1.0946593535763438,0.11114546687596762,-0.5363086816539032,0.09137410502276846,0.029932348677331078,0.08121311819863654
1184040100,1.0955189542495258,0.1106180507010902,-0.5361721303262239,0.1365513276793629,0.029979446689900158,0.08063860401119004
1185040100,1.0963786246878366,0.11011651340685458,-0.536048113514858,0.12401681136591894,0.030026584372226495,0.08008992903462808
1186040100,1.097238358473405,0.10969949364191327,-0.5359220195189139,0.12609399594415152,0.030073762997329112,0.07962573064458416
1187040100,1.0980981566536907,0.10924764480040691,-0.5358077470600638,0.11427245885006693,0.03012098222188797,0.07912666257851894
1188040100,1.098958013179766,0.10871790856828442,-0.5357347845881538,0.07296247191003344,0.030168242111958676,0.07854966645632575
1189040100,1.0998179069535032,0.10811098283129968,-0.5356433890277422,0.09139556041163399,0.030215542343277946,0.07789544048802173
1190040100,1.100677847378616,0.10760702469277518,-0.5355118755284713,0.13151349927086714,0.030262881761704108,0.07734414293107107
1191040100,1.1015378549200485,0.10713400443019672,-0.535340439152905,0.1714363755662626,0.0303102608906336,0.07682374353956312
1192040100,1.102397949929623,0.10661110460574655,-0.5352193640467823,0.12107510612271108,0.03035768086523305,0.0762534237405135
1193040100,1.1032581066974068,0.10612222243380603,-0.5351126965753232,0.10666747145902927,0.030405142817972575,0.07571707961583346
1194040100,1.1041183178638796,0.10570532106240269,-0.5349799276103039,0.13276896501929852,0.03045264534004488,0.0752526757223578
1195040100,1.1049785967267092,0.10521234938056064,-0.534863074417485,0.11685319281888784,0.03050018803281418,0.07471216134774646
1196040100,1.1058389351582005,0.10470563694857642,-0.5347812626514579,0.08181176602714685,0.03054777163940514,0.07415786530917128
1197040100,1.1066993152881712,0.10422373425386514,-0.5346603141627236,0.12094848873419486,0.030595395718776786,0.07362833853508835
1198040100,1.1075597570535913,0.10369864339050057,-0.5345313663895053,0.1289477732183322,0.030643059288546937,0.07305558410195363
1199040100,1.1084202645170393,0.10319902099227632,-0.5344137446071952,0.11762178231007958,0.030690763460160753,0.07250825753211557
1200040100,1.1092808318955207,0.10266119399986524,-0.5342733628495666,0.1403817576285115,0.03073850846736903,0.07192268553249621
1201040100,1.1101414707670914,0.10213123884524847,-0.5341446001719001,0.12876267766644933,0.030786293997724812,0.07134494484752366
1202040100,1.1110021751995174,0.10168261996708054,-0.5339955437105209,0.14905646137914755,0.030834120702913026,0.07084849926416752
1203040100,1.1118629555077684,0.10120342812102312,-0.5338492470169031,0.14629669361782438,0.030881988262425608,0.07032143985859751
1204040100,1.112723810268413,0.10064357689858931,-0.5337426050614721,0.10664195543094376,0.030929897259373007,0.0697136796392163
1205040100,1.113584719289001,0.1002035292326481,-0.533619601701693,0.12300335977911042,0.030977847624541255,0.06922568160810684
1206040100,1.1144456908821347,0.09959294018599787,-0.5334550323664401,0.16456933525293158,0.031025838241813375,0.0685671019441845
1207040100,1.115306746172302,0.0990845325144573,-0.5333493686068151,0.10566375962499949,0.031073869582414204,0.0680106629320431
1208040100,1.1161678551888832,0.09854561921408433,-0.5331570965543968,0.19227205241835732,0.031121942834580807,0.06742367637950353
1209040100,1.1170290619445726,0.09807699445703412,-0.5330147812719029,0.14231528249383615,0.031170056334222096,0.06690693812281202
1210040100,1.1178903410239633,0.09759794358288829,-0.5328560189976556,0.15876227424740236,0.031218212550591318,0.06637973103229697
1211040100,1.1187517007647254,0.09716611695338641,-0.5327313460747587,0.12467292289683277,0.031266410073840234,0.06589970687954617
1212040100,1.119613123832073,0.09668973147480021,-0.5326003849430794,0.13096113167927892,0.03131464938074657,0.06537508209405364
1213040100,1.1204746134056307,0.09619976655172842,-0.5324920549100205,0.10833003305882863,0.03136292951011299,0.06483683704161543
1214040100,1.121336157981444,0.09574194597485261,-0.5323603757099735,0.13167920004693176,0.031411250648847755,0.06433069532600486
1215040100,1.1221977694009386,0.09528818999798044,-0.532220809710876,0.13956599909751807,0.03145961215984627,0.06382857783813417
1216040100,1.1230594516513435,0.0947818974949344,-0.5320962833345689,0.12452637630715069,0.03150801471599607,0.06327388277893833
1217040100,1.1239211970857554,0.09437828817065994,-0.531972764418622,0.12351891594701248,0.031556458550493716,0.06282182962016622
1218040100,1.1247830051797936,0.09380956455009601,-0.531821847127739,0.1509172908829624,0.031604943242399486,0.06220462130769652
1219040100,1.1256448898144695,0.09328368497476137,-0.5317213468095053,0.10050031823359801,0.03165346877066355,0.061630216204097824
1220040100,1.1265068254089468,0.09277706971877367,-0.5315370344266502,0.18431238285513102,0.031702035926183925,0.061075033792589745
1221040100,1.1273688544384384,0.09235614316741467,-0.5313729743593198,0.16406006733034897,0.03175064327603394,0.060605499891380726
1222040100,1.128230966611635,0.09186550330764337,-0.5312174159092865,0.1555584500333812,0.0317992932251876,0.06006621008245577
1223040100,1.1290931575985859,0.0913326682523002,-0.5311037413589146,0.11367455037187507,0.03184798520457477,0.05948468304772543
1224040100,1.1299554061656019,0.09086293153633862,-0.5309541104755415,0.14963088337309727,0.03189671898044111,0.05896621255589751
1225040100,1.130817730508815,0.09034914011495898,-0.5307821979584805,0.17191251706103608,0.03194549336172514,0.05840364675323384
1226040100,1.1316801418882754,0.08980777538769844,-0.5306407772862068,0.14142067227357985,0.03199430938665415,0.057813466001044284
1227040100,1.1325426248473975,0.08933896592113617,-0.5304761832245092,0.16459406169771507,0.032043167703520226,0.05729579821761595
1228040100,1.1334051910936038,0.08889110877081147,-0.5302966009178143,0.1795823066949535,0.03209206744723403,0.05679904132357744
1229040100,1.1342678481845163,0.08845273945489708,-0.530152240109624,0.14436080819022848,0.03214100929190522,0.05631173016299186
1230040100,1.1351305782825813,0.08794528636600278,-0.5300173408110839,0.13489929854013644,0.032189993677953055,0.055755292688049726
1231040100,1.1359933765866082,0.08740202520499002,-0.5298861894516567,0.13115135942722214,0.03223901960343056,0.055163005601559456
1232040100,1.1368562411865617,0.08691701107566006,-0.5297193624779959,0.16682697366075952,0.032288086804953764,0.0546289242707063
1233040100,1.1377191900947226,0.08640744514355647,-0.5295334261735279,0.18593630446790882,0.032337195182929435,0.05407024996062704
1234040100,1.1385822329399415,0.08588090302884434,-0.5293755245516606,0.15790162186735177,0.032386345772557945,0.05349455725628639
1235040100,1.1394453555353614,0.08539906637121952,-0.5292042084895365,0.1713160621240543,0.03243553913413422,0.052963527237085306
1236040100,1.1403085646317739,0.08492848370201875,-0.5290232314791817,0.18097701035478245,0.03248477447058917,0.052443709231429575
1237040100,1.141171865079672,0.08446788520524402,-0.5288635240659431,0.15970741323862475,0.03253405217809302,0.051933833027151
1238040100,1.1420352461193481,0.08402557658785875,-0.5287083827406386,0.15514132530445995,0.032583372545396116,0.051442204042462636
1239040100,1.1428987054255704,0.08353694148144074,-0.5285571923339194,0.15119040671921483,0.03263273496926189,0.05090420651217885
1240040100,1.1437622409851622,0.0830838773773508,-0.5284141424965311,0.14304983738832794,0.0326821393273633,0.0504017380499875
1241040100,1.1446258486742278,0.08249594015801703,-0.5282468323685795,0.1673101279515586,0.03273158551484201,0.049764354643175024
1242040100,1.1454895407030188,0.08209180621707772,-0.5280962818065202,0.15055056205930337,0.03278107330550739,0.04931073291157033
1243040100,1.1463533086025037,0.08160614088921622,-0.5278769990352257,0.21928277129455637,0.03283060340950428,0.048775537479711945
1244040100,1.147217186975591,0.08110336664572815,-0.5277486894183727,0.12830961685295314,0.03288017535187748,0.048223191293850665
1245040100,1.1480811299711802,0.08058490274334817,-0.5275785227143299,0.1701667040426743,0.03292979113090411,0.04765511161244407
1246040100,1.1489451586484456,0.08011896063011009,-0.5273986748541022,0.17984786022770105,0.03297944812486264,0.04713951250524745
1247040100,1.1498092778548101,0.07957862498001315,-0.5272098253151699,0.1888495389322833,0.033029147554248794,0.04654947742576436
1248040100,1.150673492091319,0.07907396872299773,-0.5270461841700094,0.16364114516039463,0.03307888970963546,0.045995079013362264
1249040100,1.1515377886480431,0.07852339649861047,-0.5268441447378083,0.202039432201047,0.033128674862496155,0.04539472163611431
1250040100,1.1524021868094383,0.07796930921412355,-0.5266588146205912,0.1853301172170578,0.03317850229247199,0.04479080692165156
1251040100,1.1532666781414413,0.07743578649094553,-0.5264493045818219,0.20951003876926952,0.03322837312359184,0.04420741336735369
1252040100,1.1541312747642152,0.07692051947867175,-0.5262368073961996,0.21249718562231754,0.033278286882229224,0.04364223259644252
1253040100,1.1549959781402053,0.07628307863543615,-0.5260334041545093,0.2034032416902742,0.03332824428139247,0.04295483435404368
1254040100,1.155860783664269,0.07580382685701799,-0.5258379764991853,0.19542765532395465,0.033378245419683594,0.042425581437334395
1255040100,1.1567256872974048,0.07528383547276435,-0.5255800651748535,0.2579113243318539,0.033428290044707154,0.041855545428057195
1256040100,1.1575907203572546,0.07481320989349291,-0.5254001680467573,0.17989712809623984,0.03347837793607056,0.04133483195742235
1257040100,1.1584558436601697,0.07435984809698673,-0.5251987393240221,0.2014287227351345,0.03352851092254738,0.04083133717443935
1258040100,1.1593210679739705,0.07386941985507856,-0.5250209294390898,0.17780988493224087,0.033578686747851805,0.04029073310722675
1259040100,1.1601863814252968,0.07342929463897682,-0.5248507229508829,0.17020648820703083,0.033628906049258944,0.03980038858971788
1260040100,1.1610517801768765,0.07294636632565052,-0.5246608802068369,0.18984274404601809,0.03367916815030014,0.039267198175350376
1261040100,1.1619172740399895,0.07249253385006527,-0.5244951868012427,0.16569340559411255,0.03372947283974881,0.03876306101031646
1262040100,1.1627828508902838,0.07200598690699081,-0.5243070040868271,0.18818271441568096,0.033779820699976426,0.038226166207014384
1263040100,1.1636485219626598,0.07146717910299477,-0.5241323393452209,0.17466474160625756,0.033830211037585656,0.037636968065409115
1264040100,1.164514280461309,0.07102798840858755,-0.5239402222566178,0.19211708860303262,0.03388064451847228,0.03714734389011527
1265040100,1.1653801350912842,0.07055248591335017,-0.5237207746833455,0.2194475732722867,0.03393112075885796,0.036621365154492214
1266040100,1.1662460994890815,0.07004759929729448,-0.5235501349512486,0.1706397320969886,0.03398164027853312,0.03606595901876136
1267040100,1.167112149212165,0.0694906165798709,-0.523360265635062,0.1898693161866381,0.03403220388687345,0.03545841269299746
1268040100,1.167978293846297,0.06896143313735183,-0.5231545713136848,0.20569432137716526,0.034082810169692834,0.03487862296765899
1269040100,1.1688445412667756,0.06858535942135369,-0.5229215924263837,0.23297888730112587,0.03413345969917714,0.03445189972217655
1270040100,1.1697109050635504,0.06806827513924463,-0.5227013318872583,0.22026053912534208,0.03418415294904875,0.033884122190195876
1271040100,1.1705773788403795,0.06756417579114456,-0.522556750817268,0.14458106999026726,0.034234890729194944,0.03332928506194961
1272040100,1.1714439247862882,0.06696689218564948,-0.5223405065549606,0.2162442623075267,0.034285672680098855,0.03268121950555063
1273040100,1.172310578638865,0.06643376633921685,-0.5221296229116806,0.2108836432798993,0.03433649659793403,0.032097269741282825
1274040100,1.17317733768411,0.06590581134046912,-0.5218708299411909,0.25879297048969363,0.034387364590802605,0.031518446749666515
1275040100,1.1740442257674055,0.06544193505598471,-0.5216429258250371,0.22790411615377293,0.03443827651361886,0.03100365854236585
1276040100,1.1749112274390292,0.06489493466178808,-0.5214164274339088,0.22649839112829404,0.03448923378261881,0.030405700879169273
1277040100,1.1757783419537453,0.06445827706311508,-0.5212209160597133,0.1955113741954491,0.03454023550577645,0.029918041557338626
1278040100,1.1766455538378324,0.06397382118493236,-0.5209826243993482,0.23829166036510946,0.034591281654350325,0.029382539530582036
1279040100,1.17751288435208,0.06349121822569616,-0.5207985065165422,0.18411788280591124,0.03464237133144721,0.02884884689424895
1280040100,1.1783803064931055,0.06298831692505077,-0.5205893966386094,0.20910987793282892,0.03469350580400388,0.028294811121046898
1281040100,1.179247832662582,0.06244598725273182,-0.5203801233475563,0.20927329105305129,0.034744683494047024,0.0277013037586848
1282040100,1.1801154629038255,0.061926417459501094,-0.5201595711190741,0.22055222848225786,0.03479590514636044,0.027130512313140655
1283040100,1.1809832027847353,0.061378115318750696,-0.5199180956209706,0.24147549810344088,0.03484717077739674,0.026530944541353955
1284040100,1.1818510626581613,0.06085975444920609,-0.5196868364022013,0.23125921876930627,0.03489848073042623,0.025961273718779862
1285040100,1.182719037400054,0.060352224270505905,-0.519439989624488,0.24684677771329405,0.03494983563292564,0.025402388637580264
1286040100,1.1835871347016707,0.05992036883615953,-0.5192069515760985,0.23303804838944778,0.03500123519734544,0.024919133638814095
1287040100,1.1844553476584203,0.059407468052829586,-0.5189781886826849,0.22876289341367,0.035052679894977956,0.02435478815785163
1288040100,1.1853236741027136,0.05898176530280335,-0.5187862739945778,0.1919146881070829,0.035104169332527135,0.023877595970276215
1289040100,1.1861920957193826,0.058562118594096324,-0.5185526854815788,0.23358851299895778,0.03515570339674312,0.023406415197353203
1290040100,1.187060633131728,0.05802065008001112,-0.5183617191982699,0.19096628330899013,0.03520728101458914,0.02281336906542198
1291040100,1.1879292651756346,0.05748136606969368,-0.5181728167101524,0.1889024881175095,0.03525890342504567,0.022222462644648007
1292040100,1.1887979907972424,0.05696564890234679,-0.5179217947411914,0.25102196896093526,0.03531056938427568,0.021655079518071108
1293040100,1.1896668407210647,0.056533251501073245,-0.5176706613497885,0.2511333914028888,0.03536227884221077,0.021170972658862475
1294040100,1.1905358149474916,0.05603332774731185,-0.5174301547772677,0.24050657252071883,0.03541403364225104,0.02061929410506081
1295040100,1.1914049081652296,0.05553893605260735,-0.5172303171123285,0.1998376649392628,0.035465833800998325,0.020073102251609028
1296040100,1.1922741002149821,0.055033503752560615,-0.5169955901439668,0.2347269683617113,0.03551767901807423,0.019515824734486382
1297040100,1.1931434083073247,0.054531078554119594,-0.5167625142021457,0.2330759418211371,0.03556956810546552,0.018961510448654073
1298040100,1.194012831578643,0.05405870135414461,-0.5165227813797209,0.23973282242482263,0.03562150210498771,0.018437199249156898
1299040100,1.1948823732692893,0.05357092332620437,-0.5162834209336375,0.2393604460833425,0.035673480980491945,0.017897442345712423
1300040100,1.1957520331454654,0.05306606839909521,-0.5160580133366452,0.225407596992303,0.035725504941325426,0.017340563457769784
1301040100,1.1966218042723222,0.05255564460103633,-0.5158238031790281,0.23421015761710318,0.03577757398930359,0.01677807061173274
1302040100,1.197491690947579,0.052013502316673677,-0.515579918180304,0.24388499872407884,0.03582968772456141,0.016183814592112267
1303040100,1.1983616978936378,0.05156188947145175,-0.5153321013273986,0.24781685290539926,0.03588184641977321,0.01568004305167854
1304040100,1.1992318269964688,0.051058859078573604,-0.5150672141494052,0.2648871779934267,0.03593405037387143,0.015124808704702175
1305040100,1.20010208661149,0.050491374928906575,-0.5148465614279403,0.22065272146491036,0.03598629971621392,0.014505075212692654
1306040100,1.2009724548973868,0.05011203663995045,-0.5145990666790546,0.2474947488856007,0.036038594965408066,0.014073441674542386
1307040100,1.2018429450233636,0.04973303417446104,-0.514318082539551,0.28098413950359,0.03609093482496917,0.01364209934949187
1308040100,1.2027135734114012,0.04932382705643274,-0.5141302856689224,0.1877968706286495,0.036143320102262066,0.013180506954170675
1309040100,1.203584294169116,0.04883225937390944,-0.5139417712256756,0.18851444324675865,0.036195751802914344,0.012636507570995097
1310040100,1.2044551076185686,0.0482565062177731,-0.5137372079668424,0.20456325883325072,0.03624822717860354,0.01200827903916956
1311040100,1.2053260216158814,0.0478175927844163,-0.5134903545021268,0.24685346471563735,0.0363007462611904,0.011516846523225904
1312040100,1.2061970568992033,0.04733028019649388,-0.5132001299026784,0.29022459944843115,0.03635330953746774,0.010976970659026142
1313040100,1.2070682347100992,0.046844683347005686,-0.5129773201143553,0.22280978832317325,0.03640591827394246,0.010438765073063225
1314040100,1.207939521891765,0.0463579567445962,-0.5127292081760018,0.24811193835347056,0.03645857377118844,0.009899382973407762
1315040100,1.2088109308133808,0.04585642631968231,-0.5124808542217864,0.24835395421545156,0.03651127404200594,0.00934515227767637
1316040100,1.2096824615399733,0.04532102399090936,-0.512230834150578,0.25002007120830916,0.036564019850036544,0.00875700414087282
1317040100,1.21055411483439,0.044867910734900374,-0.511972280847045,0.25855330353296013,0.036616811215523626,0.008251099519376748
1318040100,1.2114258948225856,0.044497617526759646,-0.5116955924254658,0.2766884215792411,0.03666964820104113,0.007827969325718519
1319040100,1.2122978103264013,0.04400190861458853,-0.5114590138297703,0.23657859569552714,0.03672253107338008,0.00727937754120845
1320040100,1.2131698416480303,0.043552770265546895,-0.5112629759624372,0.19603786733308226,0.036775460385218395,0.0067773098803285
1321040100,1.2140419689036508,0.04303157830042988,-0.5110031097468912,0.25986621554597283,0.03682843495764487,0.00620314334278501
1322040100,1.2149142232769337,0.04254527490766775,-0.510765501956773,0.23760779011825398,0.03688145359697259,0.0056638213106951565
1323040100,1.215786593828267,0.04208949939040745,-0.5104906969039575,0.27480505281544987,0.03693451821390781,0.005154981176499644
1324040100,1.2166590986837875,0.04156033511650707,-0.5102322344124964,0.25846249146115635,0.03698762815923473,0.0045727069572723406
1325040100,1.2175317297963433,0.04108292338730228,-0.5099879954236651,0.2442389888312641,0.03704078455325899,0.0040421388340432934
1326040100,1.2184044801642873,0.040568530010847516,-0.5097058741908294,0.282121232835822,0.03709398692316768,0.003474543087679839
1327040100,1.2192773682197082,0.04002940006848022,-0.5094485450142009,0.25732917662847077,0.037147234858551315,0.0028821652099289066
1328040100,1.220150381802415,0.039485203607011785,-0.5091715669485862,0.2769780656146091,0.03720052950119879,0.0022846741058129977
1329040100,1.221023530432698,0.038995469438293844,-0.5088810123972134,0.2905545513728206,0.03725387012629966,0.0017415993119941839
1330040100,1.2218968206581209,0.03846175411064382,-0.5085867065208902,0.29430587632323046,0.03730725733300133,0.00115449677764249
1331040100,1.2227702542316474,0.0378751735907279,-0.508318522257391,0.26818426349922125,0.037360691540168744,0.0005144820505591577
1332040100,1.223643818364297,0.03742102965898487,-0.5080271496151233,0.2913726422677676,0.03741417287413995,6.8567848449177515e-06
1333040100,1.2245175242735666,0.03702150618036974,-0.507708040689613,0.3191089255103866,0.03746770057017912,-0.0004461943898093762
1334040100,1.2253913853703227,0.03663407486420127,-0.5074541115338994,0.25392915571348973,0.037521275333894266,-0.0008872004696929975
1335040100,1.2262653698930819,0.03617440497936817,-0.5072265628744272,0.2275486594721855,0.037574898007502355,-0.0014004930281341851
1336040100,1.2271394649713394,0.03563202067172613,-0.5070041542332524,0.2224086411748837,0.03762856666070036,-0.0019965459889742243
1337040100,1.2280136680640579,0.03512571615057559,-0.5067445766408741,0.2595775923782148,0.037682280518883005,-0.0025565643683074166
1338040100,1.2288879971679358,0.03465048023124601,-0.5064424270382675,0.3021496026066555,0.03773603944062032,-0.0030855592093743042
1339040100,1.2297624728752288,0.034199603470867174,-0.5061571746702435,0.2852523680240184,0.03778984454836021,-0.003590241077493034
1340040100,1.230637086914112,0.03371271538662129,-0.5058863754280745,0.27079924216896123,0.03784369712761304,-0.004130981740991753
1341040100,1.231511832209772,0.033227960556681056,-0.5056267225709451,0.2596528571293279,0.03789759668807946,-0.004669636131398404
1342040100,1.2323867032992992,0.03261332535582876,-0.5053479589859861,0.27876358495906894,0.03795154281186086,-0.0053382174560321
1343040100,1.2332617093756013,0.03213927241608061,-0.5050691613446149,0.27879764137117585,0.03800553517933025,-0.005866262763249641
1344040100,1.2341368503871613,0.03172696451174478,-0.5047240631408071,0.34509820380784617,0.038059574375342464,-0.006332609863597682
1345040100,1.235012158328573,0.03125905080894906,-0.5044481764690084,0.27588667179870474,0.038113660414843764,-0.006854609605894707
1346040100,1.2358875996460663,0.030732042580212435,-0.5042022061052837,0.24597036372476244,0.03816779529542913,-0.007435752715216695
1347040100,1.2367631598205604,0.03032343510053526,-0.5039273643246202,0.27484178066350545,0.038221976962045545,-0.007898541861510285
1348040100,1.2376388527405429,0.029873971505767212,-0.5036217895081799,0.305574816440185,0.03827620453306935,-0.008402233027302135
1349040100,1.2385146931720672,0.02931421543561241,-0.5033744664439643,0.24732306421555636,0.03833047888561225,-0.009016263449999843
1350040100,1.2393906529351135,0.02884626013402573,-0.5031056844555492,0.2687819884151664,0.038384800953682685,-0.009538540819656955
1351040100,1.240266742322695,0.028330950635050367,-0.5027805042154004,0.32518024014875924,0.038439169007421725,-0.010108218372371358
1352040100,1.2411429884491894,0.027892027418056808,-0.5025001567199908,0.2803474954096512,0.03849358370245071,-0.010601556284393899
1353040100,1.2420193696305584,0.027484623003062567,-0.5021949693568538,0.3051873631369729,0.03854804674210399,-0.011063423739041425
1354040100,1.24289589775488,0.027021811968707624,-0.5019269641898823,0.26800516697151666,0.03860255679822089,-0.011580744829513264
1355040100,1.2437725548521823,0.02649764588821264,-0.5016737710867364,0.2531931031458851,0.038657114629184974,-0.012159468740972335
1356040100,1.244649333736565,0.02599293887711161,-0.5013918160487559,0.28195503798046917,0.03871171913504767,-0.012718780257936064
1357040100,1.2455262481765068,0.02541827657071533,-0.5010780026090834,0.313813439672512,0.03876636988512416,-0.013348093314408834
1358040100,1.246403313406601,0.025002146764655904,-0.5007727768664786,0.30522574260478524,0.03882106775495586,-0.013818920990299959
1359040100,1.2472805252175236,0.024524542139538016,-0.5004312911959962,0.3414856704824706,0.03887581371407123,-0.014351271574533211
1360040100,1.248157900925786,0.024059495253044762,-0.5001681059795099,0.26318521648622595,0.03893060751972044,-0.014871112266675677
1361040100,1.249035402880977,0.023630203670872197,-0.499873094633366,0.29501134614391433,0.03898545027441358,-0.015355246603541383
1362040100,1.2499130462774741,0.02313073179147056,-0.49958329790273,0.289796730635935,0.03904033964423803,-0.01590960785276747
1363040100,1.250790828540794,0.02263829605795258,-0.49931038715478476,0.27291074794524,0.03909527659767065,-0.01645698053971807
1364040100,1.2516687415119938,0.022203801469334213,-0.49900125364875525,0.3091335060295263,0.039150260992439456,-0.016946459523105244
1365040100,1.2525468024606201,0.02178356888938399,-0.4986945196547429,0.3067339940123691,0.03920529233563386,-0.017421723446249867
1366040100,1.2534250101551276,0.021292820055150354,-0.49841575370710395,0.2787659476389827,0.039260371728563115,-0.01796755167341276
1367040100,1.2543033511435384,0.02078286753997784,-0.49814314411498584,0.2726095921180987,0.03931549911382248,-0.018532631573844643
1368040100,1.255181822416136,0.02019867478253862,-0.497834160647122,0.30898346786384645,0.039370673665871436,-0.019171998883332816
1369040100,1.256060441277605,0.019729226229022522,-0.49751442150125946,0.31973914586252045,0.039425895213430096,-0.019696668984407573
1370040100,1.2569392127771837,0.019176134397907416,-0.49715625990789875,0.35816159336072245,0.03948116486303732,-0.020305030465129905
1371040100,1.2578181551504215,0.018737341123336453,-0.4968543969290691,0.30186297882969165,0.039536482952531316,-0.020799141829194862
1372040100,1.2586972414505149,0.018238501948895827,-0.4965094712716553,0.3449256574137978,0.039591850651600424,-0.021353348702704597
1373040100,1.259576492111487,0.01769791534977979,-0.4962206817657787,0.2887895058765638,0.039647266283971305,-0.021949350934191515
1374040100,1.2604558803033874,0.017232733374488222,-0.49590073683370284,0.31994493207590446,0.03970273115853118,-0.022469997784042958
1375040100,1.261335420777805,0.016734293293142365,-0.49555870146524744,0.34203536845545834,0.039758243603145615,-0.02302395031000325
1376040100,1.2622151239494355,0.01632019068365237,-0.49525330323483713,0.305398230410317,0.039813804568574085,-0.023493613884921716
1377040100,1.2630949723039886,0.015834291850751518,-0.4949301436888991,0.32315954593802637,0.03986941473394623,-0.02403512288319471
1378040100,1.2639749741956365,0.015294719763253424,-0.4946481888533674,0.2819548355316579,0.039925073012867074,-0.02463035324961365
1379040100,1.2648551099724419,0.014887418612051395,-0.49432922873513235,0.31896011823507897,0.03998077995396443,-0.025093361341913034
1380040100,1.2657353971218719,0.014490989383340617,-0.4939822171004532,0.3470116346791468,0.04003653433261789,-0.02554554494927727
1381040100,1.2666158488549442,0.014152193928291729,-0.49370039110408426,0.28182599636887784,0.04009233727588679,-0.025940143347595063
1382040100,1.2674964341768402,0.01368711683559832,-0.49342307232230925,0.277318781774931,0.0401481896425544,-0.02646107280695608
1383040100,1.2683771508828154,0.013211823673080636,-0.4931737564200225,0.24931590228677453,0.0402040894865614,-0.026992265813480763
1384040100,1.2692579856482527,0.012744757144915643,-0.49286023400637036,0.3135224136521317,0.040260036685889844,-0.0275152795409742
1385040100,1.2701389687993756,0.012327492089870235,-0.4925405173994216,0.3197166069486808,0.04031603041099885,-0.027988538321128614
1386040100,1.2710201031786268,0.011905824801982576,-0.49222384472625247,0.31667267316916525,0.040372072607734566,-0.02846624780575199
1387040100,1.271901387257419,0.011490194044095646,-0.49193110193932615,0.29274278692629185,0.040428163477159273,-0.028937969433063628
1388040100,1.2727828096448512,0.011015414646752132,-0.49163517818331964,0.29592375600653653,0.04048430294229988,-0.029468888295547745
1389040100,1.2736643717670255,0.010538790581753629,-0.4913413048540095,0.29387332931017535,0.04054049029702611,-0.03000169971527248
1390040100,1.274546072579335,0.010058920953169636,-0.4910167713266741,0.32453352733542173,0.04059672565105643,-0.030537804697886795
1391040100,1.2754279264630304,0.009584941308343925,-0.4906902257470211,0.32654557965301667,0.040653008956613945,-0.03106806764827002
1392040100,1.2763099342733843,0.009069276382646308,-0.4903609611039435,0.329264643077643,0.0407093411514694,-0.0316400647688231
1393040100,1.277192097196877,0.008576371723608842,-0.49003355638441665,0.3274047195268344,0.04076572231101139,-0.03218935058740255
1394040100,1.2780744142624871,0.00809507431985478,-0.4896841404499401,0.3494159344765335,0.0408221525319874,-0.03272707821213262
1395040100,1.278956895728762,0.007618950869083413,-0.48934498144831656,0.33915900162349577,0.04087863177320017,-0.033259680904116753
1396040100,1.2798395366667557,0.007134419279420651,-0.4890105260109265,0.3344554373901041,0.040935160712869845,-0.033800741433449195
1397040100,1.2807223347654368,0.006703502500791375,-0.4886775673960183,0.33295861490809386,0.04099173905715858,-0.03428823655636721
1398040100,1.2816052892233603,0.006227986488392993,-0.48833929778948715,0.338269606531228,0.041048366679351744,-0.034820380190958754
1399040100,1.2824884024343572,0.005803094302671224,-0.48802683586071877,0.31246192876833934,0.04110504354926192,-0.0353019492465907
1400040100,1.2833716621968638,0.005351399585986305,-0.48769098530544275,0.33585055527601804,0.041161769841878026,-0.03581037025589172
1401040100,1.2842550793845005,0.0049057973699727616,-0.48737945871519545,0.3115265902473498,0.041218544794123346,-0.03631274742415058
1402040100,1.2851386425066762,0.004412654094116141,-0.4870534895903141,0.3259691248813916,0.041275369125532535,-0.036862715031416395
1403040100,1.286022358237188,0.0039920984029137635,-0.4867295371730916,0.32395241722248574,0.04133224211755859,-0.03734014371464483
1404040100,1.286906225538847,0.0035628662032274384,-0.48638068986310334,0.3488473099882257,0.041389164220017705,-0.037826298016790265
1405040100,1.2877902559557743,0.0030931289623977033,-0.4860671568346384,0.31353302846495174,0.041446135386728145,-0.03835300642433044
1406040100,1.2886744328837958,0.0025962767948424837,-0.485748288613073,0.31886822156538375,0.04150315638311142,-0.03890687958826893
1407040100,1.2895587587268496,0.002132019296647728,-0.48540808943962505,0.3401991734479316,0.0415602261591701,-0.03942820686252237
1408040100,1.2904432433475896,0.0016332413026097091,-0.48505320056908946,0.3548888705356058,0.04161734489012048,-0.03998410358751077
1409040100,1.2913278934928962,0.0011661338953783279,-0.48471354180333,0.3396587657595142,0.04167451323386828,-0.040508379338489955
1410040100,1.2922127019549114,0.0006951510031842272,-0.48435548609057455,0.358055712755428,0.0417317316484791,-0.04103658064529487
1411040100,1.2930976771980254,0.0001780032259290638,-0.48401219198414724,0.3432941064273003,0.041788999689718054,-0.04161099646378899
1412040100,1.2939828122397963,-0.00027148889149778414,-0.4836658788200576,0.3463131640895946,0.04184631792747595,-0.04211780681897374
1413040100,1.2948681083798597,-0.0006296161115135898,-0.483295309183148,0.3705696369096252,0.04190368593166838,-0.04253330204318197
1414040100,1.295753576784273,-0.0011355427497171727,-0.48295752877269205,0.3377804104559698,0.0419611038083012,-0.04309664655801838
1415040100,1.2966392021045858,-0.001595567450110393,-0.4826645747845281,0.2929539881639445,0.042018572304193924,-0.04361413975430432
1416040100,1.2975249634348622,-0.0020884921686510427,-0.48229656898737217,0.36800579715597453,0.042076090445540615,-0.04416458261419166
1417040100,1.298410895511734,-0.002511302579198158,-0.481950454250711,0.34611473666125686,0.04213365689449944,-0.04464495947369759
1418040100,1.2992969880687442,-0.0028974831638937243,-0.48158676436883496,0.36368988187603735,0.04219127392948607,-0.0450887570933798
1419040100,1.300183249140442,-0.0032660411328848493,-0.48125714549305076,0.3296188757842421,0.042248940905302845,-0.04551498203818769
1420040100,1.301069662838855,-0.0037721397854366414,-0.4809449288646562,0.3122166283945642,0.04230665836718828,-0.04607879815262492
1421040100,1.3019562210172324,-0.004296777449269779,-0.4806406457502178,0.304283114438423,0.0423644253022708,-0.04666120275154058
1422040100,1.3028429199211422,-0.004781284557498241,-0.48026643982622524,0.3742059239925748,0.04242224119984783,-0.04720352575734607
1423040100,1.3037297917760757,-0.005229281390738602,-0.47988177500822193,0.38466481800331775,0.04248010583450679,-0.04770938722524539
1424040100,1.3046168412864954,-0.005686151592199595,-0.4795160663559942,0.3657086522277191,0.0425380213305786,-0.0482241729227782
1425040100,1.3055040595758816,-0.006106365335970017,-0.47916757558589546,0.34849077009872387,0.042595988019090925,-0.04870235335506094
1426040100,1.3063914385875632,-0.006654992536751878,-0.47881359286168623,0.3539827242092385,0.04265400534352537,-0.04930899788027725
1427040100,1.3072789807440741,-0.007074079212874632,-0.4784769565862248,0.3366362754614247,0.04271207279944278,-0.04978615201231741
1428040100,1.3081666779475498,-0.007510296776263025,-0.4780748751272028,0.40208145902202397,0.04277019056740983,-0.05028048734367285
1429040100,1.3090545602087085,-0.007927389255071941,-0.47773658436559735,0.33829076160546967,0.04282835813883068,-0.05075574739390262
1430040100,1.309942598056742,-0.0083040616541633,-0.47738871448836256,0.34786987723481094,0.04288657750332803,-0.05119063915749133
1431040100,1.3108307957912975,-0.008775152949438989,-0.4770494306331926,0.33928385516993204,0.042944846751655774,-0.05171999970109476
1432040100,1.3117191493625655,-0.00930523064633615,-0.4767294619926714,0.31996864052119095,0.04300316618742528,-0.05230839683376143
1433040100,1.3126076498051666,-0.009850877162312206,-0.4763611999888751,0.36826200379632384,0.04306153556624537,-0.052912412728557574
1434040100,1.3134963191740232,-0.010290239947323062,-0.4759622429185913,0.3989570702837884,0.04311995431968896,-0.05341019426701202
1435040100,1.314385171413329,-0.010800561728235127,-0.4755542686209175,0.40797429767382587,0.043178423919396636,-0.05397898564763176
1436040100,1.3152742105100133,-0.011229806063499426,-0.4751984151008248,0.3558535200927051,0.04323694530676647,-0.054466751370265895
1437040100,1.3161634124712778,-0.01168610919191466,-0.47480591850261383,0.39249659821095406,0.04329551876945459,-0.054981627961369246
1438040100,1.3170527939370822,-0.012136425190564024,-0.4744529589539717,0.352959548642115,0.04335414275054106,-0.05549056794110508
1439040100,1.3179423367085332,-0.01255278551605399,-0.4740854148953359,0.3675440586357637,0.04341281837040967,-0.055965603886463655
1440040100,1.3188320473330981,-0.01299418159300039,-0.47371982059895495,0.365594296380934,0.04347154445164492,-0.05646572604464531
1441040100,1.319721924801108,-0.013490204338859604,-0.47337022873565693,0.3495918632980056,0.04353032144895863,-0.05702052578781824
1442040100,1.3206119616984113,-0.013974849453653893,-0.473007093192443,0.3631355432139773,0.043589149318474796,-0.057563998772128686
1443040100,1.3215021640863445,-0.01448642760595789,-0.47261550917744066,0.3915840150023579,0.0436480275923401,-0.05813445519829799
1444040100,1.3223925447980969,-0.014971063306718551,-0.4722285017290189,0.3870074484217818,0.04370695669370761,-0.05867802000042616
1445040100,1.3232831016153963,-0.015388277876264954,-0.4718268613335838,0.4016403954350871,0.04376593749556079,-0.05915421537182575
1446040100,1.324173841055839,-0.015809179533418663,-0.47143757908067235,0.3892822529114802,0.04382496987513562,-0.059634149408554285
1447040100,1.3250647573631364,-0.01610232570051549,-0.4710810291106089,0.3565499700634175,0.04388405428893449,-0.05998637998944999
1448040100,1.325955835547215,-0.01656661836835526,-0.47072164960748797,0.35937950312099576,0.04394319037966454,-0.060509808748019804
1449040100,1.326847076778074,-0.016980956587398847,-0.4704254174464142,0.29623216107380024,0.044002377175470286,-0.06098333376286913
1450040100,1.32773845231987,-0.017395693848512972,-0.4700425397235038,0.38287772291040667,0.0440616147762789,-0.06145730862479187
1451040100,1.3286300013416013,-0.017881073478832672,-0.4696836666708503,0.35887305265345393,0.0441209012924908,-0.06200197477132347
1452040100,1.3295217128482124,-0.018405875813560547,-0.46932362159190527,0.360045078945021,0.04418023935035009,-0.06258611516391063
1453040100,1.3304135872549483,-0.01886916051935484,-0.4689271401221574,0.396481469747862,0.044239628241044215,-0.06310878876039905
1454040100,1.3313056409134651,-0.019275591744789947,-0.4685097535013373,0.41738662082020517,0.044299068014488796,-0.06357465975927874
1455040100,1.332197883123599,-0.019660462105495408,-0.46812205480465013,0.38769869668712376,0.04435855978385206,-0.06401902188934747
1456040100,1.3330903003347814,-0.020129872852668602,-0.46776182500419367,0.3602298004564721,0.04441810419448089,-0.06454797704714949
1457040100,1.333982880027768,-0.0205394052798033,-0.4674114604859266,0.3503645182670987,0.04447770036691523,-0.06501710564671853
1458040100,1.3348756176417078,-0.020942871546545498,-0.4670177418796836,0.3937186062429314,0.044537347488212475,-0.06548021903475798
1459040100,1.3357685325869628,-0.021440140708419392,-0.4666529985999316,0.36474327975200793,0.04459704527554109,-0.06603718598396048
1460040100,1.3366616116895034,-0.0218857641931554,-0.46629033673925196,0.36266186067958284,0.044656795049839104,-0.0665425592429945
1461040100,1.3375548538947628,-0.022332819738477686,-0.4658796333996495,0.4107033396024652,0.044716595952948524,-0.06704941569142621
1462040100,1.3384482806669478,-0.022740865378632485,-0.46549371648543464,0.38591691421492125,0.04477644793668034,-0.06751731331531283
1463040100,1.3393418807298967,-0.023255095320584788,-0.4651060441855573,0.3876722998773695,0.0448363524630615,-0.06809144778364629
1464040100,1.3402356547378471,-0.023719756875625792,-0.46473691466660594,0.36912951895136814,0.04489630880052431,-0.0686160656761501
1465040100,1.3411295942459822,-0.024192016109207123,-0.46431351871865617,0.4233959479497714,0.04495631701675862,-0.06914833312596574
1466040100,1.3420237234348145,-0.024644033901515247,-0.46391383168523376,0.3996870334224253,0.045016376568042915,-0.06966041046955816
1467040100,1.3429180315357159,-0.025041574025611794,-0.4635092555074464,0.4045761777873174,0.045076489103291095,-0.0701180631289029
1468040100,1.3438125205917184,-0.025451562519695468,-0.4631137492976586,0.3955062097877632,0.0451366539237803,-0.07058821644347577
1469040100,1.3447071864045657,-0.025965250412674425,-0.462744540369467,0.36920892819166423,0.04519687119161375,-0.07116212160428817
1470040100,1.3456020170953629,-0.026440647309680734,-0.46236814062108583,0.37639974838117546,0.045257140648693905,-0.07169778795837464
1471040100,1.3464970157497549,-0.026973876566930188,-0.46193871716393353,0.42942345715228997,0.04531746151823768,-0.07229133808516787
1472040100,1.3473922058740428,-0.027455186726216115,-0.46152734206300267,0.411375100930883,0.04537783403110751,-0.07283302075732362
1473040100,1.3482875792660707,-0.027972396897073135,-0.46108583775674694,0.4415043062557189,0.04543825979758864,-0.07341065669466178
1474040100,1.3491831491798318,-0.02838838409972337,-0.46066918290081577,0.41665485593113344,0.045498738289726504,-0.07388712238944987
1475040100,1.3500789043942687,-0.028906181736466596,-0.4602333962989447,0.43578660187104323,0.04555927042882146,-0.07446545216528806
1476040100,1.3509748532515444,-0.02937336506559417,-0.459847241319015,0.38615497992968784,0.0456198554826166,-0.07499322054821077
1477040100,1.351870973555542,-0.029827162330247303,-0.45940899789930767,0.4382434197073488,0.04568049404134911,-0.07550765637159641
1478040100,1.352767288270828,-0.030327496837130954,-0.4589949792371637,0.414018662143924,0.04574118462782906,-0.07606868146496001
1479040100,1.3536637864928072,-0.03074375431537142,-0.45858659861768103,0.408380619482697,0.045801928822488236,-0.07654568313785966
1480040100,1.3545604655719683,-0.031242286974011726,-0.4581538004155904,0.43279820209065356,0.045862725912254376,-0.0771050128862661
1481040100,1.355457336158763,-0.0316329227951827,-0.45776206017113186,0.39174024445855393,0.04592357574248851,-0.07755649853767121
1482040100,1.3563543799407274,-0.032066950054956495,-0.4573280372012616,0.4340229698702195,0.04598447906153069,-0.07805142911648719
1483040100,1.3572516154510377,-0.032464897066058096,-0.4569470328274416,0.38100437382000746,0.04604543465091382,-0.07851033171697192
1484040100,1.3581490191295806,-0.03291059384948906,-0.4565433166334514,0.4037161939901988,0.04610644379509665,-0.0790170376445857
1485040100,1.3590466008587792,-0.03338260688591986,-0.45615669587408686,0.3866207593645268,0.04616750491682353,-0.07955011180274339
1486040100,1.359944352961914,-0.03388447914446533,-0.4557451607239753,0.41153515011154224,0.04622861871234818,-0.0801130978568135
1487040100,1.3608422862706806,-0.034304377817486284,-0.455319374856801,0.4257858671742649,0.046289784682976176,-0.08059416250046246
1488040100,1.3617404068998367,-0.03470695247953443,-0.45487750721455933,0.4418676422416129,0.046351003590906714,-0.08105795607044114
1489040100,1.362638721752239,-0.03518529918652806,-0.4544756376612668,0.40186955329253515,0.046412275878399356,-0.08159757506492742
1490040100,1.3635372130944028,-0.03571361260437877,-0.4540814757297805,0.39416193148625916,0.046473602042635065,-0.08218721464701384
1491040100,1.3644358774004002,-0.03608272192136175,-0.45364832149170753,0.433154238072998,0.04653498089851027,-0.08261770281987202
1492040100,1.3653347316195856,-0.03651056980106421,-0.45318897816783876,0.45934332386873794,0.04659641222925259,-0.0831069820303168
1493040100,1.366233787050116,-0.036956900680657497,-0.4528083495756749,0.38062859216387723,0.04665789721849123,-0.08361479789914872
1494040100,1.367133009067968,-0.037484946593454006,-0.4523973462071653,0.41100336850965824,0.046719436665991765,-0.08420438325944576
1495040100,1.3680324108207915,-0.037894260692745284,-0.4519760583689251,0.42128783824020744,0.04678102822713015,-0.08467528891987544
1496040100,1.3689319966483844,-0.03837428239749834,-0.4515127076823165,0.46335068660861595,0.04684267282634025,-0.0852169552238386
1497040100,1.3698317847450436,-0.03873090893036545,-0.45110775446602763,0.40495321628886566,0.04690437078616583,-0.08563527971653129
1498040100,1.3707317494600035,-0.039204734807427984,-0.450666337327371,0.44141713865664745,0.046966123381082525,-0.0861708581885105
1499040100,1.3716319065287044,-0.03961485620897524,-0.4502857536988562,0.3805836285147999,0.047027928876801184,-0.08664278508577641
1500040100,1.3725322293012854,-0.0400513528373005,-0.44984547268509717,0.44028101375904616,0.047089788379430786,-0.08714114121673128
1501040100,1.3734327436069431,-0.04057669325252974,-0.4494360729438319,0.40939974126523965,0.047151700082284975,-0.08772839333481472
1502040100,1.3743334358549386,-0.04102867293028287,-0.449012462672403,0.4236102714288963,0.04721366578621655,-0.08824233871649942
1503040100,1.3752343120628512,-0.04141173612173695,-0.44854322889474507,0.46923377765790747,0.04727568458153897,-0.08868742070327593
1504040100,1.3761353918547454,-0.04187483994391803,-0.4481096209431837,0.433607951561413,0.04733775690760211,-0.08921259685152014
1505040100,1.3770366595974564,-0.042284152140453043,-0.4477095541983664,0.4000667448172965,0.04739988414329943,-0.08968403628375247
1506040100,1.3779381006019837,-0.04270308467268042,-0.4472683892212528,0.44116497711362673,0.04746206523779861,-0.09016514991047903
1507040100,1.3788397324999704,-0.04307853798983325,-0.4468531501409792,0.41523908027360334,0.04752429920263168,-0.09060283719246492
1508040100,1.3797415439128848,-0.04340995017338356,-0.44643211212469835,0.421038016280844,0.047586587280239456,-0.09099653745362302
1509040100,1.3806435371889398,-0.04380630495648492,-0.4460319111767779,0.4002009479204477,0.04764892871016002,-0.09145523366664494
1510040100,1.3815457031795488,-0.04420861937194866,-0.44565291661227535,0.3789945645025281,0.04771132367972086,-0.09191994305166952
1511040100,1.3824480325994726,-0.04464577004734819,-0.44524050647867186,0.412410133603514,0.04777377158062279,-0.09241954162797097
1512040100,1.3833505397108556,-0.045024439637699996,-0.4448241605385838,0.41634594008797454,0.04783627179343242,-0.09286071143113242
1513040100,1.384253226053779,-0.045357349564438064,-0.4443893710107977,0.4347895277861359,0.04789882532965706,-0.09325617489409513
1514040100,1.385156099400942,-0.04581038215674883,-0.44398291291757475,0.4064580932229452,0.047961432320764885,-0.09377181447751372
1515040100,1.386059147412552,-0.04623468485918977,-0.4435985168948814,0.38439602269335343,0.04802409333119684,-0.09425877819038661
1516040100,1.386962360470764,-0.04670788226845359,-0.4431530011425341,0.4455157523472486,0.04808680752961081,-0.09479468979806441
1517040100,1.3878657646513364,-0.04717542948959471,-0.44272084970732906,0.43215143520505683,0.0481495742716298,-0.09532500376122452
1518040100,1.3887693540497708,-0.04749055298923337,-0.4422631527186075,0.45769698872157655,0.048212395394021,-0.09570294838325437
1519040100,1.3896731394307504,-0.04791990830004107,-0.44180719289707404,0.45595982153338993,0.04827527051227065,-0.09619517881231172
1520040100,1.3905771198621788,-0.04835083888911659,-0.44142666194112684,0.38053095594715824,0.04833820040183667,-0.09668903929095327
1521040100,1.3914812629332314,-0.048802660507878445,-0.4409880031235362,0.43865881759061875,0.04840118502490043,-0.09720384553277887
1522040100,1.3923855933254112,-0.04923073211040688,-0.44054754146963854,0.440461653897672,0.04846422214806623,-0.0976949542584731
1523040100,1.3932901116334993,-0.04966646305828687,-0.4400955783333628,0.45196313627571494,0.04852731351643058,-0.09819377657471745
1524040100,1.3941948225820024,-0.05012600710479156,-0.43965448075666275,0.441097576700068,0.04859045919751637,-0.09871646630230793
1525040100,1.3950997213614948,-0.05072396239334391,-0.43920852859766824,0.44595215899449525,0.04865365954754708,-0.09937762194089099
1526040100,1.396004809860205,-0.05116414810563376,-0.43874959706609584,0.4589315315723809,0.04871691425693925,-0.099881062362573
1527040100,1.39691009341195,-0.05164477983086779,-0.4382201103138231,0.5294867522728236,0.048780223483898766,-0.10042500331476656
1528040100,1.397815601766901,-0.052055018897792675,-0.4377684741010194,0.451636212803748,0.048843587628212504,-0.10089860652600519
1529040100,1.3987213016715812,-0.05251245354698794,-0.43729549943132734,0.4729746696920469,0.04890700880132215,-0.10141946234831009
1530040100,1.3996272019781013,-0.0529078022464435,-0.43685674525591184,0.438754175415497,0.0489704847030481,-0.10187828694949161
1531040100,1.4005332880058685,-0.053265162398569356,-0.43639332410395115,0.4634211519606775,0.04903401598100743,-0.10229917837957678
1532040100,1.4014395700068112,-0.05363775574679663,-0.4359600004787888,0.43332362516234907,0.04909760163246446,-0.1027353573792611
1533040100,1.4023460350770995,-0.05409352786715367,-0.43554480204893525,0.415198429853504,0.04916124240338604,-0.10325477027053971
1534040100,1.4032526753995764,-0.05445630698661486,-0.4351210869930604,0.42371505587479785,0.04922493741399592,-0.10368124440061077
1535040100,1.4041594944079092,-0.05484930060353274,-0.43465471649701465,0.466370496045756,0.04928868613993487,-0.10413798674346761
1536040100,1.4050665099022064,-0.05527012956610379,-0.43423396258806146,0.42075390895316683,0.04935248884728338,-0.10462261841338717
1537040100,1.4059737024945256,-0.05569885912373404,-0.43379716084702663,0.43680174103483266,0.049416346814531664,-0.1051152059382657
1538040100,1.4068810787695931,-0.05610297997149261,-0.4333454444293557,0.4517164176709363,0.0494802587026868,-0.1055832386741794
1539040100,1.4077886448171988,-0.0565755084390843,-0.4328887654708102,0.4566789585455331,0.04954422500076916,-0.10611973343985345
1540040100,1.4086964025339272,-0.057052269123250766,-0.4324434274879452,0.4453379828649878,0.049608246164090986,-0.10666051528734175
1541040100,1.4096043469776232,-0.057519089153528755,-0.43196278516328207,0.48064232466310713,0.04967232235300045,-0.10719141150652921
1542040100,1.410512492749091,-0.057893333514585504,-0.4314789175437916,0.48386761949046936,0.04973645324498932,-0.10762978675957482
1543040100,1.411420840987404,-0.058230704285457485,-0.43099893099786113,0.4799865459304673,0.049800639898389676,-0.10803134418384716
1544040100,1.41232938985847,-0.05866774331677733,-0.43056432754380664,0.43460345405450296,0.04986488242181508,-0.1085326257385924
1545040100,1.413238120211744,-0.05904113549202057,-0.4301473297232434,0.4169978205632387,0.04992918071361885,-0.10897031620563942
1546040100,1.4141470245340941,-0.059456216729328576,-0.42967946721362077,0.46786250962259324,0.04999353344515001,-0.10944975017447858
1547040100,1.4150561238578325,-0.05984139688871021,-0.42924252542235924,0.43694179126154586,0.05005794010916631,-0.10989933699787652
1548040100,1.4159654051157446,-0.06028113425372259,-0.4287837531580201,0.45877226433914353,0.05012240222180253,-0.11040353647552512
1549040100,1.4168748772107949,-0.06071420762958588,-0.42833900442379014,0.44474873422995187,0.050186918882790366,-0.11090112651237624
1550040100,1.4177845341268347,-0.06109817969530236,-0.427865941304517,0.47306311927313166,0.050251490749840144,-0.1113496704451425
1551040100,1.418694387432787,-0.061482789113552615,-0.4273951872863016,0.4707540182153868,0.05031611742204234,-0.11179890653559496
1552040100,1.4196044359679132,-0.06183930644032279,-0.4269480593231076,0.4471279631940289,0.050380799747912874,-0.11222010618823566
1553040100,1.4205146697473663,-0.06221226694576546,-0.42649968627332424,0.4483730497833296,0.050445537672271,-0.11265780461803646
1554040100,1.421425089104246,-0.06268536986758926,-0.42606448895953486,0.4351973137893346,0.05051033051139697,-0.11319570037898623
1555040100,1.4223356884101972,-0.06307197293817628,-0.42562016709233624,0.44432186719864314,0.05057517831491509,-0.11364715125309137
1556040100,1.4232464712601913,-0.06345931204758122,-0.4251246706333003,0.49549645903596906,0.050640080707484714,-0.11409939275506593
1557040100,1.4241574585817725,-0.06396020263939615,-0.4246714937944307,0.45317683886964344,0.05070503797075432,-0.11466524061015047
1558040100,1.4250686327155015,-0.06434418804660569,-0.42421701690805674,0.45447688637394545,0.050770051624400736,-0.11511423967100642
1559040100,1.4259799940093614,-0.0648244551127943,-0.42370460427679846,0.5124126312582696,0.050835120435483105,-0.11565957554827741
1560040100,1.426891566096359,-0.06528433530665546,-0.4232497185506883,0.45488572611012895,0.05090024445501129,-0.11618457976166675
1561040100,1.4278033251108835,-0.06577599627314638,-0.4227455736086943,0.5041449419940116,0.05096542539957838,-0.11674142167272476
1562040100,1.428715291074754,-0.06622894041906378,-0.42225054351806773,0.49503009062659187,0.05103066159050229,-0.11725960200956607
1563040100,1.4296274600208243,-0.06664845013806411,-0.42173848162363303,0.5120618944347133,0.05109595448789506,-0.11774440462595917
1564040100,1.430539838697617,-0.06709114864797021,-0.421244713312164,0.4937683114690006,0.05116130383639472,-0.11825245248436493
1565040100,1.4314524193858669,-0.06758977004188672,-0.4207666642704651,0.4780490416989156,0.05122671014834168,-0.1188164801902284
1566040100,1.4323651954424945,-0.06803804313878614,-0.420275976141946,0.49068812851915034,0.05129217289915999,-0.11933021603794614
1567040100,1.4332781718158798,-0.06851088852308064,-0.4197561701836965,0.5198059582495073,0.05135769164014192,-0.11986858016322256
1568040100,1.4341913601532046,-0.06893137954865489,-0.41926048279519795,0.4956873884985297,0.05142326675418829,-0.12035464630284318
1569040100,1.4351047503896823,-0.06937101009914358,-0.41875140423547297,0.5090785597249711,0.051488899106733044,-0.12085990920587662
1570040100,1.4360183477460882,-0.06973737246454235,-0.4182675019891027,0.48390224637027557,0.05155458800338053,-0.12129196046792289
1571040100,1.4369321417598806,-0.07014925657237793,-0.4177729910693295,0.4945109197731379,0.05162033384824838,-0.12176959042062631
1572040100,1.43784613652135,-0.07052709397426846,-0.4173142215515706,0.4587695177588935,0.051686135916718,-0.12221322989098646
1573040100,1.438760317321344,-0.07091291325541381,-0.4168317076784398,0.48251387313079064,0.051751994531183954,-0.12266490778659776
1574040100,1.439674693580983,-0.07124854522749209,-0.41636530149325063,0.46640618518914434,0.05181790865891145,-0.12306645388640354
1575040100,1.4405892585729243,-0.07167055537521715,-0.41589397314498555,0.4713283482650745,0.051883879005956146,-0.12355443438117329
1576040100,1.4415040140868218,-0.072050829338434,-0.41544690713695714,0.4470660080283859,0.05194990511392561,-0.12400073445235961
1577040100,1.4424189501274787,-0.07239257415001879,-0.4149556480881316,0.4912590488255447,0.052015987138659625,-0.12440856128867842
1578040100,1.4433340843293174,-0.07288463347033002,-0.414484336461202,0.4713116269296219,0.05208212438418158,-0.1249667578545116
1579040100,1.4442494084384803,-0.07331239115083206,-0.4140314460355802,0.45289042562177484,0.05214831815182208,-0.12546070930265413
1580040100,1.4451649148408856,-0.07376003080777344,-0.41350225358836,0.5291924472201731,0.05221456787182177,-0.1259745986795952
1581040100,1.4460806340110113,-0.07412414203373685,-0.41300419597006377,0.4980576182961606,0.052280873019267204,-0.12640501505300406
1582040100,1.446996553196499,-0.07449096863144411,-0.4124951417602163,0.5090542098474929,0.05234723582901424,-0.12683820446045835
1583040100,1.4479126765786945,-0.07490198790568371,-0.4120269619866355,0.4681797735807265,0.05241365540588916,-0.12731564331157286
1584040100,1.44882898755208,-0.0753107453018032,-0.41155652965126976,0.4704323353657567,0.05248013208151292,-0.12779087738331613
1585040100,1.449745486816916,-0.07570432964038731,-0.4110630174363637,0.4935122149060678,0.052546664678498445,-0.12825099431888576
1586040100,1.4506621833929705,-0.07604281285709805,-0.4105696576198506,0.49335981651311955,0.05261325327415278,-0.12865606613125083
1587040100,1.451579076996151,-0.07642840001544739,-0.41008293598690226,0.48672163294830284,0.052679898550945126,-0.1291082985663925
1588040100,1.4524961647567554,-0.07683740042118097,-0.40962292631733466,0.4600096695676245,0.052746600515973796,-0.12958400093715478
1589040100,1.4534134358194555,-0.07725190219114077,-0.4091384317545828,0.4844945627518408,0.05281335898801842,-0.13006526117915918
1590040100,1.4543308997309796,-0.07759095180502727,-0.4086412507968753,0.4971809577075147,0.05288017320346228,-0.13047112500848956
1591040100,1.4552485613171424,-0.07804239202386544,-0.4081403286533843,0.5009221434910209,0.05294704388420968,-0.1309894359080751
1592040100,1.4561664218360029,-0.07850963892502445,-0.40767629251468884,0.46403613869544014,0.0530139714095057,-0.13152361033453014
1593040100,1.4570844664334157,-0.07893645436296064,-0.40715499591575505,0.5212965989338236,0.053080955899044824,-0.13201741026200547
1594040100,1.458002717588261,-0.07934431720739894,-0.4066246990307578,0.5302968849972068,0.05314799629579525,-0.13249231350319418
1595040100,1.4589211786107577,-0.07969461032812648,-0.40611360221209697,0.5110968186608321,0.05321509426881832,-0.1329097045969448
1596040100,1.459839841657957,-0.0800829616846426,-0.4056110029804138,0.502599231683107,0.053282250089338845,-0.13336521177398145
1597040100,1.4607587031369391,-0.08046128044603942,-0.40513632478895484,0.47467819145896384,0.053349463212924775,-0.1338107436589642
1598040100,1.4616777518110402,-0.08091241069205075,-0.4046416776991087,0.4946470898461652,0.053416733404951344,-0.13432914409700208
1599040100,1.4625969953349078,-0.08124243018124251,-0.40415112719469504,0.4905505044136778,0.05348405986998728,-0.13472649005122977
1600040100,1.4635164318726983,-0.08166052328022563,-0.40362310589804734,0.5280212966477007,0.05355144319577576,-0.1352119664760014
1601040100,1.4644360759205657,-0.08202793640548944,-0.4031548167438032,0.46828915424415707,0.05361888327512787,-0.13564681968061731
1602040100,1.465355903789504,-0.082436581953402,-0.4026414913415249,0.5133254022783298,0.05368638119959712,-0.13612296315299913
1603040100,1.466275932926185,-0.08275928956327354,-0.4021526071814482,0.48888416007670366,0.05375393525816108,-0.13651322482143463
1604040100,1.4671961535221476,-0.08319370975981893,-0.4016421263437868,0.5104808376613854,0.05382154675935169,-0.13701525651917063
1605040100,1.4681165738004627,-0.08351884786934737,-0.4011738051156105,0.46832122817633026,0.05388921501011623,-0.1374080628794636
1606040100,1.4690371770588009,-0.0839531358071018,-0.4006485950424157,0.5252100731948318,0.05395694064277734,-0.13791007644987913
1607040100,1.4699579852842812,-0.08427471519367247,-0.40017721159429664,0.471383448119026,0.05402472245543066,-0.13829943764910313
1608040100,1.4708789772543767,-0.08468610531803487,-0.39965022100256764,0.5269905917289298,0.054092562094375296,-0.13877866741241018
1609040100,1.4718001744023903,-0.08508414327999778,-0.3991787769352339,0.47144406733375255,0.05416045802355285,-0.13924460130355062
1610040100,1.4727215548850967,-0.08546500961115684,-0.39866144078178073,0.5173361534531622,0.05422841185056981,-0.13969342146172664
1611040100,1.4736431363133047,-0.08593127681071099,-0.3981498197770297,0.5116210047510614,0.054296421991605115,-0.14022769880231611
1612040100,1.4745649162245396,-0.08628440497302457,-0.39764585867772706,0.5039610993027008,0.05436448977379271,-0.1406488947468173
1613040100,1.4754868914112567,-0.08670758418752143,-0.39709809965368714,0.5477590240398917,0.05443261504352037,-0.14114019923104182
1614040100,1.4764090785787596,-0.086989819616104,-0.3966060388976334,0.49206075605371313,0.05450079759161497,-0.14149061720771897
1615040100,1.4773314559360986,-0.08739374172053932,-0.3960779412527794,0.5280976448540018,0.05456903868231322,-0.14196278040285254
1616040100,1.4782540371636796,-0.08784703013141354,-0.3956195852765422,0.45835597623723506,0.05463733673158444,-0.14248436686299798
1617040100,1.4791767951294073,-0.08822156428854878,-0.3950994130427847,0.520172233757519,0.05470569278033466,-0.14292725706888343
1618040100,1.4800997534342566,-0.08855277399489055,-0.394553485367149,0.5459276756357151,0.05477410484527212,-0.14332687884016265
1619040100,1.4810229217290898,-0.08895631472724977,-0.394046020917845,0.5074644493039884,0.05484257470290288,-0.14379888943015265
1620040100,1.4819462849723615,-0.08945253366785522,-0.39355939043846316,0.48663047938184756,0.05491110309825942,-0.14436363676611463
1621040100,1.4828698349371159,-0.08985824445719383,-0.3930356210389543,0.5237693995089054,0.0549796889434937,-0.1448379334006875
1622040100,1.483793585629281,-0.09030200510188958,-0.3924643542008117,0.5712668381425622,0.05504833165461065,-0.14535033675650022
1623040100,1.4847175549626646,-0.0906856093050683,-0.39193736429836035,0.5269899024513833,0.05511703230010312,-0.14580264160517142
1624040100,1.4856417257237533,-0.09110035190833786,-0.39139029557846217,0.5470687198980986,0.055185792241992715,-0.1462861441503306
1625040100,1.48656610531562,-0.09145165537798416,-0.3908723707028339,0.5179248756282866,0.05525461022907763,-0.1467062656070618
1626040100,1.4874906823583425,-0.0918778882619539,-0.39033788048338186,0.5344902194520718,0.05532348684173982,-0.14720137510369372
1627040100,1.4884154629071615,-0.09222362159067565,-0.38983424015778817,0.5036403255936908,0.05539242126090116,-0.1476160428515768
1628040100,1.4893404349742838,-0.09250768041823362,-0.38929211588717694,0.5421242706112435,0.05546141396650839,-0.147969094384742
1629040100,1.4902656129317218,-0.09293864301036407,-0.3887893827988981,0.5027330882788622,0.055530464092292675,-0.14846910710265676
1630040100,1.4911909815763311,-0.09337967454751629,-0.3883167520332058,0.47263076569218115,0.0555995727393892,-0.14897924728690548
1631040100,1.49211652927698,-0.09376152703356255,-0.3877696399820928,0.5471120511130017,0.05566873880035317,-0.14943026583391572
1632040100,1.493042283992693,-0.0941563381478161,-0.38721644435633895,0.5531956257538178,0.05573796143215404,-0.14989429957997014
1633040100,1.4939682477436127,-0.09462383669958832,-0.38669190782048396,0.5245365358550051,0.05580724275334603,-0.15043107945293435
1634040100,1.4948944094386445,-0.09503433812768301,-0.38615993444095886,0.5319733795250943,0.05587658294469122,-0.15091092107237425
1635040100,1.4958207716239587,-0.09537679547018345,-0.3855905142301116,0.5694202108472655,0.05594598120459793,-0.1513227766747814
1636040100,1.4967473481220397,-0.09581929253120772,-0.3850486037474463,0.5419104826652678,0.05601543775220463,-0.15183473028341235
1637040100,1.4976741283000368,-0.09619609598615943,-0.38453986233594795,0.5087414114983465,0.05608495365341781,-0.15228104963957723
1638040100,1.4986010994434937,-0.09657194346394121,-0.38398004736246,0.5598149734879685,0.05615452814024735,-0.15272647160418856
1639040100,1.4995282804465568,-0.09699936594722772,-0.3834521571433165,0.5278902191434306,0.05622416028632671,-0.15322352623355442
1640040100,1.5004556590753053,-0.09740448583150586,-0.3829238251238854,0.5283320194311137,0.05629385153950395,-0.1536983373710098
1641040100,1.50138323523638,-0.09772865541529371,-0.3823686818206801,0.5551433032053357,0.0563636010092452,-0.15409225642453891
1642040100,1.5023110186749988,-0.0980255412758546,-0.38182371096998885,0.5449708506911951,0.05643340871670688,-0.1544589499925615
1643040100,1.5032390053148887,-0.09836441015079823,-0.3813183981961001,0.5053127738887722,0.05650327542414857,-0.1548676855749468
1644040100,1.504167180122639,-0.09872501929032856,-0.38082596427869875,0.49243391740130005,0.05657320085387241,-0.15529822014420097
1645040100,1.505095538074417,-0.09904296036292552,-0.38031169190435576,0.5142723743430653,0.05664318390101286,-0.1556861442639384
1646040100,1.5060240870519772,-0.09942843149438409,-0.3797856594046377,0.5260324997180815,0.05671322421330416,-0.15614165570768823
1647040100,1.506952831169535,-0.09983392005669992,-0.3792801563430411,0.5055030615965942,0.05678332241212303,-0.15661724246882294
1648040100,1.5078817625692302,-0.10026290649189622,-0.3787399481700894,0.540208172951717,0.056853478835641624,-0.15711638532753786
1649040100,1.5088108938464648,-0.10067655766531718,-0.37818875087938747,0.5511972907019027,0.05692369291760713,-0.15760025058292432
1650040100,1.509740228787749,-0.10102703035320384,-0.3776247774219876,0.563973457399916,0.056993965637722965,-0.1580209959909268
1651040100,1.5106697718215565,-0.10144919002150295,-0.3770674744286131,0.557302993374479,0.057064297311193,-0.15851348733269593
1652040100,1.511599520196217,-0.10186492420790046,-0.37654088959260595,0.5265848360071395,0.05713468830256829,-0.15899961251046874
1653040100,1.5125294623281536,-0.1021912823103713,-0.37597744650612064,0.5634430864853319,0.05720513843301589,-0.1593964207433872
1654040100,1.5134596114938148,-0.10250455852476226,-0.3754162142224162,0.5612322837043858,0.05727564685333064,-0.1597802053780929
1655040100,1.5143899665872977,-0.10295641291965808,-0.374898847102696,0.5173671197202119,0.05734621459879463,-0.1603026275184527
1656040100,1.5153205112539772,-0.10335502590784813,-0.37438722357652143,0.511623526174584,0.057416841615033576,-0.1607718675228817
1657040100,1.5162512431443453,-0.10365636576735764,-0.3738052363618847,0.5819872146367615,0.057487526688795754,-0.1611438924561534
1658040100,1.5171821877111218,-0.10400106983586706,-0.3732489022257153,0.5563341361694017,0.05755826966860056,-0.1615593395044676
1659040100,1.5181133352850893,-0.10439760303120572,-0.3727404315351862,0.5084706905290844,0.05762907251767757,-0.16202667554888328
1660040100,1.5190446681487317,-0.1048471093028043,-0.3722094177916859,0.5310137435002921,0.05769993453037969,-0.162547043833184
1661040100,1.519976194259829,-0.10525396207970128,-0.37165152511254235,0.557892679143565,0.05777085438618812,-0.1630248164658894
1662040100,1.5209079231172622,-0.1056431994777899,-0.37106607612146086,0.5854489910814948,0.0578418327182213,-0.16348503219601118
1663040100,1.5218398644235607,-0.10599810569260888,-0.3705009689773999,0.5651071440609224,0.05791287027862069,-0.16391097597122956
1664040100,1.522772010494068,-0.10636661177869765,-0.3699437193586431,0.5572496187568181,0.0579839678368721,-0.16435057961556976
1665040100,1.523704358190146,-0.10661609722461458,-0.369402753325049,0.5409660335941587,0.05805512483659925,-0.16467122206121382
1666040100,1.5246369013430712,-0.10701754219065851,-0.3688540783089104,0.5486750161385661,0.05812634106733583,-0.16514388325799434
1667040100,1.5255696424594174,-0.10726727877064886,-0.3683642425939998,0.4898357149106457,0.05819761608637819,-0.16546489485702703
1668040100,1.5265025600725657,-0.1076036090291517,-0.36779745228490257,0.5667903090972237,0.05826895011352917,-0.16587255914268087
1669040100,1.5274356816313113,-0.10809936493322109,-0.3673058445235636,0.49160776133901407,0.058340341533959617,-0.1664397064671807
1670040100,1.5283689798403004,-0.10850183742762942,-0.3667700957829707,0.5357487405928718,0.05841179247551764,-0.16691362990314706
1671040100,1.529302470303938,-0.10888448465130181,-0.36615347004533955,0.6166257376311854,0.05848330087548348,-0.16736778552678527
1672040100,1.5302361817134524,-0.10929300762406956,-0.36558250932154623,0.5709607237933112,0.05855486795597642,-0.167847875580046
1673040100,1.5311700973898554,-0.10968262123787675,-0.365020523464249,0.5619858572972126,0.05862649594629943,-0.16830911718417618
1674040100,1.5321042138249872,-0.11010783682484987,-0.36444460897556286,0.5759144886861312,0.05869818359746404,-0.1688060204223139
1675040100,1.5330385356885066,-0.11039458060618439,-0.3638771967334063,0.5674122421565775,0.05876993066927838,-0.16916451127546278
1676040100,1.533973059644602,-0.11061796639027746,-0.3632909598690243,0.5862368643819859,0.05884173754959576,-0.16945970393987322
1677040100,1.534907792081936,-0.11105091990466337,-0.3627732119018868,0.5177479671375168,0.05891360401132317,-0.16996452391598654
1678040100,1.5358427083769193,-0.11147208378511277,-0.3622865226381734,0.48668926371343674,0.05898553057527778,-0.17045761436039053
1679040100,1.5367777972717698,-0.11192454821356915,-0.3616940096980433,0.5925129401301392,0.059057515374920655,-0.1709820635884898
1680040100,1.537713095996909,-0.11221185146687172,-0.36110637615967706,0.5876335383661964,0.05912955756914329,-0.17134140903601502
1681040100,1.5386486025000523,-0.1125858188639966,-0.3605020146367721,0.6043615229049386,0.0592016600538372,-0.1717874789178338
1682040100,1.5395843223589847,-0.11289907344423547,-0.35997948474473246,0.52252989203967,0.05927382270082404,-0.1721728961450595
1683040100,1.5405202264094615,-0.11324111959508264,-0.359412700439547,0.5667843051854929,0.059346045970649186,-0.17258716556573184
1684040100,1.5414563299622248,-0.11355778307151944,-0.3588754712756852,0.5372291638617765,0.05941832764090549,-0.1729761107124249
1685040100,1.5423926223365623,-0.11385238660438757,-0.35832298847066146,0.5524828050237177,0.05949066892173249,-0.17334305552612006
1686040100,1.5433291086118712,-0.11416307985376482,-0.35778238918804306,0.5405992826183927,0.05956306901572006,-0.1737261488694849
1687040100,1.5442657843407828,-0.11451805178393891,-0.357252056463375,0.5303327246680707,0.059635528343239486,-0.1741535801271784
1688040100,1.545202645659378,-0.11481791364714765,-0.3567128829585327,0.539173504842356,0.05970804658782569,-0.17452596023497335
1689040100,1.546139695391363,-0.11518973485915221,-0.35615068567440905,0.5621972841236753,0.05978062347740121,-0.17497035833655342
1690040100,1.5470769412922587,-0.11556022008477486,-0.3556152692237678,0.5354164506412249,0.059853259257717895,-0.17541347934249274
1691040100,1.5480143737419614,-0.11596311254344366,-0.3550429547393734,0.5723144843943577,0.059925954557694894,-0.17588906710113855
1692040100,1.5489520052992622,-0.11629108502979345,-0.35447039212728865,0.5725626120847568,0.059998708658810074,-0.17628979368860354
1693040100,1.5498898357431692,-0.11666443418861047,-0.35388064520499213,0.589746922296504,0.06007152256359305,-0.17673595675220352
1694040100,1.550827870721435,-0.11696399031217658,-0.35332752679423896,0.5531184107531626,0.060144396283607904,-0.17710838659578448
1695040100,1.5517660972341794,-0.11735305301053615,-0.35275079769387857,0.576729100360369,0.060217330286832293,-0.17757038329736846
1696040100,1.5527045231516565,-0.11772992450933827,-0.3522101899892853,0.5406077045932667,0.06029032359110076,-0.17802024810043904
1697040100,1.5536431357014309,-0.11808895410620274,-0.351623875234768,0.5863147545173003,0.06036337683697113,-0.17845233094317386
1698040100,1.5545819503527165,-0.11849115934036433,-0.35104272625973915,0.5811489750288592,0.060436489058044884,-0.17892764839840922
1699040100,1.5555209650064008,-0.11877446934054436,-0.35046960446444153,0.5731217952976023,0.06050966148739434,-0.1792841308279387
1700040100,1.5564601765893338,-0.1191020492106979,-0.34987391399103046,0.5956904734110426,0.06058289399046757,-0.17968494320116546
1701040100,1.5573995925293302,-0.11948376627497753,-0.3493369280127418,0.5369859782886538,0.06065618635629377,-0.1801399526312713
1702040100,1.5583391924015872,-0.11979520497161686,-0.34877697542361796,0.5599525891238495,0.06072953919353097,-0.18052474416514783
1703040100,1.559278983784224,-0.12018410857579251,-0.3481890138619225,0.5879615616954349,0.06080295093543242,-0.18098705951122493
1704040100,1.5602189759394918,-0.1205043654234933,-0.347635392330838,0.5536215310844881,0.06087642220127876,-0.18138078762477206
1705040100,1.56115915684418,-0.12089455448072622,-0.3470420838342729,0.5933084965651358,0.06094995374357737,-0.1818445082243036
1706040100,1.5620995397091075,-0.12117839201873881,-0.34648228100093903,0.5598028333338413,0.06102354465000204,-0.18220193666874085
1707040100,1.5630401128255433,-0.12157536526494667,-0.3458865548208488,0.5957261800902544,0.06109719598291008,-0.18267256124785675
1708040100,1.5639808880784616,-0.12197691472863215,-0.3453432592093852,0.5432956114636129,0.06117090685367543,-0.18314782158230758
1709040100,1.5649218473865043,-0.12229736617443425,-0.3447424246066613,0.6008346027238481,0.0612446782221312,-0.18354204439656546
1710040100,1.5658630099190343,-0.1226938832131572,-0.34413832100468916,0.6041036019721497,0.061318508698413154,-0.18401239191157037
1711040100,1.566804376439208,-0.12297358238721859,-0.3435739482939014,0.5643727107877309,0.06139239981469302,-0.1843659822019116
1712040100,1.567745933220703,-0.12338013980699998,-0.34297057165034434,0.6033766435571113,0.0614663516603855,-0.18484649146738547
1713040100,1.5686876930808167,-0.12372800125497174,-0.34242486627237223,0.5457053779721321,0.06154036318577738,-0.18526836444074912
1714040100,1.5696296363138493,-0.12398957387006711,-0.34181474079380003,0.6101254785721846,0.061614435426903924,-0.18560400929697102
1715040100,1.5705717842347005,-0.12430310339163106,-0.34123308907588706,0.581651717912911,0.061688566861906935,-0.185991670253538
1716040100,1.5715141269643096,-0.12457565370965937,-0.34069388076937396,0.5392083065131291,0.06176275919644425,-0.18633841290610362
1717040100,1.5724566500026222,-0.12488865244322056,-0.3401278881161472,0.5659926532267909,0.061837011681550536,-0.1867256641247711
1718040100,1.5733993620114053,-0.12530552793357072,-0.3395816613837975,0.5462267323497167,0.06191132320195436,-0.18721685113552508
1719040100,1.5743422561049638,-0.1256326421821623,-0.3390144063055246,0.5672550782728586,0.06198569446741331,-0.1876183366495756
1720040100,1.5752853389953205,-0.12600168962143557,-0.33839420048281804,0.6202058227065232,0.06206012496169677,-0.18806181458313234
1721040100,1.5762286279585407,-0.1263435463786515,-0.33781804257709286,0.5761579057252396,0.06213461524162156,-0.18847816162027306
1722040100,1.5771721080339303,-0.12668207638260162,-0.33722000110776773,0.5980414693251423,0.06220916670044119,-0.1888912430830428
1723040100,1.5781157861490238,-0.12697734196035404,-0.33663469157359177,0.5853095341759642,0.0622837781846286,-0.18926112014498264
1724040100,1.57905965776087,-0.12730267920262706,-0.33605018912038853,0.5845024532032286,0.062358450270320276,-0.18966112947294733
1725040100,1.580003722279967,-0.12757773878551204,-0.33548654870420513,0.5636404161833947,0.062433182626520534,-0.19001092141203257
1726040100,1.5809479725156075,-0.12802315417433546,-0.3349070421813102,0.5795065228949321,0.0625079752346629,-0.19053112940899836
1727040100,1.5818924133828245,-0.12829467414327467,-0.33435194465775614,0.5550975235540221,0.06258282755264233,-0.190877501695917
1728040100,1.5828370365547444,-0.1286007840387947,-0.33371059884090076,0.6413458168553842,0.06265773999749413,-0.19125852403628885
1729040100,1.5837818699945412,-0.12898768218760992,-0.33315547780572374,0.5551210351770421,0.06273271193590801,-0.19172039412351793
1730040100,1.5847268851192953,-0.1292653216425389,-0.3325822698968074,0.5732079089163691,0.06280774561581737,-0.19207306725835627
1731040100,1.585672087543037,-0.1295939163838259,-0.33196771312683826,0.6145567699691346,0.06288283879587198,-0.19247675517969787
1732040100,1.5866174904317685,-0.1299280606635686,-0.3314070504884696,0.5606626383686157,0.06295799194908369,-0.1928860526126523
1733040100,1.5875630758940629,-0.13028239360432753,-0.3308200727245544,0.5869777639151728,0.0630332061505392,-0.19331559975486673
1734040100,1.588508852180656,-0.1305710737011186,-0.33022947095032706,0.590601774227325,0.0631084800047681,-0.1936795537058867
1735040100,1.5894548201408156,-0.13093397437777946,-0.329627885805615,0.6015851447121036,0.06318381419581698,-0.19411778857359643
1736040100,1.5904009829998529,-0.13132916904129374,-0.3290583688859011,0.5695169197138422,0.06325920881923253,-0.19458837786052627
1737040100,1.5913473300529208,-0.13160816414315046,-0.3284508348694689,0.6075340164322307,0.06333466416027989,-0.19494282830343035
1738040100,1.5922938732571996,-0.13196273824635907,-0.32782618220078497,0.6246526686839702,0.06341017939292826,-0.19537291763928732
1739040100,1.593240617775423,-0.1322510002292093,-0.3272588903464603,0.5672918543247037,0.06348575549909086,-0.19573675572830015
1740040100,1.594187544801184,-0.13254787499812454,-0.3266529182542838,0.6059720921765024,0.06356139291998275,-0.1961092679181073
1741040100,1.595134666441962,-0.13289241720428038,-0.3260793437661143,0.573574488169446,0.0636370901811496,-0.19652950738542999
1742040100,1.5960819719724977,-0.13330313894718002,-0.32550068782071473,0.5786559453995939,0.0637128482780156,-0.19701598722519562
1743040100,1.5970294627061166,-0.13358209898685477,-0.3248973271382392,0.6033606824755131,0.06378866638035419,-0.19737076536720896
1744040100,1.5979771462118832,-0.133837170179323,-0.32425987360496505,0.6374535332741789,0.06386454462027302,-0.19770171479959603
1745040100,1.5989250330075817,-0.1342109542047659,-0.323687561177954,0.5723124270110529,0.06394048363156202,-0.1981514378363279
1746040100,1.5998731019909609,-0.13458574831585263,-0.3231265007684536,0.561060409500383,0.06401648428596474,-0.19860223260181736
1747040100,1.6008213492786645,-0.13484545727502248,-0.32250515355154935,0.6213472169042638,0.06409254491971339,-0.19893800219473587
1748040100,1.601769793681433,-0.13510854526029625,-0.32188236959266053,0.6227839588888262,0.06416866524764941,-0.19927721050794567
1749040100,1.602718435287617,-0.1353751418934363,-0.32131642670406224,0.565942888598282,0.06424484680728781,-0.19961998870072412
1750040100,1.6036672557794958,-0.13569189529596565,-0.32074808514747094,0.5683415565912552,0.06432108963456429,-0.20001298493052994
1751040100,1.6046162556094172,-0.13594623571169792,-0.32017727295420667,0.5708121932642621,0.06439739228481045,-0.20034362799650837
1752040100,1.6055654352484412,-0.1361918174145399,-0.3195805663526574,0.5967066015493067,0.06447375482066775,-0.20066557223520765
1753040100,1.6065148025228226,-0.13649706298514008,-0.31901437489579787,0.5661914568595179,0.06455017730636925,-0.20104724029150933
1754040100,1.6074643475244834,-0.13672984443311223,-0.3184518888120843,0.5624860837135549,0.06462666039898224,-0.20135650483209447
1755040100,1.6084140687888917,-0.13707618261848745,-0.31785877703370946,0.593111778374833,0.06470320332707757,-0.20177938594556502
1756040100,1.60936397558756,-0.1373868060480603,-0.31730124875015536,0.5575282835541209,0.06477980599858313,-0.20216661204664343
1757040100,1.6103140564847491,-0.13769042808989032,-0.3166860663444808,0.6151824056745268,0.06485646918786259,-0.2025468972777529
1758040100,1.6112643291413145,-0.13800184739395438,-0.31608793648458283,0.5981298598980044,0.0649331919983851,-0.20293503939233948
1759040100,1.6122147878969684,-0.13830197478871692,-0.31549251681823004,0.5954196663528142,0.06500997588318924,-0.20331195067190616
1760040100,1.6131654315707473,-0.13856703590666902,-0.31489239157724164,0.6001252409883885,0.06508682041262759,-0.2036538563192966
1761040100,1.6141162612830182,-0.13886527312294838,-0.3142971280247385,0.5952635525031321,0.06516372551845606,-0.20402899864140445
1762040100,1.615067275188369,-0.13918995841861598,-0.313718683389998,0.5784446347405384,0.06524069131855015,-0.20443064973716613
1763040100,1.6160184677596696,-0.13950862192364952,-0.31312286995292826,0.5958134370697215,0.06531771769071781,-0.20482633961436733
1764040100,1.6169698440289286,-0.1398390405101752,-0.31251299876679195,0.6098711861362968,0.06539480421396249,-0.2052338447241377
1765040100,1.6179214079805748,-0.14011816739982508,-0.3119053169003776,0.6076818664143306,0.06547195132272421,-0.2055901187225493
1766040100,1.618873158588841,-0.14040751662597237,-0.3112909120690681,0.6144048313095036,0.06554915936738936,-0.20595667599336173
1767040100,1.6198250975614505,-0.14070147642729142,-0.3107014099483762,0.5895021206919429,0.0656264282922443,-0.20632790471953572
1768040100,1.6207772169259287,-0.140954252077781,-0.3101060329830387,0.5953769653375451,0.06570375826349562,-0.20665801034127662
1769040100,1.6217295181441838,-0.1412543269282803,-0.3095075776273719,0.5984553556667569,0.06578114866063345,-0.20703547558891375
1770040100,1.6226820018163002,-0.1416125855069121,-0.30892902380208137,0.5785538252905402,0.06585859962913077,-0.20747118513604287
1771040100,1.6236346615505035,-0.14190423088320253,-0.3083260350394683,0.6029887626131272,0.06593611124461773,-0.20784034212782027
1772040100,1.6245875044433244,-0.14213295149092497,-0.3076930525489059,0.632982490562449,0.0660136830133311,-0.20814663450425608
1773040100,1.625540539232668,-0.14235401707516082,-0.30709260814861095,0.6004444002949632,0.06609131553957681,-0.20844533261473763
1774040100,1.6264937557012977,-0.14260366788480985,-0.30652298304756587,0.5696251010450792,0.06616900956288418,-0.20877267744769404
1775040100,1.627447144206414,-0.14294390020977568,-0.3059565571905182,0.5664258570476999,0.06624676427781395,-0.20919066448758963
1776040100,1.6284007034750438,-0.14318209350017577,-0.30537515356390355,0.5814036266146476,0.06632457892387578,-0.20950667242405155
1777040100,1.629354437704437,-0.14339718100484172,-0.3047475931201224,0.6275604437811291,0.06640245342246232,-0.20979963442730404
1778040100,1.630308360422683,-0.14375397938481985,-0.3041703901317838,0.5772029883385907,0.06648038814186563,-0.21023436752668548
1779040100,1.6312624561731597,-0.14404158877708015,-0.30360412388145575,0.5662662503280482,0.06655838421433202,-0.21059997299141217
1780040100,1.632216721368392,-0.144401880535742,-0.3029661019280352,0.6380219534205611,0.06663644040273908,-0.21103832093848107
1781040100,1.6331711771133404,-0.1447401579514471,-0.30236191307934185,0.6041888486933198,0.06671455643888535,-0.21145471439033245
1782040100,1.6341258129453389,-0.1451006572589194,-0.30172047630798854,0.6414367713533097,0.06679273407698005,-0.21189339133589946
1783040100,1.635080639585285,-0.14548153105030834,-0.3010891829970318,0.6312933109567582,0.06687097248739349,-0.21235250353770183
1784040100,1.6360356536322227,-0.14582944049984087,-0.3004458708785963,0.6433121184354985,0.06694927257612804,-0.2127787130759689
1785040100,1.6369908582625377,-0.1461315763852805,-0.2997914223312817,0.6544485473146133,0.06702763409219514,-0.21315921047747563
1786040100,1.6379462563697977,-0.14641731918500459,-0.29915257269929785,0.6388496319838892,0.06710605732411778,-0.21352337650912237
1787040100,1.638901842947755,-0.1466731201053628,-0.29853581787319794,0.6167548260999272,0.06718454253779527,-0.21385766264315806
1788040100,1.6398576111080918,-0.14700135559667635,-0.29792650014305155,0.6093177301463895,0.06726308935015979,-0.21426444494683614
1789040100,1.6408135583041976,-0.14725633168388697,-0.29733145385777915,0.5950462852724094,0.06734169722234995,-0.21459802890623692
1790040100,1.6417696800001549,-0.14758440475025902,-0.2966993460703892,0.6321077873899112,0.06742036597156442,-0.21500477072182345
1791040100,1.6427259866935766,-0.14787097338266464,-0.2961031702568658,0.5961758135234477,0.06749909525068531,-0.21537006863334995
1792040100,1.643682467518201,-0.14817933463260358,-0.29546960208411743,0.6335681727483644,0.06757788595069769,-0.21575722058330127
1793040100,1.6446391330229875,-0.14849672872527836,-0.2948560246992417,0.6135773848757204,0.067656737202892,-0.21615346592817036
1794040100,1.645595977014749,-0.14881858886462743,-0.2942307463045041,0.6252783947376159,0.06773564990346159,-0.21655423876808902
1795040100,1.6465530025266577,-0.1491251912925088,-0.2936001281506244,0.6306181538796659,0.06781462356842027,-0.2169398148609291
1796040100,1.6475102107298831,-0.14945707062031113,-0.29296644482360445,0.6336833270199698,0.06789365847476603,-0.21735072909507716
1797040100,1.6484676021289704,-0.14974915364541644,-0.29233958845695635,0.6268563666481197,0.06797275474617592,-0.21772190839159236
1798040100,1.649425174372012,-0.149984965342504,-0.29169924100661726,0.6403474503390818,0.06805191245142694,-0.21803687779393094
1799040100,1.650382930962586,-0.15029464153817912,-0.2910780185092454,0.6212224973718496,0.06813113142302996,-0.21842577296120907
1800040100,1.6513408660195679,-0.1505507197067583,-0.2904842709813691,0.5937475278763524,0.06821041197786926,-0.21876113168462755
1801040100,1.6522989713043583,-0.15082627645631574,-0.28985278249907975,0.6314884822893089,0.06828975365601764,-0.21911603011233338
1802040100,1.6532572572666588,-0.15110115366628943,-0.2892473916289904,0.6053908700893282,0.06836915580095848,-0.2194703094672479
1803040100,1.6542157160808055,-0.15141231257038357,-0.28863152131722664,0.6158703117636971,0.06844861930473911,-0.21986093187512268
1804040100,1.6551743503784526,-0.15170015809628962,-0.2880152514144074,0.6162699028192142,0.06852814354466119,-0.2202283016409508
1805040100,1.6561331599094975,-0.1519468336929283,-0.28738002893016923,0.6352224842381987,0.06860772876492405,-0.22055456245785235
1806040100,1.6570921496819002,-0.1522124807992533,-0.28675569778336235,0.6243311468068805,0.06868737497080346,-0.22089985577005677
1807040100,1.658051316228231,-0.1524222300846578,-0.28615126846477584,0.6044293185865126,0.06876708260468334,-0.22118931268934114
1808040100,1.6590106535572757,-0.15273365278798431,-0.2855366319678655,0.6146364969103181,0.06884685140486368,-0.221580504192848
1809040100,1.6599701641936853,-0.15307178286589238,-0.28494933476209405,0.5872972057714596,0.06892668089890819,-0.22199846376480056
1810040100,1.66092984009002,-0.15328138787508483,-0.28431038799603475,0.6389467660592936,0.0690065713224719,-0.22228795919755673
1811040100,1.661889695404025,-0.15364229048973577,-0.28365722103692215,0.6531669591126146,0.06908652203069465,-0.22272881252043042
1812040100,1.6628497337237185,-0.15391161670576745,-0.283067707358403,0.5895136785191627,0.0691665342286818,-0.22307815093444924
1813040100,1.663809936862942,-0.15417841041086433,-0.28240163230264703,0.6660750557558763,0.06924660824245521,-0.22342501865331954
1814040100,1.6647703258256337,-0.15443691421414443,-0.281780615737848,0.6210165647989909,0.06932674258101912,-0.22376365679516355
1815040100,1.6657308876574302,-0.15470948169216742,-0.28116014141003387,0.6204743278141637,0.06940693902335582,-0.22411642071552323
1816040100,1.6666916218374255,-0.15496968923407142,-0.28054310358075046,0.6170378292834016,0.0694871965143875,-0.22445688574845893
1817040100,1.6676525270442641,-0.1553075747296511,-0.27991829773981003,0.6248058409404456,0.06956751503628311,-0.2248750897659342
1818040100,1.6686136050582483,-0.15571442586832993,-0.2792989602993695,0.6193374404405152,0.06964789450415054,-0.22536232037248047
1819040100,1.6695748539966657,-0.15602717454956802,-0.2786399168791784,0.6590434201911539,0.0697283350925062,-0.22575550964207422
1820040100,1.670536284412621,-0.15622535871570745,-0.27794538549373954,0.6945313854389168,0.06980883666937743,-0.22603419538508487
1821040100,1.6714979056263382,-0.15651337771984802,-0.277297088342247,0.6482971514925526,0.06988940014479184,-0.22640277786463986
1822040100,1.6724597045180394,-0.15685836821627658,-0.2767054850037491,0.5916033384979154,0.06997002632743587,-0.22682839454371245
1823040100,1.6734216651969707,-0.15705545080168345,-0.2760681956022622,0.637289401486876,0.07005071414472042,-0.22710616494640387
1824040100,1.6743837997803266,-0.15731263208417356,-0.27540153828068364,0.666657321578542,0.07013146228883471,-0.22744409437300828
1825040100,1.6753461158638803,-0.157706540720937,-0.274808249089742,0.5932891909416225,0.07021227180196021,-0.22791881252289722
1826040100,1.6763085931131871,-0.15805946023125012,-0.2741842038841619,0.6240452055800733,0.0702931433485503,-0.22835260357980042
1827040100,1.6772712395174691,-0.1582783739722771,-0.2734908144243462,0.693389459815742,0.07037407524529371,-0.2286524492175708
1828040100,1.6782340734336327,-0.15852132838600547,-0.2728170216498649,0.6737927744813439,0.07045506818865022,-0.22897639657465568
1829040100,1.6791970891187076,-0.15877037225529572,-0.27220960142335127,0.6074202265135962,0.0705361237496831,-0.22930649600497882
1830040100,1.680160268292664,-0.15903081842744718,-0.27158948153169926,0.6201198916520061,0.07061724147244774,-0.22964805989989492
1831040100,1.6811236140070558,-0.15930802710686506,-0.27096562550821635,0.6238560234829372,0.07069841984294101,-0.23000644694980607
1832040100,1.682087126891457,-0.1594635104624344,-0.2703353547603532,0.6302707478631362,0.07077965914301387,-0.23024316960544827
1833040100,1.6830508082839732,-0.15974553656178556,-0.26969595539810803,0.639399362245133,0.07086095945070525,-0.2306064960124908
1834040100,1.6840146602340444,-0.16007009428864108,-0.2691169146266514,0.5790407714566366,0.07094232090401675,-0.23101241519265783
1835040100,1.6849786663012167,-0.16028001833169137,-0.26847384513538847,0.6430694912629338,0.07102374370131415,-0.2313037620330055
1836040100,1.6859428431485217,-0.16051366659210922,-0.2678086671973321,0.6651779380563683,0.0711052264780676,-0.23161889307017683
1837040100,1.6869071962277826,-0.16081986967275186,-0.2672001932978107,0.6084738995213913,0.07118677066704393,-0.2320066403397958
1838040100,1.6878717101421792,-0.1610350794988385,-0.26657919619859527,0.6209970992153966,0.07126837675525977,-0.23230345625409826
1839040100,1.688836387833709,-0.16124309495879474,-0.26592111512130995,0.6580810772852591,0.07135004346501717,-0.2325931384238119
1840040100,1.6898012386766192,-0.16151212835431442,-0.26530790660746023,0.61320851384973,0.07143177106973297,-0.2329438994240474
1841040100,1.690766250488159,-0.16178884582670622,-0.2646976853430672,0.6102212643930827,0.07151356038881218,-0.2333024062155184
1842040100,1.691731422123948,-0.1620366658239907,-0.2640562226082815,0.6414627347856936,0.07159541041455597,-0.23363207623854668
1843040100,1.692696761379027,-0.16228832968412096,-0.26341017034673114,0.6460522615503206,0.07167732107394542,-0.23396565075806638
1844040100,1.6936622690511902,-0.16253423654713983,-0.2627778770445983,0.6322933021328412,0.07175929305306283,-0.23429352960020267
1845040100,1.694627941163459,-0.16284883559898133,-0.2621429638795001,0.6349131650982027,0.07184132644482233,-0.23469016204380366
1846040100,1.6955937780087058,-0.16321931821873484,-0.261510242626127,0.6327212533731063,0.07192342093627602,-0.23514273915501085
1847040100,1.6965597786308932,-0.1635563686880306,-0.2608423513414089,0.6678912847181098,0.07200557657700202,-0.23556194526503263
1848040100,1.697525951714052,-0.16386971688391405,-0.26014558242157765,0.6967689198312259,0.07208779331030968,-0.23595751019422373
1849040100,1.6984923042555364,-0.16413412592639304,-0.25946466049627925,0.680921925298398,0.07217007190051916,-0.2363041978269122
1850040100,1.6994588317205614,-0.16444902116662954,-0.25879476752566394,0.6698929706153279,0.07225241296988116,-0.2367014341365107
1851040100,1.7004255308385687,-0.16476312631848056,-0.2581486193919509,0.6461481337130422,0.07233481615854487,-0.23709794247702543
1852040100,1.7013923951141763,-0.1650126456911331,-0.2574764025028504,0.6722168891004545,0.07241728121364943,-0.23742992690478254
1853040100,1.7023594307822125,-0.16524744767776373,-0.2568037565843084,0.6726459185420482,0.07249980760638408,-0.2377472552841478
1854040100,1.703326637514667,-0.16551165772595436,-0.25616270879501973,0.6410477892886349,0.07258239589417315,-0.2380940536201275
1855040100,1.7042940068683785,-0.16581599807954953,-0.25552835397066603,0.6343548243537148,0.07266504607470026,-0.23848104415424978
1856040100,1.7052615367541446,-0.16612607296858858,-0.2548785704487059,0.6497835219601811,0.07274775745154116,-0.23887383042012975
1857040100,1.7062292306727458,-0.16640537582485926,-0.2542079170724257,0.6706533762802174,0.07283052987035887,-0.23923590569521813
1858040100,1.7071970934641414,-0.16661373863120116,-0.25353358021281935,0.6743368596062798,0.07291336365504009,-0.23952710228624124
1859040100,1.7081651256169308,-0.16681610782125678,-0.2528738744133836,0.6597057994357426,0.07299625924490272,-0.2398123670661595
1860040100,1.7091333230305161,-0.16712708911957977,-0.25224902521952913,0.6248491938544728,0.07307921670721029,-0.24020630582679006
1861040100,1.710101676584518,-0.16739002984905685,-0.2516265712442906,0.622453975238531,0.07316223571570646,-0.2405522655647633
1862040100,1.7110701853044983,-0.16762160110137536,-0.25094899244121044,0.677578803080152,0.0732453155125441,-0.24086691661391946
1863040100,1.7120388625054621,-0.16781848610868666,-0.2502947114873299,0.6542809538805601,0.07332845603757221,-0.24114694214625887
1864040100,1.7130077019723076,-0.1680544980743676,-0.2496554554843787,0.6392560029512085,0.07341165845816633,-0.24146615653253392
1865040100,1.7139766995781835,-0.16832258567463468,-0.2490329514812923,0.6225040030864148,0.0734949222653789,-0.24181750794001358
1866040100,1.714945850798434,-0.16861999082545642,-0.24839021475416603,0.6427367271262465,0.07357824712868677,-0.2421982379541432
1867040100,1.7159151602317924,-0.16895361586752347,-0.2477307068567719,0.6595078973941186,0.07366163268250503,-0.2426152485500285
1868040100,1.7168846315903306,-0.16923311154076118,-0.24705574825743595,0.6749585993359254,0.07374507934602548,-0.24297819088678665
1869040100,1.717854268230964,-0.16959125593461394,-0.24636181501421514,0.693933243220846,0.07382858746294474,-0.24341984339755868
1870040100,1.7188240743396148,-0.1697879527607664,-0.24569418972112925,0.6676252930858959,0.07391215734707401,-0.2437001101078404
1871040100,1.7197940430507392,-0.1700991733075349,-0.24498632575557486,0.7078639655543939,0.07399578938440143,-0.24409496269193634
1872040100,1.7207641836923957,-0.17032765854856102,-0.24435859383954459,0.6277319160302692,0.07407948300788902,-0.24440714155645005
1873040100,1.7217344763949205,-0.1705818259070167,-0.24367277944178567,0.6858143977589033,0.07416323904761413,-0.24474506495463083
1874040100,1.722704934791084,-0.17076312324470114,-0.2430276770062177,0.6451024355679597,0.07424705581259161,-0.24501017905729275
1875040100,1.7236755486282187,-0.17102049178725215,-0.24236902718106187,0.6586498251557996,0.07433093450444517,-0.24535142629169732
1876040100,1.7246463207539007,-0.17117859174556363,-0.24174625105079459,0.6227761302672872,0.07441487426125448,-0.2455934660068181
1877040100,1.7256172421595073,-0.1714452109544892,-0.2410847261690174,0.6615248817771766,0.07449887535296895,-0.24594408630745815
1878040100,1.7265883217206974,-0.17172111735672124,-0.24047232070980737,0.6124054592100403,0.07458293702332952,-0.24630405438005076
1879040100,1.727559547315334,-0.17196986224731126,-0.23980492397420866,0.6673967355987054,0.0746670600640229,-0.24663692231133416
1880040100,1.7285309316417874,-0.17225446722594276,-0.23913213289790447,0.6727910763042034,0.07475124344793471,-0.24700571067387747
1881040100,1.7295024755451005,-0.17250111634381673,-0.23847222654926303,0.6599063486414021,0.07483548829878472,-0.24733660464260146
1882040100,1.7304741755419772,-0.17268409672576918,-0.23779362172347282,0.6786048257902129,0.07491979471391375,-0.24760389143968292
1883040100,1.7314460356140282,-0.17289380280692992,-0.23713330213485587,0.6603195886169593,0.07500416241493113,-0.24789796522186106
1884040100,1.7324180510183547,-0.17309799809748067,-0.23650425157508956,0.6290505597663136,0.07508859177144345,-0.2481865898689241
1885040100,1.7333902140051023,-0.17336786735370796,-0.23586121906709628,0.6430325079932795,0.07517308239527765,-0.2485409497489856
1886040100,1.734362527456985,-0.17350728949104888,-0.2352203339489183,0.6408851181779864,0.0752576336357258,-0.24876492312677467
1887040100,1.7353349904714972,-0.17372584008515435,-0.2345458726986017,0.67446125031659,0.07534224576610171,-0.24906808585125606
1888040100,1.7363076104529012,-0.1740069531163665,-0.233936156494229,0.6097162043727176,0.07542691873059937,-0.24943387184696586
1889040100,1.7372803719523573,-0.1741711953605657,-0.23328623919729594,0.6499172969330711,0.07551165319712894,-0.24968284855769463
1890040100,1.738253283902551,-0.17440756756320197,-0.2326042782357981,0.6819609614978466,0.07559644784243247,-0.25000401540563444
1891040100,1.739226353279495,-0.17463243889703076,-0.23198022450464073,0.6240537311573611,0.07568130346731294,-0.25031374236434367
1892040100,1.7401995663191037,-0.17486496673788768,-0.2313194328488213,0.6607916558194082,0.07576622070353878,-0.25063118744142643
1893040100,1.7411729310656336,-0.17509059395744542,-0.23066374124459288,0.6556916042284351,0.07585119837279564,-0.25094179233024105
1894040100,1.7421464459280893,-0.17540253497406677,-0.2300035561593146,0.6601850852782567,0.07593623719989395,-0.2513387721739607
1895040100,1.7431201115123642,-0.17563389807204838,-0.22934616947367187,0.6573866856427202,0.0760213370687417,-0.2516552351407901
1896040100,1.7440939267579048,-0.17583103975926662,-0.2286448012868517,0.701368186820168,0.07610649805512892,-0.25193753781439554
1897040100,1.7450679012135621,-0.17610973847003164,-0.22798305845241293,0.6617428344387696,0.07619172008909914,-0.2523014585591308
1898040100,1.7460420254451323,-0.17637464131368474,-0.22733783107212197,0.6452273802909565,0.07627700402974114,-0.2526516453434259
1899040100,1.7470162953038455,-0.17659597677612657,-0.22665106626141887,0.6867648107030577,0.07636234907441874,-0.25295832585054534
1900040100,1.747990719719041,-0.17687898069917185,-0.2259704683364773,0.6805979249415632,0.07644775488209277,-0.2533267355812646
1901040100,1.748965296849449,-0.17716890338117142,-0.22531101023810293,0.6594580983743754,0.07653322225832682,-0.25370212563949823
1902040100,1.7499400215210115,-0.17738088693604145,-0.2246199501825483,0.6910600555546498,0.07661875106496296,-0.25399963800100445
1903040100,1.750914900349212,-0.17765395698565295,-0.22392464912933818,0.6953010532101258,0.07670434087073374,-0.2543582978563867
1904040100,1.7518899338102396,-0.17785974853522893,-0.2232676919934042,0.6569571359339734,0.07678999227947969,-0.2546497408147086
1905040100,1.7528651129434276,-0.17818422132286396,-0.22257944336569524,0.6882486277089722,0.07687570535649257,-0.2550599266793565
1906040100,1.7538404442358502,-0.17833070403539658,-0.22192422014461738,0.6552232210778601,0.07696147933689801,-0.2552921833722946
1907040100,1.7548159199569133,-0.17848646721485942,-0.22120880535927762,0.7154147853397577,0.07704731481393523,-0.2555337820287946
1908040100,1.7557915528961745,-0.17873909529564425,-0.22058189022679403,0.6269151324835981,0.07713321112983351,-0.25587230642547776
1909040100,1.7567673231946097,-0.17895461758934203,-0.2199498211224241,0.6320691043699311,0.07721916943373941,-0.25617378702308147
1910040100,1.7577432315932293,-0.17914753976453246,-0.21926861140061996,0.681209721804144,0.07730518799839459,-0.25645272776292705
1911040100,1.758719288392186,-0.17939685588139542,-0.218605321360268,0.6632900403519677,0.0773912669101442,-0.2567881227915396
1912040100,1.759695489252489,-0.1795432037013749,-0.21795274320344865,0.6525781568193592,0.07747740709933737,-0.25702061080071226
1913040100,1.760671831428467,-0.17971728605834572,-0.21727126652445908,0.6814766789895339,0.07756360820533459,-0.2572808942636803
1914040100,1.7616483207342792,-0.17995691743267914,-0.21664077843765728,0.6304880868017606,0.07764987000744483,-0.257606787440124
1915040100,1.762624945757698,-0.1801021994658926,-0.21599587204598517,0.6449063916721058,0.07773619304136048,-0.25783839250725304
1916040100,1.7636017092007363,-0.1802851039253652,-0.21531750862091253,0.6783634250726385,0.07782257631981082,-0.25810768024517605
1917040100,1.7645786178060512,-0.18045326806436585,-0.21468582641350925,0.631682207403278,0.0779090201027266,-0.25836228816709245
1918040100,1.7655556611801675,-0.18070182332619864,-0.21403476404425884,0.6510623692504063,0.07799552500849316,-0.2586973483346918
1919040100,1.7665328430498364,-0.18089977763122178,-0.21339053193572952,0.6442321085293056,0.07808209013814249,-0.25898186776936427
1920040100,1.767510161554394,-0.18118014858668482,-0.21270540391305978,0.6851280226697556,0.07816871584275731,-0.25934886442944216
1921040100,1.7684876249223727,-0.18141336855327522,-0.21204497692129284,0.6604269917669261,0.07825540197842074,-0.25966877053169596
1922040100,1.7694652274966818,-0.18170788270468782,-0.21134257727459935,0.7023996466934608,0.07834214929649974,-0.2600500320011876
1923040100,1.770442977656509,-0.18194994388252392,-0.2106630825965651,0.6794946780342378,0.07842895731664257,-0.2603789011991665
1924040100,1.771420870130102,-0.1821956370033215,-0.20995214783074473,0.7109347658203877,0.07851582680480007,-0.2607114638081216
1925040100,1.7723989110189649,-0.1824591082492337,-0.2092667509563733,0.6853968743714474,0.07860275731474786,-0.2610618655639816
1926040100,1.7733770945237763,-0.18266383210639545,-0.20857884235236446,0.6879086040088271,0.0786897494110903,-0.2613535815174858
1927040100,1.7743554207051226,-0.18298426452290087,-0.2078813129659165,0.6975293864479664,0.07877680260023823,-0.26176106712313907
1928040100,1.7753338910856946,-0.18325235722211902,-0.2072125431733484,0.6687697925681031,0.07886391690939831,-0.26211627413151734
1929040100,1.7763124992730308,-0.18349707734458945,-0.20648507344765107,0.7274697256973248,0.07895109249609433,-0.26244816984068375
1930040100,1.7772912568658459,-0.1836278908304746,-0.20578303240525755,0.7020410423935272,0.07903832881237705,-0.26266621964285164
1931040100,1.7782701581505482,-0.18381166969687593,-0.2050919833735671,0.6910490316904887,0.07912562691415914,-0.26293729661103504
1932040100,1.7792492004061318,-0.1840353523006221,-0.2044574205442442,0.634562829322902,0.07921298631423923,-0.2632483386148613
1933040100,1.7802283716978906,-0.1842852117561856,-0.20379580209898124,0.6616184452629286,0.07930040679157813,-0.26358561854776374
1934040100,1.781207677107633,-0.18448793768680954,-0.20311357904025432,0.6822230587269316,0.0793878873012055,-0.26387582498801504
1935040100,1.7821871203632471,-0.18467718098505093,-0.20241756285954407,0.6960161807102418,0.07947542831733401,-0.26415260930238493
1936040100,1.7831667037819086,-0.18484230190992207,-0.20174450265415955,0.673060205384506,0.07956303019405553,-0.2644053321039776
1937040100,1.7841464222894379,-0.18503094614799817,-0.2010775996443199,0.6669030098396644,0.0796506931599339,-0.2646816393079321
1938040100,1.7851262742122835,-0.1851700762133871,-0.20042222170880544,0.6553779355144661,0.07973841678197857,-0.2649084929953657
1939040100,1.7861062568202641,-0.1853516434950845,-0.19975449905288511,0.6677226559203573,0.0798262009309525,-0.265177844426037
1940040100,1.787086372142079,-0.18552420686203505,-0.19911104939141502,0.6434496614700931,0.07991404538254798,-0.26543825224458306
1941040100,1.7880666149398792,-0.185771551525807,-0.19844581214701332,0.665237244401699,0.08000195033884694,-0.2657735018646539
1942040100,1.7890469891033818,-0.1859329863835315,-0.19778452567098678,0.66128647602654,0.08008991535008292,-0.2660229017336144
1943040100,1.790027493422423,-0.18618753145533162,-0.19708514789973106,0.6993777712557242,0.08017794078521234,-0.26636547224054397
1944040100,1.7910081349276628,-0.18640524696971092,-0.19642819589896662,0.6569520007644589,0.08026602655568027,-0.2666712735253912
1945040100,1.7919889048601931,-0.18656422709561066,-0.19572397336181058,0.7042225371560455,0.08035417331365124,-0.2669184004092619
1946040100,1.7929698119908433,-0.18677814154099528,-0.1950375233850687,0.6864499767418739,0.08044238029222939,-0.26722052183322464
1947040100,1.7939508523889258,-0.18693481934063136,-0.1943799166180541,0.6576067670146065,0.08053064830065537,-0.26746546764128676
1948040100,1.794932020021268,-0.18706368010663493,-0.19369420781146549,0.6857088065885935,0.0806189770060115,-0.26768265711264644
1949040100,1.7959133198731847,-0.18726044448415807,-0.19303659696627606,0.6576108451894169,0.08070736588514293,-0.267967810369301
1950040100,1.7968947460933475,-0.18733102897069748,-0.19239243005172502,0.6441669145510437,0.08079581540713221,-0.2681268443778297
1951040100,1.797876295686842,-0.18751589247891437,-0.19171371058218623,0.6787194695387883,0.08088432506447418,-0.26840021754338855
1952040100,1.7988579748306541,-0.18774835106773677,-0.19109773280217518,0.6159777800110321,0.08097289460634016,-0.26872124567407696
1953040100,1.7998397711575431,-0.18795371279053838,-0.19042403870296323,0.673694099211945,0.08106152460959493,-0.26901523740013333
1954040100,1.8008216952208953,-0.18825032084227108,-0.18972587465557,0.6981640473932584,0.0811502139767235,-0.2694005348189946
1955040100,1.8018037511901253,-0.1884501071539307,-0.1890406412570704,0.6852333984996197,0.08123896367995087,-0.2696890708338816
1956040100,1.8027859361567435,-0.18867955143024803,-0.1883089838105459,0.7316574465244787,0.08132777411613645,-0.2700073255463845
1957040100,1.8037682583511199,-0.1889080253054327,-0.18762512967408315,0.6838541364627366,0.08141664504236346,-0.27032467034779617
1958040100,1.8047507083319458,-0.18916550211823435,-0.18692577967986576,0.6993499942173871,0.08150557722384022,-0.27067107934207457
1959040100,1.805733288519627,-0.18934057281453287,-0.1862262494464765,0.6995302333892548,0.08159456982624391,-0.2709351426407768
1960040100,1.8067159984669643,-0.18951587632841102,-0.18551149459498492,0.7147548514916218,0.0816836230887219,-0.27119949941713295
1961040100,1.8076988405013599,-0.18976386456994201,-0.18483738422379015,0.6741103711947634,0.08177273699078569,-0.2715366015607277
1962040100,1.808681806651602,-0.19007973257081032,-0.18416259828918077,0.6747859346093756,0.08186191176368851,-0.27194164433449886
1963040100,1.8096648965947182,-0.1902564457682468,-0.18345076522929663,0.7118330598841416,0.08195114670396464,-0.27220759247221143
1964040100,1.8106481166420139,-0.19040063813489694,-0.18270415200017487,0.7466132291217931,0.08204044180145331,-0.27244107993635025
1965040100,1.811631472615067,-0.19058552380306523,-0.1820265540775729,0.6775979226019623,0.08212979764902784,-0.2727153214520931
1966040100,1.8126149514747079,-0.19075950045230106,-0.18136471909889268,0.6618349786801825,0.0822192147962788,-0.27297871524857986
1967040100,1.8135985499263099,-0.19102212614878214,-0.18068195821398433,0.682760884908334,0.08230869207752889,-0.273330818226311
1968040100,1.8145822712996427,-0.19120267209027833,-0.18000409486368177,0.6778633503025997,0.08239822921180107,-0.27360090130207937
1969040100,1.815566114259321,-0.19145760213521085,-0.17928117273758398,0.722922126097783,0.0824878265209783,-0.27394542865618915
1970040100,1.8165500863892539,-0.1916281067762929,-0.17859872011502476,0.6824526225592267,0.08257748390235875,-0.2742055906786517
1971040100,1.8175341799865696,-0.19176167863956567,-0.17787835622979312,0.7203638852316353,0.08266720206645672,-0.2744288807060224
1972040100,1.8185184013017295,-0.19197540406691574,-0.1771996542095176,0.6787020202755323,0.08275698033031986,-0.2747323843972356
1973040100,1.8195027424809573,-0.19215686138459465,-0.17653894182800992,0.6607123815077053,0.0828468192834606,-0.27500368066805525
1974040100,1.8204871999115881,-0.19238424353086933,-0.17583751519106378,0.7014266369461446,0.0829367182281544,-0.27532096175902376
1975040100,1.821471780286941,-0.19254768473544295,-0.1751516499006519,0.6858652904118656,0.08302667685277854,-0.27557436158822146
1976040100,1.822456480411041,-0.19278548275297896,-0.1744421576744352,0.7094922262167178,0.08311669578750625,-0.2759021785404852
1977040100,1.8234413039216117,-0.19291566055092277,-0.17376409884373864,0.6780588306965363,0.08320677475894911,-0.2761224353098719
1978040100,1.8244262448888495,-0.19311768871833904,-0.17304817583422533,0.7159230095133079,0.0832969141187263,-0.2764146028370653
1979040100,1.825411309380294,-0.1932922916256945,-0.1723855921060255,0.6625837281998124,0.08338711334276994,-0.27667940496846444
1980040100,1.8263964877430052,-0.1934376862289113,-0.17168646880617336,0.6991232998521393,0.08347737300543301,-0.27691505923434434
1981040100,1.8273817857877073,-0.19356096896405472,-0.17100049819190183,0.6859706142715374,0.08356769224065985,-0.2771286612047146
1982040100,1.8283672007947271,-0.19382648117941995,-0.17032863051574085,0.6718676761609794,0.08365807159930938,-0.2774845527787293
1983040100,1.8293527299099346,-0.19405642271388174,-0.16966736138771768,0.6612691280231888,0.08374851085029178,-0.2778049335641735
1984040100,1.8303383708988983,-0.19422335195826435,-0.16893423567048446,0.7331257172332197,0.08383900974961733,-0.2780623617078817
1985040100,1.8313241354145466,-0.19447428082364668,-0.16821822458866378,0.7160110818206843,0.0839295681096992,-0.2784038489333459
1986040100,1.832310020061767,-0.19457717099610225,-0.1675331749462956,0.6850496423681667,0.08402018701946545,-0.27859735801556773
1987040100,1.8332960191727592,-0.19483299998581205,-0.16680541212303507,0.7277628232605291,0.08411086618573194,-0.278943866171544
1988040100,1.8342821393774957,-0.19491672200131105,-0.16615125137931036,0.6541607437246959,0.08420160510542729,-0.27911832710673834
1989040100,1.8352683679834718,-0.19512092134430548,-0.16541989821442532,0.731353164885042,0.08429240440699814,-0.2794133257513036
1990040100,1.8362547172825998,-0.19529115578188014,-0.1647742193030738,0.6456789113515451,0.08438326293962817,-0.27967441872150833
1991040100,1.8372411726978093,-0.19546385706262048,-0.1640676819966937,0.7065373063800919,0.0844741818535617,-0.2799380389161822
1992040100,1.838227743759833,-0.19563634425048804,-0.16337757464566868,0.6901073510249964,0.08456515982279456,-0.2802015040732826
1993040100,1.8392144273039523,-0.1957759423085351,-0.16268567698691128,0.691897658757415,0.08465619774361954,-0.28043214005215467
1994040100,1.840201223150237,-0.19591032285986681,-0.1619933293485768,0.692347638334486,0.08474729534176717,-0.280657618201634
1995040100,1.841188130898861,-0.19611291478258738,-0.16131693504517883,0.6763943033979609,0.08483845261815759,-0.280951367400745
1996040100,1.8421751475144847,-0.1962515641193746,-0.16064266858036172,0.6742664648171043,0.08492966955333259,-0.2811812336727072
1997040100,1.843162272205188,-0.1964687412771799,-0.15993367898274208,0.7089895976196372,0.08502094588397568,-0.2814896871611556
1998040100,1.844149510052538,-0.196735019027286,-0.15925617112902024,0.6775078537218493,0.08511228155379769,-0.28184730058108365
1999040100,1.8451368555682772,-0.19687118172650547,-0.15853875266954465,0.7174184594755967,0.08520367705024867,-0.28207485877675414
2000040100,1.8461243146008888,-0.19707961417695768,-0.15779603865411104,0.7427140154335969,0.08529513188248217,-0.28237474605943985
2001040100,1.8471118906174488,-0.19721598376599034,-0.15711789726116657,0.6781413929444783,0.08538664660949635,-0.2826026303754867
2002040100,1.8480995729714216,-0.19736489619140987,-0.15640299115086045,0.7149061103061068,0.08547822157058249,-0.28284311776199234
2003040100,1.8490873669359607,-0.19749102795221887,-0.1557236304651279,0.6793606857325554,0.08556985579595278,-0.2830608837481716
2004040100,1.85007526649392,-0.19760871778520292,-0.1550374876357583,0.686142829369607,0.08566154979187246,-0.2832702675770754
2005040100,1.8510632722366551,-0.197849608144274,-0.15436226960190577,0.6752180338525249,0.08575330301676942,-0.2836029111610434
2006040100,1.8520513820193927,-0.19800314174555966,-0.1536908240313613,0.6714455705444771,0.08584511554214913,-0.2838482572877088
2007040100,1.8530395948141283,-0.198070841769797,-0.1529570831417631,0.7337408895982227,0.08593698718516052,-0.2840078289549575
2008040100,1.8540279196686535,-0.1981177208032538,-0.15226650026175312,0.6905828800099698,0.08602891786645372,-0.2841466386697075
2009040100,1.8550163495056442,-0.19828618715935611,-0.15161848538971534,0.6480148720377737,0.08612090844455622,-0.2844070956039123
2010040100,1.8560048774252116,-0.1984817771920348,-0.15098057332544004,0.6379120642752646,0.08621295827770581,-0.2846947354697406
2011040100,1.856993501492761,-0.19855772367297247,-0.15028131693993999,0.699256385500064,0.08630506673927485,-0.2848627904122473
2012040100,1.857982230492094,-0.19879200155768623,-0.1495678940049535,0.7134229349864977,0.08639723366427887,-0.2851892352219651
2013040100,1.8589710660508316,-0.19891908881159395,-0.14891392738730813,0.6539666176453499,0.08648945988739953,-0.28540854869899346
2014040100,1.8599599988462445,-0.19902132760774616,-0.14818011241050075,0.7338149768073782,0.08658174557703546,-0.2856030731847816
2015040100,1.8609490402472333,-0.19919655918955131,-0.14749942426995166,0.6806881405490726,0.08667408987911074,-0.28587064906866205
2016040100,1.8619381819148157,-0.19940022995266055,-0.1468307418858642,0.6686823840874676,0.0867664938713979,-0.28616672382405844
2017040100,1.8629274216342713,-0.19957375353013265,-0.14612499799269615,0.7057438931680572,0.08685895679117905,-0.2864327103213117
2018040100,1.8639167643603152,-0.19975205710478774,-0.14540441277776328,0.7205852149328728,0.08695147844702689,-0.2867035355518146
2019040100,1.8649062117506876,-0.19996296579431147,-0.14469833969714901,0.7060730806142748,0.08704405931814918,-0.2870070251124607
2020040100,1.8658957611991676,-0.20009307153647263,-0.14398930524141446,0.7090344557345669,0.08713669957598214,-0.28722977111245473
2021040100,1.8668854126373644,-0.20023649711237781,-0.1432633314369955,0.725973804418955,0.08722939899273996,-0.28746589610511775
2022040100,1.8678751679863876,-0.2002839591640659,-0.1425772839164776,0.6860475205178882,0.08732215757805761,-0.28760611674212355
2023040100,1.8688650210520736,-0.20029657788183453,-0.1418840745264853,0.6932093899922913,0.08741497552816924,-0.28771155341000376
2024040100,1.8698549723813116,-0.20048263050489756,-0.14123853665620095,0.6455378702843579,0.08750785227805835,-0.2879904827829559
2025040100,1.8708450147888236,-0.20068307450558878,-0.1406101800620523,0.6283565941486364,0.08760078789447334,-0.2882838624000621
2026040100,1.8718351454542768,-0.2009609011009231,-0.13989451910551456,0.7156609565377561,0.08769378171780318,-0.2886546828187263
2027040100,1.8728253761641132,-0.20113157421122488,-0.13917104648105727,0.7234726244572967,0.08778683349733285,-0.2889184077085577
2028040100,1.873815707494848,-0.20123439481583746,-0.13840811182442872,0.7629346566285358,0.08787994435560265,-0.28911433917144014
2029040100,1.8748061443733441,-0.20123141510399695,-0.1376981968030093,0.7099150214194141,0.08797311436262589,-0.28920452946662284
2030040100,1.875796678946832,-0.20141777564385366,-0.13702178647883442,0.6764103241748707,0.08806634399812907,-0.28948411964198273
2031040100,1.8767873061401374,-0.20156384747013287,-0.13639806599879886,0.6237204800355686,0.088159632538936,-0.2897234800090689
2032040100,1.8777780183368638,-0.20175618953866672,-0.13567908664210143,0.718979356697397,0.08825297952208189,-0.2900091690607486
2033040100,1.8787688280411117,-0.20187757097344955,-0.13497974358340445,0.6993430586969942,0.0883463842439518,-0.29022395521740135
2034040100,1.8797597320984303,-0.2020289418466576,-0.13425666504063735,0.723078542767096,0.08843984789788095,-0.29046878974453855
2035040100,1.8807507332015492,-0.2021545568259858,-0.1335686076585387,0.6880573820986616,0.08853337020144991,-0.29068792702743573
2036040100,1.8817418261691075,-0.20230300868704915,-0.132865036446054,0.7035712124847179,0.0886269514239224,-0.29092996011097155
2037040100,1.8827330125872048,-0.20244713807077128,-0.1321738753286538,0.6911611174001764,0.08872059109094366,-0.29116772916171496
2038040100,1.8837242903297493,-0.20251086336498778,-0.13147078236505552,0.7030929635982736,0.08881428936703628,-0.2913251527320241
2039040100,1.8847156604874484,-0.20265542904759165,-0.13076934568027251,0.7014366847830062,0.08890804606583913,-0.2915634751134308
2040040100,1.8857071223542563,-0.20283210071947466,-0.1301077668649012,0.661578815371328,0.08900186130506071,-0.2918339620245354
2041040100,1.8866986702719482,-0.20288666345918313,-0.12940526182328316,0.7025050416180206,0.08909573503246548,-0.29198239849164864
2042040100,1.8876903090886676,-0.20304072933208975,-0.1286861334521354,0.7191283711477705,0.08918966672641915,-0.29223039605850887
2043040100,1.8886820404484574,-0.203230992773251,-0.1280277335749331,0.658399877202285,0.08928365686023909,-0.29251464963349005
2044040100,1.8896738560865682,-0.2033402625163298,-0.1273190567991852,0.70867677574791,0.08937770560429215,-0.29271796812062195
2045040100,1.890665761958238,-0.20349304452658426,-0.12659168330982296,0.7273734893622348,0.08947181218883671,-0.29296485671542094
2046040100,1.8916577599260147,-0.20355198077576486,-0.1259043709966009,0.6873123132220359,0.08956597719279102,-0.2931179579685559
2047040100,1.8926498444352937,-0.20363926824467737,-0.12519477944605778,0.7095915505431218,0.08966020080742965,-0.293299469052107
2048040100,1.8936420177996263,-0.20371814983992553,-0.12453177515098178,0.6630042950760151,0.08975448251933216,-0.2934726323592577
2049040100,1.8946342737338997,-0.20387700630636604,-0.12385420305904624,0.6775720919355301,0.08984882256230264,-0.2937258288686687
2050040100,1.8956266136017224,-0.2039316105491493,-0.12318045829513244,0.6737447639137792,0.0899432203523638,-0.2938748309015131
2051040100,1.8966190364772537,-0.20403346070317396,-0.12246619071356414,0.7142675815683044,0.09003767603251234,-0.2940711367356863
2052040100,1.8976115468610955,-0.20421903106451392,-0.12180372217893493,0.6624685346292201,0.09013218952792457,-0.29435122059243846
2053040100,1.898604137954495,-0.2043894119148148,-0.1211172090537543,0.6865131251806322,0.0902267612807961,-0.2946161731956109
2054040100,1.8995968122272247,-0.20451681441343628,-0.12038824641195794,0.7289626417963484,0.09032139065670108,-0.29483820507013736
2055040100,1.900589574310419,-0.20460353885220348,-0.11966631969371197,0.7219267182459804,0.09041607790418382,-0.2950196167563873
2056040100,1.9015824228366074,-0.20464380935184745,-0.11896540903602462,0.7009106576873476,0.09051082347860628,-0.29515463283045373
2057040100,1.9025753547942668,-0.2047580755452662,-0.11828444530476816,0.6809637312564638,0.09060562726332222,-0.2953637028085884
2058040100,1.9035683673418782,-0.20488315438616247,-0.11762640928935787,0.6580360154102802,0.09070048898431438,-0.2955836433704768
2059040100,1.9045614573285412,-0.20498031374770936,-0.11693092820309325,0.6954810862646169,0.09079540838320099,-0.29577572213091036
2060040100,1.9055546286934486,-0.20515049387228487,-0.11622957195766309,0.7013562454301565,0.09089038517145198,-0.2960408790437369
2061040100,1.9065478816375576,-0.20528113963474573,-0.11554176248492581,0.6878094727372756,0.0909854197385016,-0.2962665593732473
2062040100,1.9075412141106398,-0.20525671647947957,-0.11481688331189166,0.7248791730341528,0.0910805121166014,-0.29633722859608097
2063040100,1.9085346298903323,-0.2053404893976188,-0.11411129093810866,0.7055923737829912,0.09117566212235317,-0.29651615151997196
2064040100,1.9095281262587613,-0.20556813054837073,-0.11348306275566217,0.6282281824464891,0.09127087013062507,-0.2968390006789958
2065040100,1.9105216939635847,-0.20567374442547012,-0.11280034957340013,0.6827131822620426,0.09136613589403808,-0.29703988031950823
2066040100,1.911515338747047,-0.2056332718496801,-0.11204502758343282,0.7553219899673065,0.0914614585375837,-0.2970947303872638
2067040100,1.912509068267077,-0.2057130708942807,-0.11135028891718422,0.6947386662486137,0.09155683862410058,-0.2972699095183813
2068040100,1.9135028752265255,-0.20583437172833102,-0.11072845494087324,0.6218339763109827,0.0916522769016268,-0.29748664862995783
2069040100,1.914496751092224,-0.20597888363637332,-0.11004610558421801,0.682349356655225,0.09174777268230727,-0.29772665631868056
2070040100,1.9154907021277314,-0.20603843965605836,-0.10934254298803135,0.7035625961866693,0.09184332515796712,-0.2978817648140255
2071040100,1.916484730185378,-0.20616333929978006,-0.10862686637859162,0.7156766094397358,0.09193893494240513,-0.29810227424218516
2072040100,1.9174788360865131,-0.20630396663922307,-0.10795332872733314,0.6735376512584841,0.09203460222601478,-0.29833856886523785
2073040100,1.9184730147826352,-0.206430123323285,-0.1072466493806159,0.7066793467172399,0.09213032710028202,-0.29856045042356705
2074040100,1.9194672693708044,-0.2064619070809641,-0.10653160468628176,0.7150446943341436,0.09222610909118245,-0.2986880161721466
2075040100,1.9204616002440182,-0.20660667360190768,-0.10582332288397162,0.7082818023101332,0.09232194850905628,-0.29892862211096394
2076040100,1.9214560061795725,-0.2066586846130897,-0.10516194358501511,0.6613792989565042,0.0924178454040252,-0.29907653001711487
2077040100,1.9224504817564316,-0.20664623035565258,-0.10444356283904703,0.7183807459680884,0.09251379967032491,-0.29916003002597746
2078040100,1.9234450324838221,-0.20666546395901453,-0.10377123523173934,0.6723276073076951,0.09260981079653163,-0.29927527475554616
2079040100,1.9244396530791212,-0.20680427580921917,-0.10313094471505017,0.6402905166891666,0.09270587932621055,-0.2995101551354297
2080040100,1.9254343397950848,-0.20691556430742367,-0.10247455096195927,0.6563937530908979,0.09280200476077383,-0.29971756906819746
2081040100,1.9264290938713338,-0.20694398810374393,-0.10175786975843533,0.716681203523947,0.09289818674908545,-0.2998421748528294
2082040100,1.9274239210052244,-0.20706807997327292,-0.10105450701306425,0.7033627453710645,0.09299442542183556,-0.3000625053951085
2083040100,1.928418819342269,-0.20714938139485345,-0.10039229895147789,0.6622080615863546,0.09309072134157503,-0.3002401027364285
2084040100,1.9294137842664387,-0.20723792292539617,-0.09968178745421395,0.7105114972639321,0.09318707434043816,-0.3004249972658343
2085040100,1.9304088201495853,-0.2074053658563918,-0.09899228733252154,0.6895001216924089,0.09328348398253183,-0.30068884983892363
2086040100,1.931403924413039,-0.2075268925955594,-0.09829876893238748,0.693518400134053,0.09337995070261229,-0.3009068432981717
2087040100,1.9323990969780813,-0.2077286013937317,-0.09756524347373143,0.7335254586560525,0.09347647426196559,-0.3012050756556973
2088040100,1.9333943412639714,-0.20782314610587324,-0.09685421159075593,0.7110318829754999,0.0935730546640201,-0.3013962007698934
2089040100,1.9343896545602675,-0.2078213567686907,-0.096102463678527,0.7517479122289248,0.09366969225195376,-0.3014910490206445
2090040100,1.935385040271488,-0.2079186596175179,-0.09540388685177374,0.6985768267532535,0.09376638677396087,-0.30168504639147875
2091040100,1.9363804927714867,-0.2080209961233581,-0.09475325877227615,0.6506280794975925,0.09386313857223172,-0.30188413469558983
2092040100,1.9373760070391126,-0.2081136832606599,-0.09405266785234766,0.7005909199284919,0.09395994711117694,-0.3020736303718369
2093040100,1.938371587346404,-0.20827866039970613,-0.09334913344348586,0.7035344088618025,0.09405681191295301,-0.3023354723126591
2094040100,1.9393672334790801,-0.2083836863808808,-0.09265001648359969,0.6991169598861664,0.09415373340364042,-0.3025374197845212
2095040100,1.9403629445356536,-0.20836065208702828,-0.0919142023811262,0.7358141024734837,0.09425071157311038,-0.30261136366013863
2096040100,1.941358723398368,-0.208514606314731,-0.0912079315098959,0.706270871230303,0.09434774634418375,-0.30286235265891476
2097040100,1.9423545668376783,-0.20859129981555385,-0.09056551447442306,0.6424170354728425,0.09444483800853476,-0.3030361378240886
2098040100,1.9433504685838163,-0.20868712249091242,-0.08983407263974964,0.7314418346734163,0.09454198626204047,-0.3032291087529529
2099040100,1.9443464362164284,-0.2087434957114952,-0.08914088519043017,0.6931874493194646,0.0946391905031021,-0.3033826862145973
2100040100,1.9453424657978782,-0.20882545277969933,-0.08843771910623205,0.7031660841981303,0.09473645148167265,-0.303561904261372
2101040100,1.9463385577309518,-0.20895206066965702,-0.08775394211226906,0.683776993962995,0.0948337688236478,-0.3037858294933048
2102040100,1.94733470982404,-0.20902225940382316,-0.08705698646397272,0.6969556482963375,0.09493114257853819,-0.3039534019823613
2103040100,1.9483309227573233,-0.20921121753508898,-0.08633722923505231,0.7197572289204144,0.09502857254212316,-0.30423979007721214
2104040100,1.949327198013333,-0.20934274333440295,-0.08564531322228486,0.6919160127674475,0.0951260587908358,-0.30446880212523875
2105040100,1.950323532694779,-0.2094041254296359,-0.08489341647964375,0.7518967426410945,0.09522360147983377,-0.3046277269094697
2106040100,1.9513199314123157,-0.2094251144392259,-0.0841697495458593,0.7236669337844461,0.09532120033540892,-0.3047463147746348
2107040100,1.952316391229736,-0.20944161495733316,-0.08348080841892515,0.6889411269341545,0.09541885581932164,-0.3048604707766548
2108040100,1.9533129087302286,-0.2095825264083698,-0.08281179823165671,0.6690101872684372,0.09551656765401972,-0.30509909406238955
2109040100,1.9543094817923732,-0.2096708394938254,-0.08214477569003134,0.6670225416253772,0.09561433551419896,-0.3052851750080243
2110040100,1.95530610980704,-0.20976643145061658,-0.08141504231057824,0.7297333794530905,0.09571215920106368,-0.30547859065168026
2111040100,1.956302797432737,-0.20989124507819631,-0.08071120792702832,0.7038343835499115,0.095810038663938,-0.30570128374213434
2112040100,1.9572995420509811,-0.20997584785070653,-0.08000331927696645,0.7078886500618717,0.09590797436977283,-0.3058838222204794
2113040100,1.9582963434920193,-0.21007770107386503,-0.07928034617136322,0.7229731056032362,0.09600596607085521,-0.30608366714472024
2114040100,1.9592932024511098,-0.2102056262915054,-0.07857708530672382,0.7032608646394185,0.09610401375987365,-0.30630964005137906
2115040100,1.9602901168600613,-0.21025115426705723,-0.07786477142096788,0.7123138857559375,0.09620211751463614,-0.30645327178169335
2116040100,1.9612870869300638,-0.21031603592373072,-0.07713894144715418,0.7258299738137179,0.09630027714091582,-0.30661631306464654
2117040100,1.962284113196938,-0.21037789408531862,-0.07645399478342249,0.6849466637316846,0.09639849266868339,-0.306776386754002
2118040100,1.9632811920136064,-0.21041184969475246,-0.07575901713401713,0.6949776494053654,0.09649676415996211,-0.3069086138547146
2119040100,1.9642783236715486,-0.21044733616849662,-0.07506520299109326,0.6938141429238629,0.09659509126426613,-0.3070424274327628
2120040100,1.9652755076019002,-0.210556262276934,-0.07438504775230628,0.68015523878698,0.09669347401909434,-0.30724973629602836
2121040100,1.9662727423096498,-0.21061846472338577,-0.07370383151764491,0.6812162346613779,0.09679191237703932,-0.30741037710042507
2122040100,1.9672700274115948,-0.21065852409862454,-0.07298545293514579,0.7183785824991291,0.0968904061990834,-0.3075489302977079
2123040100,1.968267365155532,-0.21067060213611746,-0.07229008705905295,0.6953658760928367,0.0969889554558101,-0.30765955759192753
2124040100,1.9692647533648895,-0.2108216474093919,-0.07160548778396136,0.6845992750916015,0.09708756037791133,-0.30790920778730324
2125040100,1.9702621907871651,-0.2109074798762096,-0.07093462997913623,0.670857804825135,0.09718622075876482,-0.30809370063497443
2126040100,1.971259675981049,-0.2110147874147395,-0.07019376141573594,0.7408685634002949,0.09728493648279724,-0.30829972389753674
2127040100,1.9722572134103515,-0.21105877723550326,-0.06948510248759286,0.7086589281430737,0.09738370741547087,-0.3084424846509741
2128040100,1.9732548002917663,-0.21116286569555556,-0.06876526626233068,0.7198362252621803,0.09748253400714191,-0.30864539970269744
2129040100,1.9742524368923742,-0.21120789087217495,-0.06807677543362799,0.6884908287026896,0.0975814159905326,-0.30878930686270756
2130040100,1.97525012056348,-0.2113424007056943,-0.06735780164853432,0.718973785093663,0.0976803534003956,-0.3090227541060899
2131040100,1.9762478528843386,-0.21138943651079753,-0.06666804386674798,0.689757781786349,0.09777934598216831,-0.30916878249296587
2132040100,1.9772456313932933,-0.21146120412878125,-0.06593304916572622,0.7349947010217628,0.09787839390056163,-0.30933959802934285
2133040100,1.978243458597104,-0.21149808426475247,-0.06524147164315522,0.6915775225709981,0.09797749691916025,-0.3094755811839127
2134040100,1.979241331127076,-0.2116045263856192,-0.06453715892276819,0.7043127203870212,0.0980766552949035,-0.3096811816805227
2135040100,1.9802392493273513,-0.21161226772341699,-0.06384999018779162,0.6871687349765665,0.09817586870092043,-0.30978813642433745
2136040100,1.9812372116091534,-0.21164322806253308,-0.0631276016341767,0.7223885536149166,0.09827513717910108,-0.3099183652416342
2137040100,1.9822352197237287,-0.21180780630669052,-0.06245432191638244,0.6732797177942575,0.09837446057897736,-0.31018226688566786
2138040100,1.9832332700864095,-0.21191786387576875,-0.06176914466960323,0.685177246779209,0.0984738390824198,-0.3103917029581885
2139040100,1.9842313629792776,-0.21207853642667537,-0.06101660300502511,0.7525416645781331,0.09857327233993729,-0.3106518087666127
2140040100,1.985229502043823,-0.21219774665472815,-0.06029087531929584,0.7257276857292696,0.09867276038682249,-0.3108705070415506
2141040100,1.9862276850994809,-0.21223924202267547,-0.05953929242677291,0.7515828925229362,0.09877230359355949,-0.31101154561623495
2142040100,1.9872259131593522,-0.21223286689894813,-0.05880797560888147,0.7313168178914353,0.09887190175028238,-0.31110476864923053
2143040100,1.9882241844686461,-0.21232633794830327,-0.058115206559000446,0.692769049881032,0.09897155496560828,-0.3112978929139115
2144040100,1.989222496255254,-0.21242986946291714,-0.05744615866947204,0.6690478895284089,0.09907126307181713,-0.31150113253473427
2145040100,1.990220846678398,-0.2124748418209335,-0.05672677388964983,0.7193847798222099,0.09917102579915138,-0.3116458676200849
2146040100,1.9912192381463742,-0.21256681041242445,-0.05600192497815161,0.7248489114982114,0.09927084297043365,-0.31183765338285807
2147040100,1.9922176704483578,-0.2126096527249099,-0.055306038843919554,0.6958861342320538,0.09937071483326676,-0.31198036755817665
2148040100,1.9932161414591851,-0.21271426629181656,-0.05458624356626615,0.7197952776533931,0.09947064137355,-0.31218490766536655
2149040100,1.9942146520000867,-0.2128543045568632,-0.05389069855168487,0.6955450145812719,0.09957062238539294,-0.3124249269422561
2150040100,1.9952132002477918,-0.21287519831988586,-0.05316383148495565,0.7268670667292221,0.09967065795773777,-0.31254585627762366
2151040100,1.9962117873841254,-0.2128887863338871,-0.052418744641230725,0.7450868437249225,0.09977074791456175,-0.31265953424844883
2152040100,1.9972104138362847,-0.21298207127454022,-0.051732960888838476,0.6857837523922459,0.09987089238090618,-0.3128529636554464
2153040100,1.9982090759850777,-0.21310312197969933,-0.05105057529123608,0.6823855976024014,0.09997109140632787,-0.3130742133860272
2154040100,1.9992077731874376,-0.21320344767445604,-0.05032792698283693,0.722648308399149,0.10007134463415213,-0.31327479230860816
2155040100,2.0002065070046138,-0.21321518263472208,-0.049590926083117555,0.7370008997193845,0.10017165200596523,-0.3133868346406873
2156040100,2.0012052776266165,-0.21331241002497406,-0.048863859350471814,0.727066732645748,0.10027201368480121,-0.31358442370977524
2157040100,2.002204084025764,-0.2132903915856769,-0.04818083663828176,0.6830227121900463,0.10037242969609395,-0.3136628212817708
2158040100,2.003202923553773,-0.21329584539127938,-0.04745464525806727,0.7261913802144917,0.10047289994280817,-0.31376874533408755
2159040100,2.004201797793381,-0.21336353975693464,-0.04678789277130178,0.6667524867654986,0.10057342416456194,-0.3139369639214966
2160040100,2.005200703439586,-0.2133760406190756,-0.04610716521851195,0.6807275527898279,0.10067400252657421,-0.3140500431456498
2161040100,2.0061996406925355,-0.21338839569842272,-0.04539495377011115,0.7122114484007989,0.10077463470184611,-0.31416303040026883
2162040100,2.0071986105185466,-0.21348123501658184,-0.044710085900762885,0.6848678693482625,0.10087532071610994,-0.3143565557326918
2163040100,2.0081976111891437,-0.21358030420938584,-0.04402503792112835,0.6850479796345317,0.10097606067241216,-0.314556364881798
2164040100,2.009196642243678,-0.21365136040220245,-0.04329933369251969,0.7257042286086589,0.1010768544020415,-0.31472821480424396
2165040100,2.010195704973978,-0.21363960890207234,-0.04257008791408016,0.7292457784395282,0.10117770186394281,-0.31481731076601516
2166040100,2.011194799004615,-0.21370646255436954,-0.041854477962188906,0.7156099518912504,0.10127860319401805,-0.3149850657483876
2167040100,2.012193923233811,-0.2136962610596803,-0.04118006662302416,0.6744113391647424,0.10137955835991264,-0.31507581941959295
2168040100,2.0131930754546827,-0.2138249256847627,-0.0404659901720997,0.7140764509244562,0.1014805672557415,-0.3153054929405042
2169040100,2.014192256818221,-0.21391621511891232,-0.03979023281489903,0.6757573572006674,0.10158162966359541,-0.31549784478250775
2170040100,2.0151914652913483,-0.21396777948041304,-0.039044556187734177,0.745676627164855,0.10168274570501268,-0.3156505251854257
2171040100,2.016190703149494,-0.21406183833253098,-0.038317155528302865,0.7274006594313129,0.10178391517930763,-0.31584575351183863
2172040100,2.0171899691371036,-0.2140739307250821,-0.037609285221085614,0.707870307217249,0.1018851383219328,-0.3159590690470149
2173040100,2.0181892619912944,-0.21406591296838368,-0.036879750270405104,0.7295349506805118,0.10198641501085248,-0.31605232797923616
2174040100,2.0191885820103805,-0.2141399913479529,-0.036190945038197864,0.6888052322072435,0.10208774512303265,-0.31622773647098557
2175040100,2.020187927189607,-0.2141959703666883,-0.035511981544274145,0.6789634939237162,0.10218912869360608,-0.3163850990602944
2176040100,2.021187296705453,-0.2142630850141513,-0.034791592329119686,0.7203892151544553,0.10229056552394766,-0.316553650538099
2177040100,2.0221866915390523,-0.21426426091540596,-0.03407991133279993,0.7116809963197567,0.10239205553500241,-0.31665631645040837
2178040100,2.023186110875078,-0.21431836814926553,-0.03336229872244274,0.7176126103571859,0.10249359883097497,-0.3168119669802405
2179040100,2.024185554405207,-0.21441980872413488,-0.03267742340433638,0.6848753181063658,0.10259519533358485,-0.31701500405771976
2180040100,2.025185020545715,-0.21442136941725506,-0.03196574440913596,0.7116789952004248,0.10269684501597354,-0.31711821443322863
2181040100,2.0261845096848097,-0.21439537930771843,-0.03122996597302671,0.7357784361092494,0.1027985477214095,-0.31719392702912796
2182040100,2.0271840220690556,-0.21445529280732178,-0.030543894439471305,0.6860715335554055,0.10290030349364443,-0.3173555963009662
2183040100,2.0281835556405756,-0.21439407772021216,-0.029871420242519434,0.672474196951871,0.10300211236207701,-0.31739619008228914
2184040100,2.0291831095228763,-0.21456316105484668,-0.02915564424816268,0.7157759943567528,0.10310397412126093,-0.3176671351761076
2185040100,2.0301826845271873,-0.21459645153130824,-0.028500324808442605,0.6553194397200774,0.10320588868581027,-0.3178023402171185
2186040100,2.0311822784204203,-0.21463862650704088,-0.027729287759369343,0.7710370490732584,0.10330785614236859,-0.3179464826494095
2187040100,2.0321818939883545,-0.2146572974972409,-0.027025850177512047,0.7034375818572953,0.10340987626696929,-0.31806717376421023
2188040100,2.0331815288122934,-0.2146504677844186,-0.026317655621797345,0.7081945557147036,0.10351194934779784,-0.31816241713221644
2189040100,2.0341811825227825,-0.21462990112722655,-0.025620945092592978,0.6967105292043665,0.10361407514177401,-0.3182439762690006
2190040100,2.035180854324323,-0.2146456860388756,-0.02493676796616368,0.6841771264292994,0.10371625361484149,-0.31836193965371706
2191040100,2.036180543419236,-0.21469559316287817,-0.02425926974874181,0.677498217421866,0.10381848468928467,-0.31851407785216285
2192040100,2.037180249177583,-0.21468828987823907,-0.023563333414239402,0.6959363345024101,0.10392076828701136,-0.3186090581652504
2193040100,2.038179971575087,-0.21476538426765351,-0.02285000533047498,0.713328083764421,0.10402310434692907,-0.3187884886145826
2194040100,2.0391797105250737,-0.21486095644906403,-0.022165066154385342,0.6849391760896433,0.10412549286987982,-0.3189864493189438
2195040100,2.0401794648900515,-0.21492472294769346,-0.021437542943927676,0.7275232104576627,0.1042279338502965,-0.31915265679799
2196040100,2.0411792351147278,-0.21491162698407262,-0.020700358582415375,0.7371843615123008,0.10433042717483687,-0.3192420541589095
2197040100,2.0421790208699555,-0.21497435713992613,-0.01997871837058538,0.7216402118299945,0.1044329728922655,-0.3194073300321916
2198040100,2.043178821302,-0.21493382397906105,-0.01929530429392883,0.6834140766565551,0.10453557097199351,-0.31946939495105453
2199040100,2.0441786351533917,-0.21493250081332627,-0.01857362031991423,0.7216839740145987,0.10463822132950185,-0.3195707221428281
2200040100,2.0451784626686647,-0.21495578766206266,-0.01790341763097549,0.6702026889387407,0.10474092383860523,-0.3196967115006679
2201040100,2.046178302406764,-0.2150259991282972,-0.017213381109987314,0.6900365209881749,0.10484367852727416,-0.3198696776555714
2202040100,2.0471781542601772,-0.21500537970624417,-0.01651076140890596,0.7026197010813555,0.10494648525016359,-0.31995186495640776
2203040100,2.0481780179606526,-0.21501455365900854,-0.015784307345587056,0.7264540633189034,0.10504934399886778,-0.32006389765787635
2204040100,2.0491778933910596,-0.21504632230927942,-0.015103078234851266,0.6812291107357912,0.10515225474839696,-0.3201985770576764
2205040100,2.0501777793417415,-0.2151470084700895,-0.01440670226688967,0.6963759679615955,0.10525521748928313,-0.3204022259593726
2206040100,2.0511776755670015,-0.21516969295743713,-0.01369873349171402,0.7079687751756503,0.1053582320994444,-0.32052792505688155
2207040100,2.052177581740819,-0.2152025862126582,-0.012955872625089293,0.7428608666247256,0.10546129855593733,-0.32066388476859553
2208040100,2.053177497814675,-0.21522041296971678,-0.012251735170142244,0.7041374549470474,0.10556441682749451,-0.3207848297972113
2209040100,2.0541774227631064,-0.21519290862989626,-0.011542195400672826,0.7095397694694172,0.10566758691140521,-0.32086049554130147
2210040100,2.0551773561527087,-0.21518014547898254,-0.010839920980425943,0.7022744202468832,0.10577080870409006,-0.3209509541830726
2211040100,2.0561772974013404,-0.21515704183597684,-0.010160134819325805,0.6797861611001388,0.1058740821629165,-0.32103112399889333
2212040100,2.0571772457876145,-0.21519305055166926,-0.009472771210085638,0.6873636092401676,0.1059774072297941,-0.32117045778146336
2213040100,2.0581772009212527,-0.2151707426523405,-0.008790391600018157,0.6823796100674786,0.10608078383211961,-0.3212515264844601
2214040100,2.059177162286009,-0.21515622820700828,-0.00807815127224161,0.7122403277765463,0.10618421193138872,-0.321340440138397
2215040100,2.0601771296579225,-0.2151124448796182,-0.0073948812631039855,0.6832700091376245,0.1062876914759876,-0.3214001363556058
2216040100,2.061177102315913,-0.2151241950880973,-0.006707510874104643,0.687370388999343,0.10639122244446853,-0.32151541753256585
2217040100,2.0621770798206462,-0.2151045967109879,-0.006034629718911046,0.6728811551935965,0.10649480476382678,-0.3215994014748147
2218040100,2.0631770616123237,-0.21507114690731324,-0.005333725455288522,0.7009042636225247,0.10659843839011884,-0.32166958529743206
2219040100,2.0641770473880436,-0.2151430557722551,-0.00464830176049498,0.6854236947935419,0.1067021232668246,-0.3218451790390797
2220040100,2.0651770365847084,-0.21511715896982042,-0.003969637683631177,0.6786640768638033,0.10680585936395204,-0.32192301833377246
2221040100,2.0661770287057073,-0.21507349671790027,-0.0032379173723240907,0.731720311307086,0.10690964662445523,-0.3219831433423555
2222040100,2.0671770234636573,-0.2150463284286686,-0.0025549185321012908,0.6829988402227998,0.10701348499806329,-0.3220598134267319
2223040100,2.0681770201998546,-0.21511539573096408,-0.0018806565078254111,0.6742620242758796,0.10711737445616265,-0.3222327701871267
2224040100,2.0691770184314207,-0.2152021664206021,-0.001197968517621899,0.6826879902035122,0.10722131493145781,-0.3224234813520599
2225040100,2.0701770177138563,-0.215242446640241,-0.00046679120750175225,0.7311773101201466,0.10732530637482895,-0.32256775301506996
2226040100,2.071177017604909,-0.21521811853582354,0.0002736448045936949,0.7404360120954472,0.10742934874103938,-0.3226474672768629
2227040100,2.0721770175674683,-0.215305109732425,0.0009911496882809272,0.7175048836872325,0.10753344198499803,-0.32283855171742304
2228040100,2.0731770170762793,-0.21532552815629977,0.0016765353790931534,0.685385690812226,0.10763758605164497,-0.32296311420794477
2229040100,2.074177015670894,-0.21528183373669982,0.0024179884022855094,0.741453023192356,0.10774178088705,-0.32302361462374984
2230040100,2.0751770127475617,-0.21532966932967101,0.0031264296500121166,0.7084412477266073,0.10784602644393004,-0.32317569577360106
2231040100,2.0761770078602844,-0.21535186950822693,0.0038029609390134245,0.6765312890013078,0.1079503226599563,-0.32330219216818323
2232040100,2.077177000629037,-0.21526194834421386,0.004525586827491391,0.7226258884779668,0.1080546694891531,-0.32331661783336696
2233040100,2.0781769903885867,-0.2153339655794356,0.0052356734093625115,0.71008658187112,0.10815906689233046,-0.3234930324717661
2234040100,2.07917697668248,-0.21539091144190314,0.005889753559417742,0.6540801500552311,0.10826351480043783,-0.323654426242341
2235040100,2.0801769593379316,-0.21545944165022615,0.00662518109184206,0.7354275324243174,0.10836801316609979,-0.3238274548163259
2236040100,2.0811769373914997,-0.21546435101889486,0.007353421055122801,0.728239963280741,0.10847256197152788,-0.3239369129904227
2237040100,2.082176910355221,-0.21546108157886665,0.008087824569241847,0.7344035141190461,0.10857716111615545,-0.3240382426950221
2238040100,2.0831768776489463,-0.2154242505024992,0.008790661850160085,0.7028372809182379,0.10868181054901527,-0.32410606105151446
2239040100,2.0841768390113273,-0.21541779123684487,0.00948963763083168,0.6989757806715953,0.10878651020937014,-0.32420430144621504
2240040100,2.085176793985054,-0.21535102085756083,0.010171993444249114,0.6823558134174311,0.10889126006977179,-0.32424228092733265
2241040100,2.0861767422507747,-0.21539198976954207,0.01086975684423603,0.6977633999869151,0.10899606008218043,-0.32438804985172254
2242040100,2.0871766831755494,-0.21531790194490533,0.011537465822677813,0.6677089784417842,0.10910091021293411,-0.3244188121578394
2243040100,2.088176616619729,-0.21535444002788195,0.012259361144010225,0.7218953213324115,0.10920581039539456,-0.3245602504232765
2244040100,2.089176541474702,-0.2152872426812801,0.012923814747602652,0.6644536035924251,0.10931076061458711,-0.3245980032958672
2245040100,2.090176457963371,-0.21522450175088145,0.013643889299972189,0.7200745523695389,0.1094157607537376,-0.3246402625046191
2246040100,2.091176364886957,-0.2152135562443645,0.01431219670311653,0.6683074031443421,0.10952081083576104,-0.32473436708012554
2247040100,2.092176262469218,-0.21526294169420343,0.014982841904102234,0.670645200985706,0.1096259107341524,-0.32488885242835586
2248040100,2.093176150228542,-0.2152672355058632,0.015679598033996458,0.6967561298942234,0.10973106047179826,-0.3249982959776615
2249040100,2.094176027306163,-0.21521549434824822,0.01640685363207087,0.7272555980744118,0.10983625999739388,-0.3250517543456421
2250040100,2.0951758927167594,-0.21525095880367554,0.017111807291705087,0.7049536596342174,0.10994150921983348,-0.325192468023509
2251040100,2.0961757463133575,-0.21530396086105044,0.017788875331253534,0.6770680395484484,0.11004680803450029,-0.3253507688955507
2252040100,2.097175588095487,-0.21536197241011332,0.018509852499976935,0.7209771687234026,0.11015215642493459,-0.32551412883504793
2253040100,2.098175416793058,-0.21536251178132698,0.01923993995845351,0.730087458476574,0.11025755439009188,-0.32562006617141886
2254040100,2.099175231711123,-0.21532487948439322,0.01997288376916403,0.7329438107105231,0.11036300179499747,-0.3256878812793907
2255040100,2.1001750322597106,-0.21531288225092882,0.020677328184376294,0.7044444152122623,0.11046849856511542,-0.32578138081604424
2256040100,2.1011748184913768,-0.21521483488028048,0.021362847177067403,0.6855189926911108,0.11057404463686282,-0.3257888795171433
2257040100,2.102174590314435,-0.2152212076883477,0.022061395449984488,0.698548272917082,0.1106796400143999,-0.32590084770274763
2258040100,2.1031743469717203,-0.2151513321663656,0.022716958403218218,0.6555629532337286,0.1107852846866706,-0.3259366168530362
2259040100,2.104174088952717,-0.2151222826278928,0.02342498012813723,0.7080217249190146,0.11089097857221475,-0.32601326120010754
2260040100,2.1051738146004157,-0.2151412169694593,0.02409497393139541,0.669993803258178,0.11099672172132102,-0.32613793869078034
2261040100,2.106173524330575,-0.21504884163798801,0.024785558745410562,0.6905848140151523,0.11110251395717086,-0.32615135559515884
2262040100,2.1071732171843385,-0.21514130677689183,0.025500409495972,0.7148507505614385,0.1112083553221126,-0.3263496620990044
2263040100,2.1081728920665146,-0.215074056395298,0.02615965690662741,0.6592474106554065,0.11131424571293991,-0.3263883021082379
2264040100,2.109172549922202,-0.21508879418501128,0.026911745776472637,0.752088869845229,0.11142018501180573,-0.326508979196817
2265040100,2.1101721878230264,-0.21511969896097496,0.02758407871792284,0.6723329414502022,0.11152617331700299,-0.3266458722779779
2266040100,2.111171807406449,-0.2150739547395755,0.028297671700382138,0.7135929824592981,0.11163221031604564,-0.3267061650556211
2267040100,2.1121714070540536,-0.21507122688543437,0.029019646406439344,0.7219747060572104,0.11173829618052977,-0.3268095230659641
2268040100,2.113170986013664,-0.215031220686245,0.029703441729821884,0.6837953233825407,0.11184443073658557,-0.3268756514228306
2269040100,2.114170544898873,-0.21503168992624994,0.03040897639602326,0.7055346662013726,0.11195061390207428,-0.3269823038283242
2270040100,2.115170082581577,-0.21502191445981078,0.031096028548349603,0.68705215232634,0.11205684573987895,-0.32707876019968973
2271040100,2.116169599139039,-0.21496757334219457,0.03180355615858665,0.7075276102370472,0.11216312612777202,-0.3271306994699666
2272040100,2.117169093448573,-0.2149199329074081,0.03250617870048877,0.7026225419021208,0.11226945507155861,-0.3271893879789667
2273040100,2.118168565169266,-0.21487924241788445,0.03318664667040147,0.6804679699126991,0.11237583244931315,-0.3272550748671976
2274040100,2.119168014543046,-0.21490847161978566,0.03387060667259893,0.6839600021974628,0.11248225822214764,-0.3273907298419333
2275040100,2.1201674409888835,-0.21481706824690044,0.03455819731553444,0.6875906429355072,0.11258873241321865,-0.3274058006601191
2276040100,2.1211668439138087,-0.21466793765427056,0.03528104342008654,0.7228461045521073,0.11269525495798405,-0.3273631926122546
2277040100,2.1221662216023525,-0.21463936824474208,0.0359436276524364,0.6625842323498613,0.11280182579052322,-0.3274411940352653
2278040100,2.1231655756997116,-0.21465326712391453,0.03657728729928063,0.6336596468442325,0.11290844472500439,-0.3275617118489189
2279040100,2.1241649068253174,-0.21465015941356488,0.03727140768769645,0.6941203884158236,0.11301511193404323,-0.32766527134760814
2280040100,2.125164212326805,-0.2146169169274576,0.03798702748991802,0.7156198022215734,0.11312182748102018,-0.3277387444084778
2281040100,2.126163490906434,-0.2144825489815926,0.038694375382020856,0.7073478921028344,0.11322859107981387,-0.32771114006140645
2282040100,2.1271627423724935,-0.21444525004569245,0.03938682695437859,0.6924515723577335,0.11333540258858221,-0.3277806526342747
2283040100,2.1281619668116947,-0.21435568157963936,0.0400286846389706,0.6418576845920114,0.1134422619835398,-0.32779794356317915
2284040100,2.129161165770865,-0.2142829881352536,0.04071923989255781,0.6905552535872059,0.11354916927064806,-0.32783215740590166
2285040100,2.1301603368571578,-0.2142312135472778,0.041383719004785956,0.6644791122281479,0.1136561246122163,-0.3278873381594941
2286040100,2.1311594806732614,-0.21421555717221388,0.04205672817887214,0.6730091740861772,0.11376312774886443,-0.3279786849210783
2287040100,2.132158596419417,-0.2141745259603096,0.0427403311358006,0.6836029569284585,0.11387017874175598,-0.3280447047020656
2288040100,2.133157683190496,-0.21414561743110244,0.043442199916542336,0.7018687807417343,0.11397727750179953,-0.328122894932902
2289040100,2.1341567397265204,-0.21409122759419952,0.04413153729753621,0.6893373809938756,0.11408442392844265,-0.32817565152264216
2290040100,2.1351557660882645,-0.21413111733790088,0.04482711632897327,0.6955790314370601,0.11419161788287013,-0.32832273522077104
2291040100,2.1361547615213228,-0.21411673481466878,0.04551008407868969,0.6829677497164208,0.11429885936781758,-0.32841559418248634
2292040100,2.137153726116173,-0.21405567448176202,0.04624050964642555,0.7304255677358593,0.11440614829846751,-0.3284618227802295
2293040100,2.1381526572142864,-0.21396811763144055,0.04694400861636071,0.7034989699351575,0.11451348468064992,-0.32848160231209045
2294040100,2.139151555546652,-0.21383577321858896,0.04762428495932336,0.6802763429626493,0.1146208682246268,-0.32845664144321574
2295040100,2.1401504217247163,-0.21386431539578832,0.048291376277863195,0.6670913185398404,0.11472829900475645,-0.32859261440054477
2296040100,2.141149255922791,-0.21381995680064994,0.04893604760594891,0.6446713280857179,0.11483577708266424,-0.32865573388331415
2297040100,2.142148058793343,-0.2138120780373159,0.049661457918459405,0.7254103125104912,0.11494330247305484,-0.32875538051037073
2298040100,2.143146825916556,-0.2137628574382411,0.05035056783463292,0.6891099161735099,0.11505087524215085,-0.32881373268039193
2299040100,2.1441455585944897,-0.21371456462391472,0.05105814074407285,0.7075729094399262,0.11515849490965024,-0.32887305953356494
2300040100,2.145144255410768,-0.21367981942265019,0.05174518298298092,0.6870422389080757,0.11526616161132708,-0.32894598103397726
2301040100,2.146142916927483,-0.21361047920278925,0.052432831379126625,0.6876483961457058,0.11537387518995246,-0.3289843543927417
2302040100,2.147141542641472,-0.21357617816222582,0.053127422957032266,0.694591577905641,0.11548163570155623,-0.3290578138637821
2303040100,2.148140131711849,-0.21356178046681093,0.053804817332712376,0.6773943756801087,0.11558944308725216,-0.3291512235540631
2304040100,2.1491386845818305,-0.21350095373484157,0.0544999017477776,0.6950844150652233,0.11569729725155753,-0.3291982509863991
2305040100,2.1501371998297456,-0.21346423418699234,0.055205148137659574,0.7052463898819739,0.11580519823762359,-0.3292694324246159
2306040100,2.1511356764125122,-0.21337958789631095,0.055887297568652836,0.6821494309932645,0.11591314588702772,-0.3292927337833387
2307040100,2.1521341151239373,-0.21334574585509086,0.05658166637957834,0.6943688109254951,0.11602114008201525,-0.3293668859371061
2308040100,2.1531325148084695,-0.21339868445549706,0.05725214178768806,0.6704754081097208,0.11612918090343882,-0.32952786535893586
2309040100,2.1541308763522187,-0.21327331296729884,0.05794819103130687,0.6960492436188007,0.11623726822122293,-0.3295105811885218
2310040100,2.155129197825582,-0.2131831823259443,0.05868797589575545,0.7397848644485814,0.116345402126246,-0.3295285844521903
2311040100,2.156127476180562,-0.2130804160899461,0.05933859453435498,0.6506186385995284,0.11645358240437886,-0.32953399849432496
2312040100,2.1571257161626813,-0.21294148234457352,0.06000689288220478,0.6682983478498047,0.11656180871981903,-0.3295032910643926
2313040100,2.158123916289268,-0.21286132349324433,0.060668907371545296,0.6620144893405131,0.1166700815816668,-0.32953140507491113
2314040100,2.159122076495524,-0.2128199558410332,0.0613128000576354,0.6438926860900962,0.11677840082396784,-0.32959835666500104
2315040100,2.1601201974545594,-0.2126972388640678,0.06198615970175572,0.6733596441203292,0.11688676643444751,-0.3295840052985153
2316040100,2.1611182769276143,-0.21268507353854552,0.06267907212544094,0.692912423685228,0.1169951784809733,-0.3296802520195188
2317040100,2.1621163132375893,-0.21261358626620439,0.0633313044949112,0.6522323694702648,0.1171036367150613,-0.3297172229812657
2318040100,2.1631143084807247,-0.2124999049520319,0.06403902836970127,0.7077238747900738,0.11721214094884758,-0.32971204590087944
2319040100,2.164112258682809,-0.2124573575553493,0.06471718830485397,0.678159935152705,0.11732069140464318,-0.3297780489599925
2320040100,2.165110165256392,-0.21248867420381054,0.06537426406837885,0.6570757635248776,0.11742928764444827,-0.32991796184825883
2321040100,2.1661080291201373,-0.21246028861966118,0.0660670617803397,0.6927977119608737,0.1175379298160486,-0.32999821843570976
2322040100,2.167105847485528,-0.21233135447955848,0.06679709439841021,0.7300326180705032,0.117646618013719,-0.3299779724932775
2323040100,2.1681036173889994,-0.212192192042145,0.06749745951843747,0.7003651200272545,0.11775535192784048,-0.3299475439699855
2324040100,2.169101340300193,-0.2120967622271616,0.06814753281826166,0.6500732998241959,0.11786413122914041,-0.329960893456302
2325040100,2.1700990191555865,-0.2119532347099214,0.06879245389674747,0.6449210784858048,0.11797295607140867,-0.32992619078133006
2326040100,2.1710966538877337,-0.2118955947685012,0.06945929084698702,0.6668369502395468,0.1180818267688295,-0.3299774215373307
2327040100,2.1720942425608976,-0.21178396186086135,0.07010203256003485,0.6427417130478291,0.11819074330815837,-0.3299747051690197
2328040100,2.1730917864195103,-0.21169246370487307,0.07078784353514249,0.6858109751076471,0.11829970547202251,-0.32999216917689556
2329040100,2.1740892820061606,-0.21167795214639992,0.07144667549792041,0.6588319627779227,0.11840871339026648,-0.33008666553666643
2330040100,2.1750867307779735,-0.21147247856107176,0.07211563273323852,0.6689572353181161,0.11851776667881353,-0.3299902452398853
2331040100,2.1760841315724906,-0.21140966661928845,0.07282329503592593,0.7076623026874016,0.11862686549056178,-0.33003653210985023
2332040100,2.177081481127978,-0.21134595927168298,0.07343530633723923,0.6120113013133008,0.11873600969197895,-0.33008196896366193
2333040100,2.178078785967389,-0.21116908648896202,0.07411876381967869,0.6834574824394609,0.11884519891941281,-0.33001428540837485
2334040100,2.1790760404290648,-0.21103275073279987,0.07480188707597507,0.6831232562963869,0.11895443388052485,-0.3299871846133247
2335040100,2.180073244072151,-0.21098679680133495,0.07542831520590959,0.6264281299345231,0.11906371394878335,-0.33005051075011826
2336040100,2.1810704007052624,-0.21083369885307243,0.07607498029132091,0.6466650854113282,0.119173039069004,-0.33000673792207647
2337040100,2.1820675083992644,-0.21080902798477508,0.07676698555743945,0.6920052661185339,0.11928240965212566,-0.33009143763690074
2338040100,2.183064563261005,-0.2106675314814967,0.07740535409187944,0.6383685344399963,0.1193918254800792,-0.3300593569615759
2339040100,2.1840615689620826,-0.21056772676626553,0.07810812827863724,0.7027741867577875,0.11950128611875144,-0.330069012885017
2340040100,2.1850585200727797,-0.21048456619563316,0.07875244798153468,0.6443197028974211,0.11961079196428415,-0.3300953581599173
2341040100,2.18605542070109,-0.2104238188523968,0.07941765558414657,0.6652076026118874,0.11972034241325602,-0.3301441612656528
2342040100,2.1870522687762457,-0.21033105707348346,0.08009126034053408,0.6736047563875145,0.11982993790990193,-0.33016099498338536
2343040100,2.188049063185355,-0.21022586918630806,0.08077619193076346,0.684931590229374,0.11993957821956869,-0.3301654474058767
2344040100,2.1890458025622497,-0.2101670803776366,0.08144517246672626,0.668980535962796,0.12004926321260356,-0.33021634359024016
2345040100,2.1900424877371556,-0.21007689555333942,0.08210797128445382,0.6627988177275632,0.1201589927312412,-0.3302358882845806
2346040100,2.1910391187710383,-0.20995590929396699,0.08279409378565468,0.6861225012008537,0.12026876685939669,-0.3302246761533637
2347040100,2.1920356932974885,-0.209818396114245,0.08346457976240931,0.6704859767546292,0.12037858559637726,-0.3301969817106223
2348040100,2.193032212151058,-0.20979882877048994,0.08411966499099409,0.6550852285847732,0.12048844867385,-0.33028727744433994
2349040100,2.194028676177857,-0.20965050005143063,0.08476645362944565,0.6467886384515626,0.1205983561761137,-0.3302488562275443
2350040100,2.1950250856527314,-0.20959337662419558,0.08547241807859317,0.7059644491475159,0.1207083081889131,-0.3303016848131087
2351040100,2.1960214351088485,-0.209580791419078,0.0861139473419439,0.6415292633507144,0.1208183047350957,-0.33039909615417373
2352040100,2.197017729593623,-0.20951455402539454,0.08680120726413627,0.687259922192374,0.12092834520327855,-0.3304428992286731
2353040100,2.198013964733568,-0.20943140914468436,0.08751095316891365,0.7097459047773711,0.12103843014300608,-0.33046983928769047
2354040100,2.199010138093129,-0.2092477317212235,0.08819398291027246,0.6830297413588158,0.12114855906317246,-0.3303962907843959
2355040100,2.2000062515240004,-0.20910444160945177,0.08886863486641629,0.6746519561438256,0.12125873168616152,-0.33036317329561327
2356040100,2.2010023053050443,-0.20898985409105683,0.08949289539299513,0.6242605265788412,0.12136894820834598,-0.33035880229940284
2357040100,2.2019983034878234,-0.20891461880276863,0.0901373053778371,0.6444099848419642,0.12147920865232109,-0.3303938274550897
2358040100,2.202994243870639,-0.20881053258952384,0.09079607996611397,0.6587745882768687,0.12158951345865887,-0.33040004604818274
2359040100,2.2039901247375573,-0.2087383189335797,0.0914746229896616,0.6785430235476282,0.12169986237573482,-0.3304381813093145
2360040100,2.2049859438507866,-0.20862029737041105,0.09213877513150771,0.6641521418461147,0.12181025520534661,-0.33043055257575765
2361040100,2.2059817020760173,-0.20855313569515055,0.09281896186661936,0.6801867351116563,0.12192069169104869,-0.33047382738619924
2362040100,2.2069773974879725,-0.20842897142575778,0.093476251306009,0.6572894393896368,0.12203117192036217,-0.33046014334611995
2363040100,2.2079730317634882,-0.2082847496437258,0.09415907919826652,0.6828278922575177,0.12214169567110389,-0.3304264453148297
2364040100,2.2089686020716206,-0.2082044678686716,0.09481340027313472,0.6543210748681993,0.12225226312082427,-0.3304567309894959
2365040100,2.209964110647366,-0.20812534633895877,0.09545764713250801,0.6442468593732917,0.12236287394646794,-0.3304882202854267
2366040100,2.2109595580247636,-0.20799494623756107,0.09613394634143306,0.6762992089250432,0.12247352838762993,-0.330468474625191
2367040100,2.2119549407145844,-0.2079393374662076,0.09681091054661078,0.6769642051777192,0.12258422649516376,-0.3305235639613714
2368040100,2.212950258197282,-0.20794468099674104,0.09746221789514432,0.6513073485335459,0.12269496787232015,-0.33063964886906116
2369040100,2.2139455125136664,-0.20789529963036416,0.09815105280872284,0.6888349135785161,0.12280575245226899,-0.3307010520826331
2370040100,2.214940699564792,-0.20774481099019448,0.09887061773086198,0.7195649221391338,0.12291658045324283,-0.3306613914434373
2371040100,2.2159358158455706,-0.2076984698626666,0.09956296480832764,0.6923470774656895,0.12302745140972249,-0.3307259212723891
2372040100,2.216930863546541,-0.20757904703826732,0.10020470049128248,0.6417356829548413,0.12313836492156938,-0.3307174119598367
2373040100,2.217925847255023,-0.20760343059386607,0.10089866035301046,0.693959861727975,0.12324932122318089,-0.330852751817047
2374040100,2.218920761302202,-0.20746809837584956,0.10155608382813948,0.6574234751290253,0.12336032081684678,-0.33082841919269634
2375040100,2.2199156089137277,-0.20735735188185603,0.10228570290559323,0.7296190774537483,0.12347136306085105,-0.33082871494270705
2376040100,2.2209103822905063,-0.20726891657303356,0.1029354368414605,0.649733935867266,0.12358244830570086,-0.33085136487873446
2377040100,2.221905089114648,-0.20719236650951242,0.10359748581726375,0.6620489758032411,0.12369357567069983,-0.3308859421802123
2378040100,2.222899727692783,-0.20702295742294918,0.10427075682983951,0.673271012575744,0.12380474600416846,-0.33082770342711765
2379040100,2.2238942964210033,-0.20690175769767974,0.10495006118984061,0.6793043600011088,0.12391595910745323,-0.33081771680513294
2380040100,2.224888794216457,-0.20677648332033052,0.10558284103126217,0.6327798414215562,0.12402721479157108,-0.3308036981119016
2381040100,2.2258832255243743,-0.20667949537463848,0.10623972695566486,0.6568859244026908,0.12413851292553346,-0.33081800830017194
2382040100,2.226877587390655,-0.2065364196856164,0.10689456882646317,0.6548418707983092,0.12424985399722743,-0.33078627368284386
2383040100,2.2278718796043164,-0.2064735970680198,0.10756360408820788,0.6690352617447086,0.12436123766642027,-0.3308348347344401
2384040100,2.228866100215339,-0.20634125126728653,0.10820955339299734,0.6459493047894627,0.12447266389974843,-0.33081391516703496
2385040100,2.2298602512722154,-0.20623523219210432,0.10889574772279866,0.6861943298013151,0.1245841324688044,-0.3308193646609087
2386040100,2.2308543279870845,-0.20614207759185896,0.10954715987443218,0.6514121516335225,0.12469564359337326,-0.33083772118523225
2387040100,2.2318483336951465,-0.20607080746545695,0.11021176765069648,0.6646077762642838,0.12480719672633356,-0.3308780041917905
2388040100,2.232842266523323,-0.2058832362442725,0.11088286546569034,0.6710978149938642,0.12491879223176028,-0.3308020284760328
2389040100,2.2338361253144514,-0.205752157782634,0.11156500735459711,0.6821418889067608,0.12503042988928215,-0.33078258767191615
2390040100,2.234829908391408,-0.20565996061435302,0.11218886790503294,0.6238605504358425,0.1251421095586167,-0.3308020701729697
2391040100,2.235823621818265,-0.20557383399021692,0.11284095704356346,0.6520891385305272,0.12525383104078003,-0.3308276650309969
2392040100,2.236817262030079,-0.20544847915547218,0.1135125467838149,0.671589740251417,0.1253655950073025,-0.33081407416277464
2393040100,2.2378108263957097,-0.20530183910890634,0.11418724431300312,0.6746975291882209,0.12547740104723104,-0.33077924015613736
2394040100,2.238804314112933,-0.20519907842505114,0.11484232167600043,0.6550773629973128,0.12558924885403755,-0.3307883272790887
2395040100,2.2397977269779634,-0.20507367028790777,0.11548670773204664,0.6443860560462231,0.12570113832668284,-0.33077480861459063
2396040100,2.2407910657965195,-0.20498475831643104,0.11615307255994517,0.6663648278985248,0.12581306965680383,-0.33079782797323487
2397040100,2.241784327609208,-0.20480778403654235,0.11680810763632342,0.6550350763782482,0.1259250429247274,-0.3307328269612697
2398040100,2.242777513295443,-0.204640645628106,0.11748145788702914,0.6733502507057181,0.12603705778624175,-0.33067770341434777
2399040100,2.2437706202824956,-0.20459538715282116,0.11811066786148752,0.629209974458385,0.12614911432974552,-0.3307445014825667
2400040100,2.244763653322383,-0.20443120940374293,0.11874470644893696,0.6340385874494396,0.12626121225406806,-0.330692421657811
2401040100,2.2457566114499445,-0.20426861831386436,0.11943983937226958,0.695132923332619,0.12637335208486178,-0.3306419703987261
2402040100,2.246749486988098,-0.20416556231774793,0.12007542953610453,0.635590163834955,0.1264855337026809,-0.33065109602042886
2403040100,2.2477422865912913,-0.20401070018673734,0.1207117331041079,0.6363035680033524,0.12659775622908853,-0.33060845641582587
2404040100,2.2487350097725507,-0.20387873524136085,0.12137784300634721,0.6661099022393031,0.1267100204050422,-0.33058875564640305
2405040100,2.24972765252143,-0.20375077796409477,0.12201798547000231,0.6401424636550813,0.12682232616476696,-0.33057310412886176
2406040100,2.2507202175584635,-0.2035925161570216,0.1226695579999887,0.6515725299863949,0.12693467304350747,-0.33052718920052904
2407040100,2.2517127030783732,-0.2034584263859007,0.12332312370274114,0.653565702752432,0.12704706133802546,-0.3305054877239262
2408040100,2.252705108414623,-0.20329289080101492,0.1239614661014536,0.638342398712469,0.12715949083283462,-0.33045238163384955
2409040100,2.253697435025697,-0.203161542520946,0.12461187179773524,0.6504056962816334,0.12727196144115993,-0.3304335039621059
2410040100,2.2546896810079713,-0.20298285115667866,0.12524646901393935,0.6345972162041044,0.12738447331709324,-0.33036732447377193
2411040100,2.255681847916606,-0.2028354896865347,0.1258981428435476,0.6516738296082605,0.12749702623355574,-0.33033251592009044
2412040100,2.2566739332079475,-0.20271650179079767,0.1265260333744257,0.6278905308780756,0.12760962035569534,-0.33032612214649304
2413040100,2.257665939462143,-0.2025806195746508,0.12716953992050795,0.643506546082263,0.12772225538351023,-0.330302874958161
2414040100,2.258657864307685,-0.20242592652891295,0.12782724100089551,0.6577010803875607,0.12783493159860626,-0.3302608581275192
2415040100,2.2596497055244056,-0.20228309853505327,0.1284764691027166,0.6492281018210744,0.1279476487203013,-0.33023074725535456
2416040100,2.2606414637688856,-0.20212329091471143,0.12911622829119362,0.6397591884770214,0.12806040648463934,-0.3301836973993508
2417040100,2.2616331398423424,-0.20202026217494487,0.1297618801864722,0.6456518952785767,0.1281732049544857,-0.33019346712943054
2418040100,2.2626247325764033,-0.2018401452175552,0.13039896860296285,0.6370884164906484,0.12828604420930034,-0.33012618942685557
2419040100,2.26361624267125,-0.20170554711701544,0.13106448647325536,0.6655178702925197,0.12839892410444165,-0.3301044712214571
2420040100,2.2646076660094145,-0.20154898254002498,0.1316913460807752,0.626859607519836,0.12851184470788368,-0.33006082724790864
2421040100,2.265599007228779,-0.20142111765391846,0.13234094211587613,0.6495960351009235,0.12862480553871336,-0.3300459231926318
2422040100,2.2665902629398635,-0.20133930397283703,0.1329794878189532,0.6385457030770751,0.12873780711340999,-0.33007711108624704
2423040100,2.2675814341895846,-0.2012387091126428,0.13363237401278288,0.6528861938297199,0.1288508490337641,-0.3300895581464069
2424040100,2.2685725186632477,-0.20112279308788725,0.13430836843843244,0.6759944256495558,0.12896393140713158,-0.33008672449501886
2425040100,2.2695635128443508,-0.2009989142021048,0.1349750174760586,0.6666490376261646,0.12907705395731028,-0.3300759681594151
2426040100,2.2705544175376517,-0.2008816620689576,0.1356340204328606,0.6590029568019835,0.12919021627035931,-0.33007187833931695
2427040100,2.271545233336693,-0.20072265095302522,0.1362890404074388,0.6550199745782093,0.12930341842540471,-0.33002606937842993
2428040100,2.272535960352343,-0.20058434174562367,0.13694738557937663,0.6583451719378386,0.12941666047759526,-0.33000100222321893
2429040100,2.27352659770558,-0.20049642636898102,0.13758477967036695,0.637394090990304,0.12952994242699134,-0.33002636879597236
2430040100,2.274517147840726,-0.20036557802737895,0.13823249460970943,0.6477149393424995,0.12964326416042127,-0.33000884218780024
2431040100,2.275507608933263,-0.20025701243979419,0.13890547716916188,0.6729825594524406,0.12975662594495319,-0.3300136383847474
2432040100,2.2764979770694405,-0.2000710036129155,0.13955697829857147,0.6515011294096027,0.129870027559285,-0.3299410311722005
2433040100,2.2774882547891053,-0.19987557656601013,0.14021965039194315,0.662672093371687,0.12998346854238818,-0.3298590451083983
2434040100,2.278478440110731,-0.19969919722767457,0.14084347541436598,0.6238250224228488,0.13009694917215597,-0.32979614639983057
2435040100,2.2794685380535262,-0.19962558155124174,0.14146244725727353,0.6189718429075314,0.13021046920852442,-0.3298360507597662
2436040100,2.2804585489164535,-0.19953497971111947,0.14209083693916238,0.6283896818888537,0.13032402921416164,-0.3298590089252811
2437040100,2.2814484709865672,-0.19943955831993285,0.1427707083252954,0.6798713861330068,0.1304376292110092,-0.3298771875309421
2438040100,2.28243829654915,-0.1993207681519562,0.14344215262150226,0.6714442962068774,0.13055126899004676,-0.32987203714200297
2439040100,2.283428026351374,-0.19918501475154404,0.1441112434700477,0.6690908485454532,0.13066494765248038,-0.3298499624040244
2440040100,2.284417660285021,-0.19903097312018594,0.144768659148885,0.6574156788373462,0.13077866527041948,-0.3298096383906054
2441040100,2.285407199591416,-0.19894330688590495,0.1454175686176924,0.648909468807396,0.1308924218177836,-0.32983572870368855
2442040100,2.286396645075519,-0.1988252798547914,0.14605727286557132,0.6397042478789354,0.13100621742369967,-0.32983149727849104
2443040100,2.287385997660447,-0.19873105474403427,0.14673023660000806,0.6729637344367579,0.13112005216732214,-0.32985110691135644
2444040100,2.288375252079203,-0.19860768502824847,0.14738803112030674,0.6577945202986768,0.13123392614159002,-0.32984161116983846
2445040100,2.289364410111562,-0.19851334005498855,0.1480577855138334,0.6697543935266494,0.13134783872666844,-0.329861178781657
2446040100,2.2903534695653023,-0.1982796393660699,0.14871296799598951,0.6551824821561161,0.13146179011363301,-0.3297414294797029
2447040100,2.291342432155919,-0.19810241325294506,0.14938272146317907,0.6697534671895866,0.13157578003604797,-0.32967819328899306
2448040100,2.2923312952904236,-0.19788340847471353,0.14998257691873146,0.5998554555523913,0.1316898086776952,-0.3295732171524087
2449040100,2.2933200689718825,-0.19779526404888298,0.15061056262685396,0.6279857081224836,0.13180387572560548,-0.32959913977448846
2450040100,2.294308748624185,-0.19774783137129684,0.15121746833009395,0.6069057032400005,0.13191798232021412,-0.32966581369151093
2451040100,2.2952973370331797,-0.19753573208320585,0.1518898759072212,0.6724075771272408,0.13203212792041796,-0.3295678600036238
2452040100,2.2962858239259956,-0.1974266716454286,0.15258279228711347,0.6929163798922662,0.13214631283468492,-0.3295729844801135
2453040100,2.2972742057387516,-0.1972693115023731,0.15319319919003724,0.6104069029237795,0.13226053586275555,-0.32952984736512864
2454040100,2.298262494590767,-0.19713487576658797,0.15385515490020027,0.6619557101630547,0.1323747965780413,-0.32950967234462925
2455040100,2.299250682215324,-0.19701565275030739,0.1544928934024762,0.6377385022759513,0.13248909636747186,-0.32950474911777927
2456040100,2.3002387719062245,-0.19686473366885537,0.15514207337356706,0.6491799710908284,0.13260343426113863,-0.329468167929994
2457040100,2.301226761493726,-0.19668950555176942,0.15579886898628306,0.6567956127160108,0.13271781062595167,-0.3294073161777211
2458040100,2.3022146493797697,-0.19657322541119177,0.1564397627165532,0.6408937302701148,0.1328322251966405,-0.3294054506078323
2459040100,2.303202437615877,-0.1964144393689465,0.15706839940485146,0.6286366882982763,0.1329466777737487,-0.3293611171426952
2460040100,2.304190127713681,-0.19629467688245764,0.1577265254294866,0.6581260246351294,0.1330611685805927,-0.3293558454630503
2461040100,2.305177714651303,-0.19610120576098974,0.15836332902768505,0.6368035981984654,0.13317569777829874,-0.3292769035392885
2462040100,2.306165201363808,-0.19585768374802837,0.15901965313261512,0.6563241049300728,0.13329026477018857,-0.32914794851821694
2463040100,2.3071525843598613,-0.19576596753648623,0.15963898400888848,0.6193308762733538,0.13340486988224143,-0.32917083741872766
2464040100,2.308139869095322,-0.19564069201533904,0.1602330506656947,0.5940666568062651,0.13351951269471485,-0.3291602047100539
2465040100,2.3091270592226745,-0.19546218019604025,0.16090308492662275,0.6700342609280439,0.1336341938266763,-0.3290963740227165
2466040100,2.310114142225626,-0.19528870805106974,0.16155633750371393,0.6532525770911737,0.13374891368868091,-0.32903762173975065
2467040100,2.311101120360578,-0.19519035949936717,0.16218286371283624,0.6265262091223305,0.13386367081185213,-0.32905403031121927
2468040100,2.3120879975222817,-0.19499526893961622,0.16281181095966246,0.628947246826208,0.1339784654433629,-0.3289737343829791
2469040100,2.3130747729309227,-0.19481959257320694,0.16347837164945198,0.6665606897895417,0.13409329802152214,-0.32891289059472906
2470040100,2.314061440075223,-0.19459268055047244,0.1640964197925784,0.6180481431264421,0.1342081684411447,-0.3288008489916171
2471040100,2.3150480064430203,-0.19439449095221983,0.16472407234121375,0.6276525486353246,0.1343230759292524,-0.32871756688147225
2472040100,2.316034470082576,-0.194291056003655,0.16532590158685978,0.6018292456460566,0.1344380213429588,-0.32872907734661383
2473040100,2.3170208348554433,-0.1941757744475201,0.16594194451917704,0.6160429323172603,0.13455300444036666,-0.32872877888788676
2474040100,2.318007098056625,-0.19400693908613303,0.16660540671448662,0.6634621953095818,0.13466802565721636,-0.3286749647433494
2475040100,2.3189932514491267,-0.19382792478189909,0.16726296414505348,0.6575574305668526,0.13478308466380895,-0.32861100944570804
2476040100,2.3199792955819283,-0.19369125988492408,0.16789365601515613,0.6306918701026455,0.13489818048411095,-0.32858944036903504
2477040100,2.3209652345184337,-0.19353879757823853,0.16851914898372217,0.625492968566047,0.13501331316652454,-0.3285521107447631
2478040100,2.3219510687384513,-0.1933132657981068,0.16916579202254436,0.6466430388221898,0.13512848317017756,-0.3284417489682844
2479040100,2.322936794295674,-0.19317487539976716,0.16980448043252494,0.6386884099805772,0.13524369053613583,-0.328418565935903
2480040100,2.323922412122205,-0.19292389923251765,0.1704064321381067,0.6019517055817512,0.1353589347879911,-0.32828283402050873
2481040100,2.3249079280465694,-0.19274797809880784,0.17105192668524,0.6454945471333395,0.13547421601924725,-0.3282221941180551
2482040100,2.325893334300785,-0.1926261272447983,0.1716408754477468,0.588948762506823,0.13558953489668113,-0.32821566214147946
2483040100,2.326878640133827,-0.19248084492277567,0.17226724934559984,0.6263738978530229,0.13570489049623546,-0.32818573541901114
2484040100,2.3278638387893364,-0.1922734888843722,0.17292066375385434,0.6534144082544804,0.13582028388564638,-0.3280937727700186
2485040100,2.3288489252285416,-0.19210721789936533,0.1735623215451653,0.6416577913109723,0.13593571425885287,-0.3280429321582182
2486040100,2.3298339010612037,-0.19193856199947407,0.17417277711885326,0.6104555736879773,0.13605118100980818,-0.32798974300928224
2487040100,2.330818771289404,-0.1918315874391781,0.17480369179964583,0.6309146807925614,0.13616668431125944,-0.32799827175043755
2488040100,2.33180353198819,-0.19167454615754126,0.17543332599304728,0.6296341934014568,0.13628222473433738,-0.32795677089187864
2489040100,2.3327881829890638,-0.19148711560406856,0.1760938365487853,0.6605105557380174,0.13639780180323413,-0.3278849174073027
2490040100,2.3337727184930603,-0.19138361676596902,0.1767292491383368,0.6354125895515036,0.13651341548250429,-0.32789703224847333
2491040100,2.3347571424834537,-0.1912257853511837,0.17734934176340866,0.6200926250718727,0.1366290650751445,-0.3278548504263282
2492040100,2.335741457265664,-0.191084246133543,0.17801144250436124,0.6621007409525752,0.1367447510328148,-0.3278289971663578
2493040100,2.336725655023582,-0.19081292492477034,0.17864631084857174,0.6348683442104941,0.13686047361066045,-0.32767339853543076
2494040100,2.3377097401652533,-0.19070595897328713,0.1792892919681626,0.6429811195908759,0.13697623187359298,-0.3276821908468801
2495040100,2.338693710847314,-0.19047964622425617,0.17986708880883923,0.5777968406766356,0.13709202632362505,-0.3275716725478812
2496040100,2.339677578326446,-0.19024295077796352,0.1805270990287075,0.6600102198682669,0.13720785672761338,-0.32745080750557687
2497040100,2.3406613275162518,-0.19007163742511834,0.1811272328620899,0.6001338333824249,0.13732372439513085,-0.3273953618202492
2498040100,2.3416449687760017,-0.18986683833231335,0.1817219523230485,0.5947194609585882,0.13743962753367,-0.32730646586598333
2499040100,2.3426285027299456,-0.18968636866248834,0.18234926974581311,0.627317422764579,0.13755556734755459,-0.3272419360100429
2500040100,2.3436119231194112,-0.1894846188593637,0.18295968491771264,0.6104151718995163,0.13767154389503133,-0.3271561627543951
2501040100,2.344595232632743,-0.18933084342961726,0.18358215418165355,0.6224692639409186,0.13778755642230678,-0.32711839985192404
2502040100,2.345578428703117,-0.18911099640824472,0.1841938298942923,0.6116757126387653,0.13790360523049472,-0.3270146016387394
2503040100,2.3465615129265176,-0.1889614031956973,0.18482943548083328,0.6356055865409527,0.13801969000063252,-0.32698109319632984
2504040100,2.347544480537602,-0.1888513738046932,0.18543181572803366,0.6023802472003732,0.13813581090505878,-0.32698718470975197
2505040100,2.348527337265587,-0.18864730608625854,0.18606927400217463,0.6374582741409529,0.13825196736456746,-0.32689927345082603
2506040100,2.34951007626509,-0.18845408848488238,0.18672654421876542,0.6572702165908002,0.1383681600399136,-0.32682224852479597
2507040100,2.35049269345901,-0.1882206410842887,0.1873366376294735,0.6100934107080982,0.13848438810550334,-0.32670502918979205
2508040100,2.3514751972102856,-0.18790290013279012,0.18795201981476106,0.6153821852875502,0.1386006510619744,-0.3265035511947645
2509040100,2.352457586165036,-0.18772062563353054,0.18854707017699227,0.5950503622312162,0.13871694988199224,-0.32643757551552277
2510040100,2.3534398637622695,-0.18755165450985675,0.18909958881128144,0.5525186342891812,0.13883328438899056,-0.32638493889884734
2511040100,2.3544220376499507,-0.18735664661713317,0.18971972663519587,0.620137823914426,0.13894965497406986,-0.326306301591203
2512040100,2.3554040947786157,-0.18725029680262464,0.1903464289848665,0.626702349670623,0.13906606252797005,-0.32631635933059466
2513040100,2.3563860335286124,-0.1871591724270155,0.19095997423374497,0.6135452488784796,0.1391825054883462,-0.3263416779153617
2514040100,2.357367856011601,-0.18699213446298268,0.19161788641126073,0.6579121775157617,0.1392989836463414,-0.3262911181093241
2515040100,2.3583495534093863,-0.18683751107487226,0.1922834796146005,0.6655932033397669,0.13941549723565672,-0.32625300831052895
2516040100,2.3593311238292207,-0.18657592256505467,0.192911032690639,0.6275530760385133,0.1395320451925457,-0.32610796775760037
2517040100,2.360312574129894,-0.1862906939714163,0.1935447340875631,0.633701396924099,0.13964862727421945,-0.32593932124563574
2518040100,2.3612939027423465,-0.18607009342688233,0.19412467997316973,0.5799458856066476,0.13976524427759074,-0.32583533770447304
2519040100,2.362275119643771,-0.18592469588017785,0.1946924860545342,0.567806081364465,0.13988189599891143,-0.3258065918790893
2520040100,2.3632562268528448,-0.18579677445993956,0.19529241562177915,0.5999295672449396,0.13999858360750395,-0.32579535806744353
2521040100,2.36423721782009,-0.185641376580834,0.19592990721169856,0.637491589919395,0.1401153073276582,-0.3257566839084922
2522040100,2.365218084880598,-0.18545893906104605,0.19657613252523176,0.646225313533191,0.14023206636406016,-0.3256910054251062
2523040100,2.36619882592998,-0.18528920908822508,0.19720855998976974,0.6324274645379839,0.14034885978724532,-0.3256380688754704
2524040100,2.367179443262216,-0.18518691037655197,0.19782735353916492,0.6187935493951764,0.140465687328728,-0.32565259770528
2525040100,2.3681599391647876,-0.1850129620874722,0.1984524121163297,0.6250585771647741,0.14058254924387725,-0.32559551133134945
2526040100,2.369140312027112,-0.18480731224356342,0.19911123263730862,0.6588205209789324,0.1406994457877495,-0.3255067580313129
2527040100,2.370120554788666,-0.18462198689683712,0.1997341315804553,0.6228989431466749,0.14081637675083059,-0.3254383636476677
2528040100,2.3711006741517693,-0.18449101498212367,0.20034101951803024,0.6068879375749221,0.14093334127285218,-0.32542435625497584
2529040100,2.3720806729225044,-0.1842468520222731,0.20095794976201728,0.6169302439870371,0.14105034013538287,-0.32529719215765596
2530040100,2.373060548735449,-0.18409742309265859,0.2016020459461609,0.6440961841436338,0.1411673736559358,-0.3252647967485944
2531040100,2.374040295778335,-0.18387144768353741,0.2021893096778685,0.587263731707589,0.14128444153460862,-0.32515588921814603
2532040100,2.375019925059069,-0.18372056972940382,0.2028238928816522,0.6345832037836964,0.14140154305896857,-0.3251221127883724
2533040100,2.375999426709042,-0.1835653349044978,0.2034200019207566,0.5961090391044029,0.1415186795270671,-0.32508401443156487
2534040100,2.3769788081070886,-0.18333230397011666,0.204053609676252,0.6336077554954033,0.14163584974134125,-0.32496815371145793
2535040100,2.3779580613071194,-0.18311026883494932,0.20468497974022773,0.6313700639757367,0.14175305456673115,-0.32486332340168045
2536040100,2.3789371863708375,-0.18297213292681283,0.20527723740280585,0.5922576625781004,0.14187029303453258,-0.3248424259613454
2537040100,2.3799161908813016,-0.1827419824040522,0.20587480019286183,0.5975627900559846,0.1419875651337641,-0.3247295475378163
2538040100,2.3808950734106276,-0.1825774831172137,0.2065142876845305,0.6394874916686635,0.14210487175488495,-0.3246823548720986
2539040100,2.3818738250134954,-0.1823425468435194,0.20710755944202852,0.5932717574980061,0.14222221270947344,-0.3245647595529928
2540040100,2.3828524547940435,-0.182098920893462,0.20773357966755687,0.626020225528348,0.14233958690713422,-0.32443850780059624
2541040100,2.383830955654213,-0.18183082774820503,0.20832416289704142,0.590583229484543,0.14245699542156132,-0.32428782316976634
2542040100,2.3848093345402432,-0.1816003777936676,0.20891016601185636,0.5860031148149276,0.14257443738326003,-0.32417481517692764
2543040100,2.385787592060784,-0.18146960565953646,0.20948365095034013,0.5734849384837895,0.14269191360798317,-0.3241615192675196
2544040100,2.3867657304831953,-0.18120543262501917,0.2100757486682363,0.5920977178961612,0.14280942415144082,-0.32401485677646
2545040100,2.3877437456045536,-0.18097820599272121,0.21071767593252153,0.6419272642852062,0.14292696926883508,-0.32390517526155627
2546040100,2.388721626660766,-0.1807954550771928,0.21129262677774774,0.5749508452262091,0.14304454843778558,-0.3238400035149784
2547040100,2.3896993872976284,-0.1806264265111101,0.21188584855493503,0.5932217771872548,0.143162160345792,-0.3237885868569021
2548040100,2.3906770233496384,-0.18049873813977493,0.21250119428202005,0.6153457270849821,0.14327980661586182,-0.3237785447556367
2549040100,2.3916545298069307,-0.18027073685860043,0.21312331560026757,0.622121318247509,0.14339748672930597,-0.32366822358790637
2550040100,2.392631904866265,-0.18005308181853663,0.2137661039210602,0.6427883207926379,0.14351520006489338,-0.32356828188343
2551040100,2.3936091437652376,-0.17987690436571593,0.21435853182211365,0.5924279010534399,0.1436329463867949,-0.3235098507525108
2552040100,2.3945862568140175,-0.1795667500278172,0.2149559495194432,0.5974176973295462,0.1437507251020982,-0.3233174751299154
2553040100,2.3955632426053333,-0.17930716114167178,0.2155740054096201,0.6180558901769027,0.14386853743465267,-0.32317569857632444
2554040100,2.396540096376021,-0.17909420263832648,0.21612470498187292,0.5506995722528212,0.14398638319669743,-0.3230805858350239
2555040100,2.397516832199444,-0.17885346568355673,0.21670042050849933,0.5757155266264153,0.1441042617951389,-0.32295772747869567
2556040100,2.398493444401054,-0.17864351971667533,0.21729927748491432,0.5988569764150226,0.14422217491038936,-0.3228656946270647
2557040100,2.3994699276682767,-0.1784692366810536,0.21788401684634257,0.5847393614282514,0.14434012184019096,-0.3228093585212446
2558040100,2.4004462847027352,-0.17828639274371968,0.2184839846109164,0.5999677645738362,0.14445810192490427,-0.322744494668624
2559040100,2.4014225118699524,-0.17794747725428242,0.2191016878126741,0.617703201757708,0.14457611547270943,-0.3225235927269918
2560040100,2.402398604963829,-0.17776035172803897,0.2197149976343426,0.6133098216684791,0.14469416202600627,-0.3224545137540452
2561040100,2.4033745645694835,-0.1775395135128933,0.22024984644483292,0.5348488104903355,0.1448122410573056,-0.32235175457019893
2562040100,2.40435040746446,-0.17735829786948012,0.22086046838293155,0.6106219380986377,0.14493035261823906,-0.32228865048771915
2563040100,2.4053261167728426,-0.1770969546314503,0.22145404478808775,0.5935764051561738,0.14504849872139758,-0.3221454533528479
2564040100,2.4063016958749954,-0.17676277389183456,0.22206732361114215,0.6132788230544048,0.1451666773057383,-0.3219294511975729
2565040100,2.407277140087987,-0.17655468901041896,0.22264026854817195,0.5729449370298391,0.14528488876183587,-0.3218395777722548
2566040100,2.4082524579516797,-0.17639922574230885,0.22317637923172023,0.536110683548273,0.14540313250330072,-0.32180235824560954
2567040100,2.409227657299035,-0.1761217023005231,0.22377537430477226,0.5989950730520353,0.1455214095466708,-0.3216431118471939
2568040100,2.4102027238968664,-0.17590913933770505,0.22440062246298023,0.6252481582079459,0.14563972082440912,-0.32154886016211415
2569040100,2.41117765155377,-0.17574295778967125,0.22496453922720638,0.5639167642261612,0.14575806459183482,-0.3215010223815061
2570040100,2.4121524535717502,-0.17542802628503684,0.22556076403736927,0.596224810162892,0.14587644007805523,-0.32130446636309207
2571040100,2.413127122415536,-0.17522481491274253,0.226180099802198,0.6193357648287673,0.14599484887928682,-0.3212196637920294
2572040100,2.414101652556126,-0.1749692404045061,0.2267246842008252,0.544584398627241,0.1461132900617521,-0.32108253046625823
2573040100,2.4150760604255885,-0.1746821795325278,0.22732497531585968,0.6002911150344905,0.146231762934125,-0.3209139424666528
2574040100,2.4160503331817114,-0.17450127644842875,0.22789882650460513,0.5738511887454838,0.14635026947540553,-0.32085154592383425
2575040100,2.4170244764473607,-0.17432322988371873,0.2284566142372721,0.5577877326669717,0.1464688081053822,-0.32079203798910094
2576040100,2.4179984935398346,-0.17421154260206315,0.22906737217931852,0.610757942046428,0.14658737948927936,-0.32079892209134253
2577040100,2.418972372129545,-0.17403859647814698,0.22967945580765808,0.6120836283395761,0.14670598401265167,-0.3207445804907987
2578040100,2.4199461115513987,-0.1738000593911631,0.2303247494817459,0.6452936740878061,0.14682462015524322,-0.32062467954640633
2579040100,2.42091970385948,-0.17362212236109312,0.23093932092435038,0.6145714426044768,0.14694328781617472,-0.3205654101772678
2580040100,2.4218931556809142,-0.17335559914335408,0.23152087290573886,0.5815519813884705,0.14706198600658027,-0.32041758514993435
2581040100,2.422866474225143,-0.17318636408424032,0.23213262170264198,0.6117487969031137,0.14718071551383005,-0.32036707959807037
2582040100,2.4238396522165493,-0.17293612027173694,0.23269979747671174,0.5671757740697532,0.14729947719767367,-0.3202355974694106
2583040100,2.4248126995706802,-0.17280677351106635,0.2333155324716405,0.6157349949287562,0.14741827015078712,-0.32022504366185345
2584040100,2.425785604748555,-0.172580334440773,0.23389051582279058,0.5749833511500854,0.14753709556416794,-0.320117430004941
2585040100,2.426758376826882,-0.17229690473876083,0.23452594288729614,0.6354270645055717,0.14765595200922732,-0.3199528567479881
2586040100,2.4277310014398075,-0.1721910056622324,0.2351126241475792,0.5866812602830431,0.14777484057516332,-0.3199658462373957
2587040100,2.42870348955123,-0.1719709305802825,0.2356704970701689,0.5578729225897363,0.14789375948617334,-0.31986469006645585
2588040100,2.4296758475534297,-0.17175909315856422,0.2363171765177065,0.6466794475376104,0.14801271006245642,-0.3197718032210206
2589040100,2.4306480543559044,-0.17156073375066447,0.2369065815461586,0.5894050284520808,0.14813169306688323,-0.3196924268175477
2590040100,2.4316201229957963,-0.17132630862247825,0.23749993590996374,0.5933543638051397,0.14825070589859024,-0.31957701452106846
2591040100,2.4325920522062443,-0.17106074632729817,0.23809988550116593,0.5999495912021671,0.14836975013281517,-0.31943049646011334
2592040100,2.4335638400895556,-0.17073882444377644,0.23868158717169582,0.581701670529913,0.14848882559458687,-0.3192276500383633
2593040100,2.434535490610313,-0.1704482655081168,0.23924744289883543,0.5658557271395983,0.14860793203135003,-0.3190561975394668
2594040100,2.435507007194893,-0.1702026438937128,0.23978472868840636,0.5372857895709542,0.14872706990912476,-0.3189297138028376
2595040100,2.436478396317794,-0.1698887045646444,0.24033736883029838,0.552640141892021,0.14884623962867494,-0.3187349441933193
2596040100,2.437449654043913,-0.16958924764652702,0.24091224064991626,0.5748718196178885,0.1489654419655828,-0.31855468961210986
2597040100,2.438420774772631,-0.16938636399775647,0.24145258044689644,0.5403397969801799,0.14908467641853917,-0.31847104041629565
2598040100,2.439391766440661,-0.1690019017252679,0.24199981706244605,0.547236615549646,0.14920394228087375,-0.31820584400614166
2599040100,2.4403626271117416,-0.16873555435142149,0.24259518878178532,0.5953717193392566,0.14932324050836243,-0.31805879485978394
2600040100,2.4413333449331156,-0.1685246814215319,0.24309925704375265,0.5040682619673221,0.14944257084460943,-0.3179672522661413
2601040100,2.4423039415425696,-0.16826619873559362,0.24366210477534503,0.5628477315923643,0.14956193181324906,-0.3178281305488427
2602040100,2.443274402514139,-0.1680594560059784,0.24425252202118958,0.5904172458445556,0.14968132605610762,-0.317740782062086
2603040100,2.444244720873587,-0.16785874284081578,0.24481887284923312,0.5663508280435557,0.14980075178036856,-0.31765949462118437
2604040100,2.4452149021161818,-0.1675774592680758,0.24541093476212866,0.592061912895542,0.1499202081079396,-0.31749766737601537
2605040100,2.4461849396844193,-0.16733666788423252,0.2460058642452304,0.594929483101748,0.1500396956953871,-0.3173763635796196
2606040100,2.447154832539924,-0.16713890357805425,0.24656020056251107,0.5543363172806586,0.15015921371506025,-0.3172981172931145
2607040100,2.4481245902477693,-0.16689915881355136,0.2471345556436246,0.5743550811135276,0.1502787620184307,-0.31717792083198204
2608040100,2.449094207613032,-0.16672025922498784,0.24773028297341368,0.595727329789083,0.15039834176453226,-0.3171186009895201
2609040100,2.4500636790755084,-0.16645048193224216,0.24830479546536915,0.5745124919554687,0.15051795229315346,-0.3169684342253956
2610040100,2.4510330095051414,-0.1661772537930349,0.24890962735843428,0.604831893065137,0.1506375928979793,-0.31681484669101423
2611040100,2.452002191113331,-0.1659693568287104,0.24946873516413479,0.5591078057005153,0.15075726415951607,-0.31672662098822646
2612040100,2.452971234835325,-0.1657909982033388,0.2500258257612047,0.5570905970698843,0.15087696509552373,-0.31666796329886254
2613040100,2.453940140867317,-0.16551265380957425,0.25061542039089474,0.5895946296900236,0.15099669703613472,-0.31650935084570897
2614040100,2.454908900848112,-0.16527448862472752,0.2512196824389934,0.6042620480986532,0.151116459985964,-0.3163909486106915
2615040100,2.455877510794944,-0.16511033012367662,0.2517736499446168,0.5539675056234423,0.15123625289129805,-0.31634658301497465
2616040100,2.4568459828848477,-0.1648274309823171,0.2523474852878925,0.5738353432756891,0.1513560752384997,-0.3161835062208168
2617040100,2.457814311860252,-0.16457900627269184,0.25295825002169225,0.6107647337997302,0.15147592851340974,-0.3160549347861016
2618040100,2.4587824881606712,-0.16428470166521605,0.25350933380745894,0.5510837857667334,0.1515958120453682,-0.31588051371058423
2619040100,2.4597505263948083,-0.16409408823126154,0.25407741285526164,0.5680790478027162,0.15171572462963567,-0.3158098128608972
2620040100,2.4607184219970137,-0.16391841113876848,0.25462221769624716,0.5448048409855297,0.1518356680548294,-0.3157540791935979
2621040100,2.4616861805174994,-0.16356660485160798,0.25521874220443896,0.5965245081917995,0.15195564173526677,-0.3155222465868748
2622040100,2.4626537886133213,-0.16329278690770094,0.2558226386041592,0.6038963997202278,0.15207564633900716,-0.3153684332467081
2623040100,2.463621244074797,-0.16302643078661477,0.25633802226483043,0.5153836606711932,0.15219568019101004,-0.3152221109776248
2624040100,2.464588568994408,-0.1627336277920503,0.25689210715307575,0.5540848882453236,0.15231574299552264,-0.31504937078757295
2625040100,2.465555753282889,-0.16245364467098788,0.2574496448423532,0.5575376892774925,0.15243583747410838,-0.31488948214509627
2626040100,2.4665227957641753,-0.16216046585135913,0.2579936295148962,0.5439846725429546,0.15255596235490998,-0.3147164282062691
2627040100,2.4674896995956836,-0.1618458339767318,0.25854371960881756,0.5500900939213837,0.15267611747176346,-0.31452195144849526
2628040100,2.4684564629303156,-0.16153223222374494,0.2590868809240761,0.5431613152586068,0.15279630319703585,-0.31432853542078076
2629040100,2.469423087250692,-0.16133947443311314,0.2596189421237462,0.5320611996700693,0.15291651928129113,-0.31425599371440427
2630040100,2.470389575121231,-0.16107659097058818,0.2601511467923905,0.5322046686442641,0.15303676588901283,-0.314113356859601
2631040100,2.471355926231426,-0.16080811461394515,0.2607436436815797,0.5924968891892153,0.15315704331965208,-0.31396515793359725
2632040100,2.4723221247660407,-0.1605749316690384,0.26130080793421734,0.5571642526376276,0.1532773515151682,-0.3138522831842066
2633040100,2.473288179514233,-0.16032358530437488,0.2618548947859121,0.5540868516947799,0.1533976884860131,-0.31372127379038794
2634040100,2.4742540909727686,-0.1600232867207257,0.2624264170391913,0.5715222532791734,0.15351805530574225,-0.31354134202646794
2635040100,2.475219854322075,-0.15980553386578542,0.26298861054794437,0.562193508753031,0.1536384520158336,-0.31344398588161904
2636040100,2.4761854716719096,-0.15951354765827483,0.26352598308863856,0.5373725406942088,0.15375887799481092,-0.3132724256530858
2637040100,2.477150949182901,-0.15927623104262198,0.26410444847437825,0.5784653857397317,0.15387933348482008,-0.3131555645274421
2638040100,2.4781162758499877,-0.15901821753722506,0.26464546887791374,0.5410204035354786,0.15399981923404482,-0.3130180367712699
2639040100,2.4790814611452014,-0.15879946724655825,0.26521360554525303,0.5681366673392796,0.15412033384845358,-0.31291980109501183
2640040100,2.480046497678794,-0.15854984721907794,0.2657711332025303,0.5575276572772644,0.15424087848977663,-0.3127907257088546
2641040100,2.481011387925818,-0.15824768538837602,0.26634811106933104,0.5769778668007881,0.1543614522144665,-0.31260913760284254
2642040100,2.4819761264670417,-0.1580422436180401,0.26690941051680295,0.5612994474718762,0.15448205531076553,-0.3125242989288056
2643040100,2.482940717116626,-0.15776294341417446,0.2674440906309998,0.5346801141968341,0.15460268708011782,-0.3123656304942923
2644040100,2.4839051666056293,-0.15743730614428283,0.26802697549190424,0.5828848609044917,0.15472334797813048,-0.31216065412241334
2645040100,2.48486946189342,-0.1571842912860706,0.2685726284217624,0.5456529298581249,0.15484403882625486,-0.31202833011232545
2646040100,2.4858336125327405,-0.15688453090031568,0.26909471790081985,0.5220894790574675,0.15496475797159448,-0.31184928887191016
2647040100,2.486797624501346,-0.15665157961393725,0.26965286814289885,0.558150242079003,0.15508550658878661,-0.3117370862027239
2648040100,2.4877614879306216,-0.15632263797215928,0.27018730233359567,0.5344341906968167,0.15520628540637915,-0.31152892337853844
2649040100,2.4887252088506617,-0.15600378462557896,0.2707549318292434,0.5676294956477004,0.15532709316756765,-0.3113308777931466
2650040100,2.4896887781083583,-0.15584735798004476,0.2712741643512281,0.5192325219847091,0.15544793060747253,-0.3112952885875173
2651040100,2.4906522083627896,-0.15560605179973258,0.2717980598283565,0.5238954771283766,0.15556879655752454,-0.3111748483572571
2652040100,2.491615498102388,-0.1553920919293366,0.2724031117896905,0.6050519613340577,0.1556896925849891,-0.31108178451432567
2653040100,2.4925786252310496,-0.1551765027833256,0.27296549820203614,0.562386412345624,0.15581061848038047,-0.3109871212637061
2654040100,2.493541600899195,-0.1549051749501464,0.27354138663535327,0.5758884333171077,0.1559315714483276,-0.31083674639847403
2655040100,2.494504421154869,-0.1545941314682593,0.27411628469478466,0.574898059431395,0.15605255286677888,-0.31064668433503817
2656040100,2.4954670859468457,-0.15429984648440934,0.2746630269430545,0.5467422482699074,0.15617356221742185,-0.31047340870183116
2657040100,2.4964296025938317,-0.15405483091943026,0.27518954526480377,0.5265183217492684,0.15629459947170332,-0.3103494303911336
2658040100,2.4973919763037356,-0.15384540489800141,0.2757241102919317,0.5345650271279732,0.15641566552823605,-0.31026107042623746
2659040100,2.4983542046191323,-0.15343479489846357,0.2762830765306039,0.5589662386721841,0.1565367610214352,-0.3099715559198988
2660040100,2.499316280609141,-0.15319452659198268,0.2768596755983279,0.5765990677240195,0.1566578856216374,-0.3098524122136201
2661040100,2.500278199153626,-0.15286530130508685,0.2773351182597003,0.475442661372375,0.15677903843526408,-0.30964433974035094
2662040100,2.5012399876336757,-0.1527236626668509,0.2778955076433277,0.5603893836273911,0.15690021879552418,-0.3096238814623751
2663040100,2.5022016225317047,-0.1524849241005388,0.2784110162202111,0.5155085768833566,0.15702143013145786,-0.3095063542319967
2664040100,2.5031631158812044,-0.15220873046391376,0.27902029275465656,0.6092765344454756,0.1571426694591267,-0.30935139992304045
2665040100,2.50412444160588,-0.151900118237197,0.27958079832245425,0.5605055677977124,0.15726393827474539,-0.3091640565119424
2666040100,2.5050856128084957,-0.15158048625488918,0.28012228124942845,0.5414829269741309,0.15738523326746545,-0.30896571952235463
2667040100,2.5060466344465073,-0.15136050765860343,0.2806471933354394,0.5249120860109872,0.15750655606760944,-0.30886706372621286
2668040100,2.507007510828023,-0.15112663407560528,0.2811662128290025,0.5190194935630736,0.15762790727934828,-0.30875454135495356
2669040100,2.5079682433233614,-0.15083524105547827,0.28173487596660496,0.5686631376024474,0.1577492874257871,-0.3085845284812654
2670040100,2.5089288178728504,-0.15063691398555107,0.2822963810913281,0.561505124723117,0.157870696659554,-0.30850761064510507
2671040100,2.5098892361598355,-0.15033456883968654,0.2828288010735781,0.5324199822500282,0.15799213318251049,-0.30832670202219703
2672040100,2.510849505998798,-0.15017906925688787,0.28340761389442887,0.5788128208507518,0.15811359718514595,-0.3082926664420338
2673040100,2.5118096141457813,-0.1499458930756089,0.283934069654864,0.5264557604351343,0.15823508963414668,-0.3081809827097556
2674040100,2.5127695749474537,-0.14969592795074832,0.2845338944057471,0.5998247508830814,0.15835660883189817,-0.3080525367826465
2675040100,2.5137293675449217,-0.1494375382080786,0.2850946709177984,0.5607765120512933,0.15847815657230413,-0.3079156947803827
2676040100,2.5146890025758446,-0.14918719801567495,0.28564681039461726,0.5521394768187916,0.15859973019186668,-0.3077869282075416
2677040100,2.515648482172209,-0.14887646691152692,0.28619447686986355,0.547666475246303,0.15872133101487407,-0.30759779792640096
2678040100,2.5166078073042635,-0.1485436394458997,0.28674592424322654,0.5514473733629579,0.15884295928927727,-0.307386598735177
2679040100,2.517566976614915,-0.1482624334202136,0.28726681168075574,0.5208874375291959,0.15896461511609417,-0.3072270485363078
2680040100,2.518525998471545,-0.1480201635440874,0.28777624237047456,0.5094306897188415,0.15908629830122933,-0.30710646184531676
2681040100,2.519484875865672,-0.14776260462642454,0.28831117841364196,0.534936043167421,0.15920800988471484,-0.3069706145111394
2682040100,2.520443601296733,-0.14746520551783296,0.28886535561417914,0.5541772005372634,0.15932975022557017,-0.3067949557434031
2683040100,2.521402169009433,-0.14719119505524733,0.28941163103547934,0.5462754213002115,0.15945151835054716,-0.3066427134057945
2684040100,2.522360580964489,-0.14690975675479953,0.2899376489914088,0.526017955929452,0.15957331350672632,-0.3064830702615259
2685040100,2.5233188426675484,-0.14658967945303175,0.29047507035532955,0.5374213639207417,0.1596951359210088,-0.30628481537404056
2686040100,2.524276950587507,-0.1463417244590559,0.29100847219759857,0.5334018422689619,0.15981698627155083,-0.30615871073060674
2687040100,2.525234905600925,-0.1459832913593551,0.29152217205343484,0.513699855836271,0.15993886408782743,-0.3059221554471825
2688040100,2.5261927130979913,-0.14571586287153618,0.292071694641679,0.5495225882441435,0.16006076945963343,-0.3057766323311696
2689040100,2.5271503625118834,-0.1455122927856338,0.29256551889936955,0.49382425769055605,0.16018270305165672,-0.30569499583729054
2690040100,2.528107869618838,-0.1452453160212686,0.2931045685833181,0.5390496839485717,0.1603046634970724,-0.305549979518341
2691040100,2.5290652211195432,-0.14500463193974095,0.2936753976756402,0.5708290923220893,0.16042665278380142,-0.30543128472354236
2692040100,2.5300224075370443,-0.14471305539223864,0.29421424787443223,0.5388501987920432,0.16054866919643018,-0.30526172458866885
2693040100,2.5309794378334294,-0.14438198934193303,0.2947660206422551,0.5517727678228935,0.16067071150436973,-0.30505270084630276
2694040100,2.5319363079766823,-0.1441038252702229,0.29529202105626695,0.5260004140118519,0.16079278082754556,-0.3048966060977685
2695040100,2.53289302517605,-0.14375783904746506,0.295797872233041,0.5058511767740483,0.16091487662928117,-0.30467271567674625
2696040100,2.5338495950405924,-0.143445772804544,0.29632987550185275,0.53200326881176,0.1610369998073118,-0.30448277261185575
2697040100,2.534806009689138,-0.14303488599152306,0.2968275336571987,0.4976581553459474,0.16115915105641676,-0.3041940370479398
2698040100,2.5357622788970917,-0.1427720589261463,0.2973417860080126,0.5142523508138446,0.16128132934881734,-0.30405338827496364
2699040100,2.53671839756599,-0.14240034867595938,0.29780606417838307,0.4642781703705052,0.1614035359120578,-0.3038038845880172
2700040100,2.5376743801077772,-0.14213866494873176,0.29834410511699133,0.5380409386082796,0.16152577007369118,-0.3036644350224229
2701040100,2.538630204637317,-0.1419173234187685,0.2988272193102139,0.4831141932225391,0.16164803365600733,-0.30356535707477583
2702040100,2.539585887049763,-0.14162462023248576,0.2993650826349676,0.5378633247537139,0.16177032383929912,-0.3033949440717849
2703040100,2.5405414109772293,-0.14134709147397395,0.2999229322561481,0.55784962118042,0.16189264263605097,-0.3032397341100249
2704040100,2.5414967702385933,-0.1410442211228702,0.3004447745871197,0.5218423309716358,0.16201498793010316,-0.30305920905297334
2705040100,2.5424519751933508,-0.1406963596750035,0.300973907013698,0.5291324265783339,0.16213735890716308,-0.30283371858216657
2706040100,2.543407023420254,-0.14038808143808154,0.3014900204867362,0.5161134730381405,0.16225975687161664,-0.3026478383096982
2707040100,2.54436191851788,-0.14014048204493718,0.30198320097812287,0.4931804913866782,0.16238218149123185,-0.302522663536169
2708040100,2.545316667052717,-0.139762186088063,0.30249581469532816,0.5126137172052672,0.16250463320542963,-0.30226681929349264
2709040100,2.5462712630034967,-0.13958720385789658,0.3030385310863556,0.542716391027427,0.16262711283513553,-0.3022143166930321
2710040100,2.5472256971365193,-0.13927008992801407,0.30351540152061784,0.4768704342622687,0.1627496195868261,-0.30201970951484014
2711040100,2.5481799888525596,-0.13891390287334712,0.30409383742826934,0.5784359076515122,0.16287215225330698,-0.30178605512665413
2712040100,2.5491341075279097,-0.13870340265339257,0.30460083128093113,0.5069938526618116,0.16299471330384208,-0.3016981159572346
2713040100,2.5500880742721255,-0.1383434374792405,0.3050878355112196,0.48700423028848205,0.16311729878311,-0.3014607362623505
2714040100,2.551041894844609,-0.13808107991809504,0.30564751954374925,0.5596840325296546,0.1632399113803089,-0.30132099129840395
2715040100,2.5519955471515257,-0.13775334325509048,0.3061320099529918,0.4844904092425386,0.16336255181469284,-0.3011158950697833
2716040100,2.552949053558151,-0.13742928235438767,0.3066650386530766,0.5330287000848111,0.16348521722329323,-0.3009144995776809
2717040100,2.5539023991890057,-0.13712894834566905,0.3071649801468313,0.49994149375468466,0.1636079104607191,-0.3007368588063881
2718040100,2.554855593777913,-0.13680142463238676,0.3076663707008231,0.5013905539917429,0.1637306295912424,-0.30053205422362916
2719040100,2.5558086366478046,-0.13653770547496305,0.30817928241759923,0.5129117167761517,0.16385337584586068,-0.3003910813208237
2720040100,2.556761524064508,-0.136256989468231,0.30867820328922374,0.4989208716245024,0.16397614911605984,-0.30023313858429085
2721040100,2.5577142600278457,-0.13598107807518275,0.3092087580547935,0.5305547655697582,0.16409894889916288,-0.30008002697434566
2722040100,2.5586668346747845,-0.1356023432629244,0.3097305118197138,0.5217537649202956,0.16422177568900764,-0.29982411895193206
2723040100,2.559619250419785,-0.1353146259130828,0.3102543752256404,0.5238634059266523,0.16434462819200846,-0.29965925410509126
2724040100,2.560571506359501,-0.1350174965581256,0.3107263280139215,0.4719527882810912,0.16446750669696542,-0.299485003255091
2725040100,2.5615236181055696,-0.13472143977586756,0.3112434728566993,0.5171448427777651,0.16459041106486794,-0.2993118508407355
2726040100,2.562475571607158,-0.1343728268926325,0.3117555761784179,0.5121033217186288,0.1647133432892538,-0.2990861701818863
2727040100,2.5634273681560753,-0.13402249180931705,0.31226788346561213,0.5123072871941896,0.16483630153467743,-0.29885879334399446
2728040100,2.564379007440051,-0.1337152254294128,0.31275347440356105,0.48559093794890273,0.16495928594578402,-0.29867451137519685
2729040100,2.5653304974297373,-0.13338038483952355,0.3132377626229668,0.48428821940574474,0.16508229646009198,-0.2984626812996155
2730040100,2.566281838302195,-0.1330540323524056,0.3137432297339477,0.5054671109808957,0.16520533408634108,-0.2982593664387467
2731040100,2.5672330232982574,-0.13269636490279318,0.3142344996899793,0.49126995603162604,0.1653283988264569,-0.2980247637292501
2732040100,2.568184056563174,-0.13236129157070797,0.314729620678836,0.49512098885666334,0.1654514897846262,-0.2978127813553342
2733040100,2.5691349366753005,-0.13204248883800418,0.3152086281424893,0.4790074636532914,0.1655746074756479,-0.2976170963136521
2734040100,2.570085668397088,-0.13180471817176354,0.3156985221200503,0.489893977560951,0.16569775169405077,-0.2975024698658143
2735040100,2.5710362481303988,-0.13151121701791307,0.31619617334396394,0.4976512239136486,0.16582092303541174,-0.2973321400533248
2736040100,2.5719866732349828,-0.1312495641453731,0.31673412496393843,0.5379516199745147,0.16594412101247613,-0.2971936851578492
2737040100,2.5729369309240773,-0.13091649836660538,0.3172438840516062,0.5097590876677441,0.16606734526151357,-0.2969838436281189
2738040100,2.5738870297177,-0.1306171000855474,0.31776930355866867,0.5254195070624977,0.16619059410202652,-0.2968076941875739
2739040100,2.574836964476008,-0.1303475454851452,0.3182586092744785,0.48930571580987325,0.16631386861607567,-0.2966614141012209
2740040100,2.5757867462378545,-0.13002605126418634,0.31876440932837735,0.5058000538988372,0.1664371681140473,-0.2964632193782336
2741040100,2.5767363696067545,-0.1297161587892077,0.3192848512043604,0.520441875983111,0.16656049400645756,-0.2962766527956653
2742040100,2.5776858297439773,-0.12936826931617762,0.31977894013062735,0.4940889262669721,0.16668384557071292,-0.29605211488689054
2743040100,2.5786351346769085,-0.12897571888578874,0.3202784696839856,0.49952955335822535,0.16680722215565424,-0.295782941041443
2744040100,2.579584282460937,-0.12863337137006006,0.3207585642228849,0.4800945388992741,0.16693062478200815,-0.2955639961520682
2745040100,2.5805332789869992,-0.12828950926091656,0.321215803008203,0.45723878531810636,0.1670540531750433,-0.2953435624359598
2746040100,2.581482131252636,-0.12788303422786562,0.32169771829594646,0.48191528774342585,0.16717750807917398,-0.2950605423070396
2747040100,2.5824308312576045,-0.12750575117525048,0.32217844872812024,0.480730432173772,0.16730099038400326,-0.29480674155925374
2748040100,2.583379379156742,-0.12724446826593944,0.32262732041323317,0.44887168511292197,0.1674244990276108,-0.29466896729355024
2749040100,2.5843277848324337,-0.12691207485915285,0.3230902937091351,0.4629732959019276,0.16754803400881357,-0.2944601088679664
2750040100,2.5852760436164446,-0.12664561394646606,0.3236110047496305,0.5207110404953669,0.1676715965940332,-0.29431721054049925
2751040100,2.586224136946949,-0.12633410940670511,0.3240957566817534,0.4847519321228849,0.1677951861548479,-0.294129295561553
2752040100,2.5871720760187342,-0.12601243750567134,0.32461320260601995,0.51744592426659,0.16791880025010997,-0.29393123775578134
2753040100,2.588119850182062,-0.12565135623070767,0.3251077632030841,0.4945605970641771,0.16804244031697024,-0.2936937965476779
2754040100,2.589067466493237,-0.12533624316920244,0.32559685704164265,0.48909383855856325,0.16816610494396045,-0.2935023481131629
2755040100,2.590014926469171,-0.1249673570266898,0.3260657836400052,0.468926598362587,0.16828979502911778,-0.2932571520558076
2756040100,2.590962236343355,-0.12468954161071756,0.3265573242282279,0.4915405882226964,0.16841351074839395,-0.2931030523591115
2757040100,2.591909388653513,-0.12441483016198736,0.3270215007521599,0.4641765239319362,0.1685372528942608,-0.29295208305624815
2758040100,2.5928563919611465,-0.12419833542714412,0.32753091770611714,0.5094169539572493,0.16866102047040954,-0.29285935589755363
2759040100,2.5938032315090562,-0.12383657107132112,0.32804159747109113,0.5106797649740608,0.16878481457411354,-0.29262138564543466
2760040100,2.5947499066446684,-0.12348349247504838,0.32858121345552393,0.5396159844328887,0.1689086332543681,-0.2923921257294165
2761040100,2.5956964077837608,-0.12316474272784672,0.3290477310263911,0.4665175708671804,0.16903247640278352,-0.29219721913063024
2762040100,2.596642758274421,-0.12284678441430105,0.32951814524021816,0.47041421382698545,0.1691563427417826,-0.2920031271560837
2763040100,2.597588956649791,-0.12243250097997589,0.33000534570705614,0.4872004668379777,0.16928023530408964,-0.2917127362840655
2764040100,2.5985349972610665,-0.12205162614680114,0.33049256687087364,0.48722116381748526,0.16940415387648855,-0.2914557800232897
2765040100,2.5994808798769755,-0.1216594181639275,0.33093105774962345,0.4384908787497811,0.1695280976974871,-0.2911875158614146
2766040100,2.6004266201077275,-0.12139000202197867,0.33138575169122386,0.45469394160049414,0.16965206671466504,-0.29104206873664373
2767040100,2.601372212499879,-0.12103850706512082,0.3318342551781332,0.4485034869093242,0.16977606295291636,-0.2908145700180372
2768040100,2.6023176588746626,-0.12066675687615733,0.3323438773562342,0.5096221781010473,0.16990008567698922,-0.2905668425531466
2769040100,2.6032629391031055,-0.12036023837820847,0.33281201842532593,0.46814106909171016,0.17002413510522985,-0.2903843734834383
2770040100,2.6042080664924807,-0.1200930222018064,0.33326954982892726,0.4575314036013567,0.17014820857472301,-0.2902412307765294
2771040100,2.6051530443064976,-0.11975749824344425,0.33375934420860526,0.4897943796780063,0.17027230780978542,-0.2900298060532297
2772040100,2.6060978617785695,-0.11945955626504054,0.3342685163979586,0.5091721893533478,0.17039643321782094,-0.2898559894828615
2773040100,2.6070425123247754,-0.11910807592242202,0.33474312498571784,0.47460858775923476,0.17052058336293285,-0.28962865928535486
2774040100,2.6079870070558338,-0.11872883680009409,0.3352361893483279,0.49306436261004527,0.17064475735705287,-0.289373594157147
2775040100,2.608931339687349,-0.11840348536010976,0.33570204184063757,0.46585249230967674,0.170768956638085,-0.28917244199819475
2776040100,2.609875518954555,-0.1180638304311834,0.33615351750686606,0.45147566622847435,0.17089318035738543,-0.28895701078856884
2777040100,2.6108195493949613,-0.11770860250151172,0.3366315469779591,0.47802947109302807,0.17101742964199218,-0.2887260321435039
2778040100,2.6117634220455024,-0.11739350479063146,0.33710200667594564,0.4704596979865514,0.17114170506791027,-0.28853520985854175
2779040100,2.6127071391942485,-0.11707266037290587,0.3375642310392077,0.4622243632620435,0.17126600543380377,-0.28833866580670964
2780040100,2.613650703359815,-0.11674284452714065,0.3380461513871632,0.4819203479555074,0.17139033101908652,-0.2881331755462272
2781040100,2.614594107808727,-0.1163794931838505,0.33852481795372574,0.47866656656254913,0.17151468213402055,-0.28789417531787104
2782040100,2.6155373534024546,-0.11605601929964496,0.3389986006416325,0.4737826879067415,0.17163905786935985,-0.2876950771690048
2783040100,2.61648044154899,-0.11576222868859033,0.3394551499397635,0.45654929813097744,0.17176345831640916,-0.2875256870049995
2784040100,2.6174233777750375,-0.11543967330735012,0.3399312521764175,0.4761022366539833,0.17188788363875673,-0.28732755694610684
2785040100,2.61836615536485,-0.11510489028552166,0.3404218697567187,0.4906175803011765,0.17201233454396458,-0.28711722482948626
2786040100,2.619308769258371,-0.11481760890735478,0.3408977215344051,0.4758517776864509,0.17213681012399462,-0.2869544190313494
2787040100,2.6202512241655107,-0.11457254243594776,0.341367051214325,0.46932967991983443,0.17226130968823128,-0.28683385212417906
2788040100,2.6211935220563234,-0.11423588023645985,0.341859818144551,0.49276693022604345,0.17238583383620565,-0.2866217140726655
2789040100,2.6221356548664065,-0.1139440324670124,0.342373463735379,0.5136455908279992,0.1725103828061485,-0.2864544152731609
2790040100,2.6230776153577358,-0.11349668574641421,0.34284089964669173,0.467435911312685,0.17263495550963626,-0.28613164125605045
2791040100,2.624019418816829,-0.11308436891661676,0.3433304200896652,0.4895204429734451,0.17275955096602047,-0.28584391988263724
2792040100,2.624961057603929,-0.11271732651522579,0.34374155693098307,0.4111368413178723,0.17288417117426036,-0.2856014976894862
2793040100,2.6259025579125073,-0.11249023465551279,0.34416964570038605,0.42808876940298846,0.17300881510099586,-0.28549904975650864
2794040100,2.6268439138637163,-0.11216035736062259,0.3446198987462908,0.45025304590471404,0.17313348619231306,-0.28529384355293563
2795040100,2.627785117797319,-0.11181050994302118,0.34513993580378854,0.5200370574977322,0.17325818365011614,-0.2850686935931373
2796040100,2.6287261459148876,-0.11147990043904407,0.3456081829672665,0.4682471634779166,0.17338290643905907,-0.28486280687810317
2797040100,2.6296670155080024,-0.1111747537723271,0.3460660074857014,0.45782451843492067,0.17350765138262148,-0.2846824051549486
2798040100,2.630607729905782,-0.11081948181752657,0.3465330503091374,0.46704282343600156,0.17363242074965513,-0.28445190256718167
2799040100,2.631548285780193,-0.11045750647816562,0.3470124760083397,0.47942569920229294,0.17375721495976393,-0.28421472143792953
2800040100,2.6324886787148545,-0.11010701062610796,0.34746639052954836,0.45391452120870124,0.1738820335495994,-0.28398904417570736
2801040100,2.6334289171809067,-0.10978516123937547,0.34791649123484114,0.4501007052928011,0.17400687591065278,-0.28379203715002826
2802040100,2.6343690022849127,-0.10943094435934214,0.3483718922624125,0.4554010275713789,0.17413174314538438,-0.2835626875047265
2803040100,2.635308932027073,-0.10914928825368844,0.3488412349951816,0.46934273276908545,0.1742566353793329,-0.2834059236330213
2804040100,2.6362487014471463,-0.1088210247742834,0.3492939478316165,0.4527128364349363,0.17438155232532537,-0.2832025770996088
2805040100,2.637188316029571,-0.10856249062109023,0.3497826399329439,0.4886921013274048,0.17450649330216095,-0.2830689839232512
2806040100,2.6381277632525175,-0.10826533850969867,0.35024763371781203,0.46499378486817056,0.17463145901703214,-0.2828967975267308
2807040100,2.6390670510235044,-0.10796558532143148,0.3507472373979273,0.49960368011526346,0.17475644778212995,-0.2827220331035614
2808040100,2.6400061672480546,-0.10763519164307486,0.35122719929736407,0.47996189943677003,0.17488146062672172,-0.2825166522697966
2809040100,2.6409451184497033,-0.10732027434951952,0.35170552321742266,0.47832392005859237,0.17500649591803352,-0.28232677026755304
2810040100,2.6418839049764347,-0.10693123996188936,0.3521681273990225,0.46260418159982986,0.1751315545011316,-0.28206279446302096
2811040100,2.6428225320358436,-0.10651368859188762,0.3526381017014951,0.4699743024726566,0.17525663639938927,-0.28177032499127685
2812040100,2.6437609968816327,-0.10617410043287484,0.35307050120953143,0.4323995080363079,0.175381742284074,-0.28155584271694883
2813040100,2.644699312299813,-0.10581682037738868,0.3534880693286248,0.41756811909340374,0.1755068717667463,-0.281323692144135
2814040100,2.645637483249267,-0.10548703245030691,0.3539442019348538,0.45613260622901397,0.17563202653055754,-0.2811190589808644
2815040100,2.6465754962006516,-0.105135117107971,0.35439103698283225,0.4468350479784533,0.1757572072165523,-0.28089232432452327
2816040100,2.647513354185279,-0.10478677435615781,0.35485122184162243,0.4601848587901871,0.1758824119985043,-0.2806691863546621
2817040100,2.6484510523775753,-0.10437743185381824,0.3552999016196434,0.44867977802098813,0.17600764125927526,-0.2803850731130935
2818040100,2.6493885945813163,-0.10402384562684512,0.3557499337053531,0.45003208570976416,0.17613289433264612,-0.28015673995949125
2819040100,2.650325980136763,-0.1035178844898922,0.3561689096432417,0.4189759378885881,0.176258171704756,-0.2797760561946482
2820040100,2.6512632196833685,-0.10309282225970584,0.3566153192504733,0.4464096072315792,0.17638347326573012,-0.27947629552543596
2821040100,2.652200303479744,-0.10274980467122696,0.3569847921779951,0.3694729275218318,0.17650880041675876,-0.2792586050879857
2822040100,2.653137258227497,-0.1023830971517572,0.35739412788376923,0.4093357057740774,0.17663415183430686,-0.27901724898606406
2823040100,2.654074069854103,-0.10205499522391405,0.3578440627113149,0.44993482754568026,0.1767595310704806,-0.2788145262943946
2824040100,2.655010723983294,-0.1016361484262365,0.35828168382611136,0.4376211147964564,0.17688493622336665,-0.2785210846496031
2825040100,2.655947224743518,-0.10130481231472023,0.3587382153015274,0.456531475416011,0.17701036534766956,-0.2783151776623898
2826040100,2.6568835653162943,-0.1009895262985822,0.35914879949238787,0.41058419086048614,0.17713581897466568,-0.2781253452732479
2827040100,2.657819761656894,-0.10060842821551251,0.35960273951270655,0.4539400203187034,0.17726129616918485,-0.27786972438469737
2828040100,2.658755798351352,-0.10034249510130998,0.36006433674683264,0.4615972341261131,0.17738679904826427,-0.27772929414957426
2829040100,2.659691672508915,-0.09995747540507367,0.36049252959936506,0.42819285253242034,0.17751232552449991,-0.2774698009295736
2830040100,2.6606273957135955,-0.09962073028779266,0.36097803592163324,0.48550632226817814,0.17763787518786245,-0.2772586054756551
2831040100,2.661562947552856,-0.0992535891976294,0.36140349160638224,0.4254556847489729,0.17776344957062307,-0.27701703876825245
2832040100,2.6624983490410075,-0.09901993288582707,0.3618526745988389,0.4491829924566456,0.1778890459110336,-0.27690897879686066
2833040100,2.6634335916093477,-0.09859084290511393,0.36228618749417985,0.43351289534095483,0.17801466700790058,-0.2766055099130145
2834040100,2.6643686806229776,-0.09815995991431398,0.3627862390864997,0.5000515923197785,0.1781403116890452,-0.2763002716033592
2835040100,2.665303592294946,-0.09781834875799604,0.36318797874590375,0.4017396594040711,0.17826598065357402,-0.2760843294115701
2836040100,2.6662383613219047,-0.09743616613662676,0.36358822361390397,0.400244868000201,0.178391670681723,-0.27582783681834977
2837040100,2.6671729880845803,-0.097084636172374,0.364032683088699,0.4444594747949743,0.1785173864159333,-0.2756020225883073
2838040100,2.6681074566917493,-0.09664081937640011,0.36445635675022464,0.42367366152560826,0.17864312788773873,-0.27528394726413885
2839040100,2.6690417743679395,-0.0962869461453438,0.3648949180321212,0.4385612818965706,0.17876889293841458,-0.2750558390837584
2840040100,2.669975935632881,-0.095880234075582,0.36528671158410186,0.3917935519806137,0.17889468251886598,-0.27477491659444797
2841040100,2.670909957014155,-0.09554688710824454,0.36572303301612785,0.43632143202597296,0.1790204958700059,-0.27456738297825045
2842040100,2.671843822445048,-0.09505496822405304,0.3661323851167081,0.409352100580219,0.1791463351972986,-0.2742013034213516
2843040100,2.672777541403319,-0.09464410633014068,0.36657801774129684,0.4456326245887188,0.17927219831566887,-0.27391630464580957
2844040100,2.673711100729349,-0.0942559886010905,0.36694364419146563,0.365626450168808,0.17939808648158007,-0.2736540750826706
2845040100,2.674644528944084,-0.09392554626730656,0.3673492417130885,0.40559752162287876,0.17952399789962925,-0.2734495441669358
2846040100,2.6755778115681643,-0.09353224531307468,0.3677656985305895,0.41645681750094465,0.17964993639644433,-0.273182181709519
2847040100,2.676510944543853,-0.09318285950469765,0.3682105975774325,0.44489904684304893,0.179775899999413,-0.27295875950411064
2848040100,2.677443917472006,-0.09284136723792895,0.3686235451924259,0.4129476149933935,0.17990188814048835,-0.2727432553784173
2849040100,2.6783767416815483,-0.09243109534611703,0.3690580158540654,0.434470661639508,0.18002789939420438,-0.2724589947403214
2850040100,2.679309409249465,-0.09199875118860126,0.36949601388080333,0.43799802673795074,0.18015393526934176,-0.272152686457943
2851040100,2.680241918725815,-0.09163201521117202,0.369899065933697,0.40305205289364565,0.18027999467431144,-0.2719120098854835
2852040100,2.681174282565988,-0.09127478971484956,0.37029048104914974,0.3914151154527621,0.18040607739137116,-0.27168086710622075
2853040100,2.682106504829831,-0.09086091003073356,0.3707142306041701,0.4237495550203447,0.18053218508360658,-0.2713930951143401
2854040100,2.6830385736608484,-0.090571632761721,0.37114228565172347,0.4280550475534013,0.18065831828035783,-0.2712299510420788
2855040100,2.683970487330167,-0.09023057631895105,0.3715414508646633,0.39916521293978635,0.18078447535705422,-0.27101505167600526
2856040100,2.6849022561559357,-0.0897584111805263,0.37200260298474275,0.4611521200794606,0.1809106560583693,-0.2706690672388956
2857040100,2.6858338574603713,-0.08941162314051669,0.37243744757876995,0.4348445940272181,0.1810368617606848,-0.2704484849012015
2858040100,2.6867653006186436,-0.08899616072278976,0.37280605840659775,0.36861082782778887,0.18116308937077008,-0.27015925009355984
2859040100,2.687696609581005,-0.08863886712619558,0.37323692761665817,0.430869210060424,0.18128934013638798,-0.26992820726258354
2860040100,2.688627761521358,-0.08826441556567337,0.373632892792322,0.39596517566383305,0.18141561728369027,-0.26968003284936365
2861040100,2.6895587690073777,-0.08792142620346836,0.3740574935364958,0.42460074417381677,0.18154191769761496,-0.26946334390108334
2862040100,2.6904896214301712,-0.08764194672784278,0.37447303062972365,0.4155370932278336,0.18166824306204532,-0.2693101897898881
2863040100,2.691420321937279,-0.08726007563088886,0.37490387796936736,0.43084733964370414,0.1817945919168409,-0.2690546675477298
2864040100,2.692350864761752,-0.08691747366891033,0.37536618573624175,0.4623077668743396,0.18192096466806973,-0.26883843833698007
2865040100,2.6932812381975046,-0.0865287101187892,0.3757767986439772,0.4106129077354048,0.1820473605113122,-0.2685760706301014
2866040100,2.6942114610187,-0.08608764922851535,0.37620662525296955,0.42982660899240854,0.18217377783392408,-0.26826142706243944
2867040100,2.6951415260096527,-0.08580940537730998,0.3766128571151203,0.40623186215079754,0.18230021916480155,-0.2681096245421115
2868040100,2.6960714416762985,-0.08544424473305953,0.37699232307220876,0.37946595708844455,0.1824266835018804,-0.26787092823493996
2869040100,2.697001217718728,-0.08507402914627865,0.3774529054929039,0.4605824206951119,0.1825531719805653,-0.26762720112684396
2870040100,2.6979308241103306,-0.08475177618537624,0.3778695642435484,0.4166587506444992,0.18267968590042472,-0.26743146208580093
2871040100,2.69886027686005,-0.08442018709264854,0.37828322084018107,0.4136565966326552,0.18280622115443634,-0.2672264082470849
2872040100,2.699789576915305,-0.0840827374158451,0.3787204779814153,0.4372571412342212,0.18293277989937096,-0.26701551731521606
2873040100,2.700718715391466,-0.08369365083344796,0.3791526687415028,0.43219076008750545,0.18305936224313513,-0.26675301307658306
2874040100,2.701647693986136,-0.08336965758208108,0.37958151927430106,0.4288505327983273,0.18318596695386447,-0.26655562453594556
2875040100,2.7025765137634585,-0.08303748054291353,0.3799840375740418,0.40251829974070974,0.18331259424069657,-0.2663500747836101
2876040100,2.7035051843197073,-0.08265351946914315,0.38041871909542,0.43468152137818794,0.1834392442267081,-0.2660927636958512
2877040100,2.7044336935623954,-0.08226602447488357,0.38084890901838125,0.43018992296123415,0.18356591819919643,-0.26583194267408
2878040100,2.7053620429856586,-0.0818616571825374,0.3812527043430769,0.4037953246956347,0.18369261448732033,-0.26555427166985773
2879040100,2.706290242239012,-0.08147995829117283,0.3816542222679335,0.40151792485657956,0.1838193332728082,-0.265299291563981
2880040100,2.7072182920193457,-0.08113054433381416,0.38204675999541504,0.3925377274815428,0.18394607585148037,-0.26507662018529454
2881040100,2.7081461955250816,-0.08078941830712723,0.38245013390735416,0.4033739119391062,0.1840728422978941,-0.2648622606050213
2882040100,2.7090739485692903,-0.08029930657733914,0.38286921692514514,0.4190830177909577,0.1841996330286193,-0.26449893960595844
2883040100,2.710001545132469,-0.07999824252862146,0.38329202737983575,0.4228104546906105,0.18432644745116988,-0.26432468997979136
2884040100,2.710928983657739,-0.07967805951715527,0.383639630234274,0.3476028544382691,0.1844532847216236,-0.2641313442387789
2885040100,2.71185629213198,-0.07930867446543495,0.38408141989964245,0.4417896653685137,0.18458014460545158,-0.2638888190708865
2886040100,2.712783435154743,-0.07888110589708545,0.38451327474406855,0.4318548444261133,0.18470703091109542,-0.2635881368081809
2887040100,2.713710416271746,-0.07854188423820106,0.38492005678178337,0.4067820377148038,0.18483393877432164,-0.2633758230125227
2888040100,2.7146372447248632,-0.07815261136431044,0.38529715651856455,0.37709973678119135,0.18496086865791028,-0.26311348002222074
2889040100,2.7155639315167734,-0.07779916694051385,0.3857180161367089,0.4208596181443489,0.1850878218057055,-0.26288698874621935
2890040100,2.7164904600530453,-0.07737644629493545,0.3861133371400013,0.39532100329232345,0.1852147997046103,-0.26259124599954575
2891040100,2.7174168397874774,-0.07701018655770717,0.38652613181084566,0.4127946708443596,0.18534180006021828,-0.26235198661792547
2892040100,2.7183430639883346,-0.07661065609315737,0.3869037081585708,0.3775763477250895,0.1854688241472786,-0.262079480240436
2893040100,2.7192691457870404,-0.07622665884752933,0.38730904835489677,0.4053401963260097,0.18559587102184594,-0.26182252986937526
2894040100,2.720195074565571,-0.07584042908728215,0.3876972196141355,0.38817125923875795,0.1857229424646789,-0.2615633715519611
2895040100,2.721120856662778,-0.0754663659597292,0.3880926559153624,0.39543630122688067,0.1858500369985805,-0.2613164029583097
2896040100,2.722046489189929,-0.07510475562785171,0.3884864692343614,0.3938133189989379,0.18597715547307558,-0.26108191110092727
2897040100,2.7229719726170507,-0.0747307093752802,0.3888858839506981,0.39941471633668124,0.18610429747121415,-0.26083500684649435
2898040100,2.723897304676812,-0.07428613553131577,0.3892910678900267,0.4051839393286474,0.18623146303707472,-0.2605175985683905
2899040100,2.7248224830319994,-0.07382514396008995,0.3896895518914959,0.3984840014692522,0.18635865183851763,-0.26018379579860756
2900040100,2.725747510076059,-0.07338904896710771,0.3900521489449748,0.362597053478922,0.18648586353336327,-0.259874912500471
2901040100,2.726672399308234,-0.07292842635139885,0.3904058810217716,0.3537320767967941,0.18661309842978469,-0.25954152478118353
2902040100,2.7275971539806485,-0.07255822666729385,0.390771455268285,0.3655742465133942,0.18674035836478708,-0.2592985850320809
2903040100,2.7285217694669526,-0.07222645140992277,0.39112411149736415,0.3526562290791244,0.18686764376726117,-0.25909409517718396
2904040100,2.7294462505683614,-0.07182036864683296,0.3915215060974178,0.39739460005364813,0.18699495398174193,-0.2588153226285749
2905040100,2.730370580098877,-0.07139486380293382,0.391937716386756,0.4162102893381847,0.18712228965064526,-0.25851715345357906
2906040100,2.7312947507254752,-0.07090990186191135,0.3923162281562577,0.3785117695016986,0.1872496483872652,-0.2581595502491766
2907040100,2.732218776701981,-0.07053102354093077,0.39268444412699854,0.3682159707408057,0.18737702915993282,-0.2579080527008636
2908040100,2.7331426618359496,-0.07018665191909516,0.3930222274048648,0.3377832778662755,0.18750443391249405,-0.25769108583158923
2909040100,2.7340664176577176,-0.06976587838318292,0.393412561535562,0.39033413069716505,0.18763186315042546,-0.2573977415336084
2910040100,2.7349900239181872,-0.06943824403671721,0.39381972737374893,0.4071658381869493,0.1877593184456714,-0.2571975624823886
2911040100,2.7359134740181292,-0.0691093871398542,0.3941881186470735,0.3683912733245551,0.18788679698533528,-0.2569961841251895
2912040100,2.736836782696854,-0.06879613403367162,0.3946026908257167,0.4145721786431914,0.18801429783763268,-0.2568104318713043
2913040100,2.737759932076187,-0.0683803385202484,0.39501626017338887,0.41356934767216635,0.18814182301726845,-0.25652216153751684
2914040100,2.73868292238338,-0.06800057000725625,0.3954372721242174,0.4210119508284761,0.18826937003437294,-0.2562699400416292
2915040100,2.7396057505936127,-0.06766731181267902,0.3958064472931673,0.36917516894986524,0.18839693889851716,-0.2560642507111962
2916040100,2.7405284365303486,-0.06723082126730187,0.39619314248655485,0.3866951933875826,0.18852452916960516,-0.255755350436907
2917040100,2.7414509733068377,-0.06682572517695246,0.3966026922067748,0.40954972021997116,0.18865214356760163,-0.2554778687445541
2918040100,2.742373351956965,-0.0665394220411425,0.3969600200627542,0.35732785597944083,0.18877978112011817,-0.25531920316126067
2919040100,2.7432955925171134,-0.06608375918708728,0.3973325018064319,0.37248174367772025,0.18890744056561815,-0.25499119975270546
2920040100,2.744217689005685,-0.06577962015853778,0.39776407368649047,0.4315718800585264,0.1890351246569466,-0.2548147448154844
2921040100,2.745139618407321,-0.06547498760064938,0.3981103220728152,0.346248386324707,0.18916283254672095,-0.25463782014737035
2922040100,2.7460614136316317,-0.06519722832050766,0.39853199140883816,0.4216693360229222,0.1892905610260769,-0.25448778934658456
2923040100,2.7469830453024358,-0.06473108029629891,0.3989530704668254,0.42107905798723455,0.18941831463388326,-0.2541493949301822
2924040100,2.7479045134851576,-0.06425744558923509,0.3993872987165665,0.4342282497411005,0.18954608927849392,-0.253803534867729
2925040100,2.7488258129033794,-0.06401596891766034,0.399726666365917,0.33936764935054664,0.18967388494656845,-0.2536898538642288
2926040100,2.7497469803041046,-0.06358016350557719,0.400061609507494,0.33494314157694394,0.18980170088355663,-0.2533818643891338
2927040100,2.7506680173044873,-0.06315492641207944,0.4005124144798031,0.45080497230917493,0.18992954216698266,-0.2530844685790621
2928040100,2.7515888786339806,-0.06279315614662939,0.40086545182681965,0.35303734701652467,0.19005740900347234,-0.25285056515010174
2929040100,2.7525096022602695,-0.06248646834084103,0.4012231913691468,0.35773954232708105,0.19018529508723958,-0.2526717634280806
2930040100,2.7534301862321917,-0.062102124942073025,0.40161220618077315,0.3890148116263392,0.1903132056696819,-0.2524153306117549
2931040100,2.7543506182067934,-0.06172420726156944,0.4020284169171211,0.4162107363480323,0.1904411404608659,-0.2521653477224354
2932040100,2.7552708874037437,-0.061363530315293825,0.40240529914413503,0.37688222701386564,0.1905690977256036,-0.25193262804089744
2933040100,2.756191009066663,-0.06103727890995395,0.4027849055462264,0.3796064020914163,0.190697075943703,-0.25173435485365697
2934040100,2.7571109819970325,-0.06064093240162191,0.4031726773946563,0.3877718484298851,0.1908250772138409,-0.25146600961546284
2935040100,2.758030802858695,-0.06020879779747543,0.4035772770393029,0.4045996446466039,0.19095310134908772,-0.2511618991465632
2936040100,2.7589504649050127,-0.05983399375969648,0.4039463039202617,0.36902688095881087,0.19108114786466857,-0.25091514162436507
2937040100,2.7598699819678965,-0.059420634800563935,0.4042968397673032,0.35053584704147056,0.19120921580016415,-0.25062985060072807
2938040100,2.760789361196145,-0.05905684349930345,0.4046755581352812,0.3787183679780345,0.19133730706101915,-0.2503941505603226
2939040100,2.761708591381116,-0.05872334127241588,0.4050344401698656,0.35888203458437595,0.19146542262386035,-0.2501887638962762
2940040100,2.7626276802076637,-0.058356781585037536,0.4054176468329023,0.38320666303669715,0.19159356090723278,-0.24995034249227033
2941040100,2.763546617963988,-0.05791008038940467,0.40581559866550404,0.39795183260171285,0.19172172296263312,-0.2496318033520378
2942040100,2.76446539869432,-0.057532973937369176,0.4061965568586104,0.3809581931063557,0.19184990741589303,-0.2493828813532622
2943040100,2.765384028967787,-0.05716336806622041,0.4065368184630345,0.3402616044241156,0.19197811341521742,-0.24914148148143783
2944040100,2.7663025247445123,-0.05678569742228541,0.40691139041138413,0.3745719483496157,0.19210634185628805,-0.24889203927857345
2945040100,2.7672208723395264,-0.056471431677663754,0.4072892411161901,0.3778507048059535,0.19223459494756412,-0.24870602662522787
2946040100,2.7681390703251987,-0.05598786010633062,0.4076625729246003,0.37333180841022495,0.19236287075895575,-0.24835073086528636
2947040100,2.769057120362029,-0.05556307070328869,0.4080672465628585,0.4046736382582297,0.19249116907077735,-0.24805423977406604
2948040100,2.7699750098849463,-0.055181055227374605,0.4083865679914569,0.3193214285984457,0.19261949009479906,-0.24780054532217366
2949040100,2.770892772642825,-0.05474533580407718,0.40873469892354297,0.3481309320860764,0.19274783205371193,-0.2474931678577891
2950040100,2.77181039709217,-0.054375735856112696,0.4091037199396046,0.36902101606155835,0.19287619964686087,-0.24725193550297356
2951040100,2.7727278748121615,-0.05394755570517677,0.4094452870954322,0.3415671558276316,0.1930045912417171,-0.24695214694689388
2952040100,2.773645216607603,-0.05346725261685588,0.40981944357307376,0.37415647764153076,0.19313300564070346,-0.24660025825755932
2953040100,2.774562409386946,-0.05297741963195364,0.41016372181979077,0.3442782467169916,0.1932614443369367,-0.24623886396889033
2954040100,2.775479464936427,-0.052559907963744025,0.41048124701765454,0.31752519786374755,0.19338990547809942,-0.24594981344184344
2955040100,2.776396393823499,-0.05218296736839952,0.4107932957460048,0.31204872835034514,0.19351839069553023,-0.24570135806392976
2956040100,2.777313198142684,-0.051741255854116,0.411140939117934,0.347643371929148,0.1936469014519524,-0.2453881573060684
2957040100,2.7782298635796967,-0.05128433666395099,0.4115083839361135,0.3674448181795464,0.19377543802397312,-0.24505977468792411
2958040100,2.7791463821035074,-0.050888223345663834,0.4118428298527383,0.33444591662476686,0.19390399838691152,-0.24479222173257537
2959040100,2.78006276680029,-0.05054096529914398,0.4121690271092267,0.32619725648842823,0.19403258139504587,-0.24457354669418985
2960040100,2.7809790208719676,-0.05014089889896234,0.4125251035636317,0.35607645440501534,0.19416118886526945,-0.2443020877642318
2961040100,2.781895132242172,-0.049792720918318795,0.41290518258381237,0.3800790201806892,0.19428982122908067,-0.24408254214739947
2962040100,2.7828110911634534,-0.04943935306776554,0.4132583270058832,0.35314442207087526,0.19441847677258295,-0.24385782984034848
2963040100,2.7837269083206384,-0.04904438311595972,0.41363698818269434,0.3786611768111698,0.19454715410683576,-0.24359153722279547
2964040100,2.7846425733435507,-0.04864850552086438,0.4140126159388933,0.37562775619897937,0.1946758547129157,-0.2433243602337801
2965040100,2.785558087321206,-0.048248833211151615,0.41436692174168815,0.35430580279481183,0.19480457711354404,-0.24305341032469566
2966040100,2.7864734587090783,-0.04784547948983401,0.4147202503097235,0.35332856803532225,0.19493332144121922,-0.24277880093105322
2967040100,2.787388687786021,-0.04742223351342043,0.4150711506280094,0.35090031828594453,0.1950620888650647,-0.24248432237848513
2968040100,2.7883037754169826,-0.04695798728447484,0.4154196726159831,0.3485219879737356,0.19519087940500768,-0.24214886668948252
2969040100,2.789218722449122,-0.04654677846057958,0.4157576711235847,0.33799850760155187,0.19531969316355458,-0.24186647162413416
2970040100,2.79013353302161,-0.04618435352729465,0.4160745102492814,0.3168391256967144,0.1954485302408493,-0.24163288376814396
2971040100,2.7910482155821916,-0.04579652078279297,0.41641731499338397,0.3428047441025903,0.19557739120101658,-0.24137391198380956
2972040100,2.79196275953661,-0.045492359063189595,0.41678405649628175,0.3667415028978054,0.19570627721615708,-0.24119863627934668
2973040100,2.7928771550875293,-0.04514869015213117,0.417137588727599,0.3535322313173039,0.19583518677546508,-0.24098387692759624
2974040100,2.793791407463717,-0.04474040922440979,0.41753261773912853,0.3950290115296219,0.19596411847852124,-0.24070452770293105
2975040100,2.794705499724487,-0.04433797787493299,0.41790747475238876,0.37485701326016746,0.19609307304283874,-0.24043105091777173
2976040100,2.7956194399141667,-0.04405953488250944,0.4182494785352213,0.3420037828325676,0.19622204805836319,-0.24028158294087262
2977040100,2.7965332412485395,-0.043518964871220735,0.4185938704201117,0.34439188489040684,0.19635104463892006,-0.23987000951014079
2978040100,2.7974469026500177,-0.04311486238139292,0.4189999683732213,0.4060979531095204,0.1964800646301299,-0.23959492701152282
2979040100,2.798360398907038,-0.04270594009997285,0.4192741914221846,0.2742230489632684,0.1966091078610006,-0.23931504796097347
2980040100,2.799273783562852,-0.042257054452303905,0.4196161097331908,0.3419183110062371,0.19673817075003086,-0.23899522520233477
2981040100,2.8001870289711475,-0.041807731826255405,0.4199550682586959,0.3389585255051032,0.19686726084335504,-0.23867499266961045
2982040100,2.801100136231925,-0.04142794402382376,0.4202734191121148,0.3183508534189298,0.19699637421682326,-0.23842431824064703
2983040100,2.8020131136486075,-0.04100087254101883,0.4205909226979108,0.31750358579601834,0.19712551100720788,-0.2381263835482267
2984040100,2.8029259614746063,-0.040505321009166304,0.42094270410194934,0.35178140403855296,0.19725467237077154,-0.23775999337993786
2985040100,2.803838665611797,-0.04004348619448336,0.4212702601321523,0.3275560302029467,0.19738385832589955,-0.23742734452038292
2986040100,2.8047512358537396,-0.03963992873234698,0.42156285570246016,0.2925955703078773,0.1975130668589955,-0.23715299559134248
2987040100,2.8056636864084443,-0.03920720436326248,0.4218716556677736,0.3087999653134546,0.19764229933776534,-0.2368495037010278
2988040100,2.806576010562721,-0.038887504130881524,0.4222090576322306,0.337401964456951,0.19777155775721766,-0.23665906188809918
2989040100,2.807488196509518,-0.038497443462794,0.4225312821816555,0.32222454942486967,0.19790084114984907,-0.23639828461264306
2990040100,2.8084002503689067,-0.038178046746500875,0.42290965045234213,0.37836827068668794,0.1980301478246922,-0.23620819457119308
2991040100,2.8093121490053736,-0.037750883154218845,0.42325232863829493,0.34267818595276944,0.19815947863108718,-0.23591036178530603
2992040100,2.8102239069478654,-0.0374208251539223,0.423629970734101,0.37764209580611696,0.1982888302689645,-0.2357096554228868
2993040100,2.8111355097171797,-0.03698307194376073,0.423953144183745,0.32317344964400124,0.19841820477923022,-0.23540127672299094
2994040100,2.8120469795912566,-0.03654980532573065,0.42432448049859595,0.3713363148509047,0.19854760008733408,-0.23509740541306473
2995040100,2.8129582966470528,-0.03614670359275808,0.4246413628916292,0.316882393033318,0.19867701933601367,-0.23482372292877174
2996040100,2.8138694831949476,-0.03576965723618124,0.42495989285627744,0.3185299646482572,0.1988064596771224,-0.23457611691330366
2997040100,2.8147805384641775,-0.035378068300262806,0.4252929684868853,0.3330756306078333,0.19893592426042872,-0.23431399256069152
2998040100,2.8156914563610402,-0.03495477486358943,0.4256385887632433,0.34562027635797,0.19906541295883073,-0.23402018782242018
2999040100,2.8166022316048354,-0.03455969278619164,0.4259764256070033,0.3378368437599679,0.19919492488814328,-0.23375461767433492
3000040100,2.8175128673029883,-0.0341152721741154,0.42629783425282636,0.32140864582305895,0.1993244592787029,-0.2334397314528183
3001040100,2.818423370144794,-0.03365101842726624,0.4266328287135371,0.3349944607107018,0.19945401655343176,-0.233105034980698
3002040100,2.819333734414362,-0.033254203474155156,0.42694253562231854,0.309706908781395,0.19958359764568812,-0.23283780111984326
3003040100,2.820243970481137,-0.03282517221814198,0.42724166852716805,0.29913290484952026,0.19971320172373908,-0.23253837394188107
3004040100,2.821154082639326,-0.03245996201723114,0.42757399790003375,0.33232937286571185,0.199842830245899,-0.23230279226313014
3005040100,2.8220640570425997,-0.03206023783999941,0.4278896325380352,0.3156346380014658,0.19997248380681043,-0.23203272164680983
3006040100,2.8229739005180914,-0.031523429133854856,0.4282367191096836,0.3470865716483769,0.20010216041637463,-0.2316255895502295
3007040100,2.8238835999146454,-0.03112896001597896,0.4285660201223625,0.3293010126789744,0.20023186102944024,-0.2313608210454192
3008040100,2.8247931625139056,-0.03070864069320111,0.42882597665614963,0.2599565337871288,0.2003615837527697,-0.2310702244459708
3009040100,2.8257026170530937,-0.030265492447441547,0.4291565845464139,0.3306078902642667,0.20049132960581062,-0.23075682205325215
3010040100,2.8266119340747076,-0.029885365900353764,0.4294736977521435,0.31711320572957125,0.20062110267144462,-0.23050646857179838
3011040100,2.8275211190985234,-0.029395636931020163,0.4297787833523185,0.30508560017497943,0.2007508987298614,-0.23014653566088156
3012040100,2.828430177044718,-0.028993359995874966,0.43011489063724345,0.3361072849249375,0.20088071855084166,-0.22987407854671663
3013040100,2.8293390948938417,-0.028572329424742682,0.4303954887740305,0.28059813678704915,0.20101056281955465,-0.22958289224429734
3014040100,2.830247895704712,-0.028202258430859637,0.43071928028644524,0.3237915124147572,0.20114042965844803,-0.22934268808930766
3015040100,2.8311565613723295,-0.027758290520986748,0.4310331239384922,0.31384365204693565,0.2012703223449428,-0.22902861286592954
3016040100,2.8320650959577858,-0.0272830590756687,0.4313719799463496,0.33885600785746034,0.20140023827446285,-0.22868329735013154
3017040100,2.832973488913773,-0.02684546588138188,0.4316732710137641,0.30129106741448103,0.2015301780097758,-0.22837564389115766
3018040100,2.833881755853466,-0.026436614675021803,0.43195825163293244,0.28498061916833506,0.20166014002407096,-0.22809675469909277
3019040100,2.8347899035229056,-0.026089113993487692,0.4322614472547475,0.3031956218150741,0.20179012653313322,-0.2278792405266209
3020040100,2.8356979242177625,-0.025619554485825615,0.43257846838851494,0.31702113376741375,0.20192013848604162,-0.22753969297186724
3021040100,2.836605812058815,-0.025343033912293728,0.4329257425291611,0.3472741406461931,0.20205017476337161,-0.22739320867566534
3022040100,2.8375135542632375,-0.02489554457845868,0.4332113203724935,0.28557784333236086,0.20218023450576794,-0.22707577908422663
3023040100,2.8384211766226266,-0.024485564728343127,0.43359313649376185,0.38181612126834125,0.20231031586330772,-0.22679588059165084
3024040100,2.839328638634177,-0.024043290737112057,0.43388884422649776,0.2957077327359035,0.20244042251418648,-0.22648371325129854
3025040100,2.840235976369139,-0.02359725118547385,0.4342027596013644,0.31391537486665544,0.2025705486335454,-0.22616779981901924
3026040100,2.8411431820885995,-0.02321001780679739,0.4344999133441696,0.2971537428052436,0.2027006993747129,-0.2259107171815103
3027040100,2.8420502627592104,-0.022725311949891257,0.43479456484005463,0.29465149588502115,0.20283087361045204,-0.2255561855603433
3028040100,2.8429572193548855,-0.022219529302841212,0.43511811705142045,0.32355221136583256,0.20296107232320892,-0.22518060162605014
3029040100,2.843864039615105,-0.02182664666395622,0.43539223624789203,0.27411919647157434,0.20309129563613126,-0.2249179423000875
3030040100,2.844770744295213,-0.02139160875757979,0.4356550782307061,0.2628419828140973,0.2032215417713985,-0.2246131505289783
3031040100,2.8456773380861704,-0.020939417612197243,0.4359738563557679,0.3187781250618388,0.2033518136932564,-0.22429123130545364
3032040100,2.8465837973053008,-0.020507987367527937,0.4362709602084103,0.29710385264239114,0.20348211206064448,-0.2239900994281724
3033040100,2.847490131019441,-0.020196379931662713,0.4365588568787587,0.287896670348465,0.20361243345344704,-0.22380881338510974
3034040100,2.848396343041641,-0.01981546836349914,0.43685654329446727,0.29768641570856696,0.2037427791577997,-0.22355824752129885
3035040100,2.8493024291548568,-0.019330587917121188,0.43721379074688993,0.3572474524226444,0.203873149705597,-0.2232037376227182
3036040100,2.850208364061246,-0.018869656652351675,0.437535897472845,0.3221067259550637,0.20400354447363966,-0.22287320112599135
3037040100,2.8511141625351812,-0.0185186359221827,0.4378053228984589,0.26942542561387556,0.20413395980273563,-0.22265259572491833
3038040100,2.8520198468183255,-0.01800138878128821,0.4380860721635323,0.2807492650734036,0.20426439780043637,-0.22226578658172458
3039040100,2.85292541204134,-0.017550097937092186,0.4384213468647434,0.3352747012111133,0.20439486165289367,-0.22194495958998586
3040040100,2.8538308349875665,-0.017093990584044844,0.43867274772139314,0.2514008566497675,0.20452535064317345,-0.2216193412272183
3041040100,2.8547361511828417,-0.016615126655567723,0.43895649769159556,0.2837499702024188,0.20465586140836578,-0.2212709880639335
3042040100,2.8556413468222055,-0.01610782157184259,0.4392371991016529,0.28070141005730825,0.20478639905267926,-0.22089422062452185
3043040100,2.8565464231291786,-0.015701978505352397,0.4395058390109876,0.26863990933467047,0.20491696157049688,-0.22061894007584928
3044040100,2.8574513851645893,-0.015312376945464652,0.43975951729431856,0.25367828333092857,0.20504754912233025,-0.2203599260677949
3045040100,2.8583562392327213,-0.014874601184658583,0.4400633885922456,0.3038712979269557,0.20517816242285747,-0.22005276360751605
3046040100,2.8592609638944206,-0.014415470748686507,0.44037487554130195,0.3114869490563699,0.20530880236725224,-0.21972427311593876
3047040100,2.860165555819784,-0.014024678447585617,0.4406616744402001,0.2867988988981787,0.20543946584442097,-0.21946414429200659
3048040100,2.861070025451711,-0.01363349224686879,0.4409371508339847,0.2754763937845441,0.20557015235593923,-0.21920364460280803
3049040100,2.8619743775481647,-0.013277714321329319,0.4412462876008005,0.3091367668157337,0.20570086339347782,-0.21897857771480714
3050040100,2.8628785976658033,-0.012821075867876364,0.44155471873049207,0.30843112969157777,0.20583159962869857,-0.21865267549657494
3051040100,2.8637826860197655,-0.012408003458764232,0.44188041651323273,0.3256977827406918,0.20596235895700232,-0.21837036241576654
3052040100,2.8646866351402687,-0.011951582267338017,0.4421550438203079,0.27462730707515853,0.20609314139188228,-0.2180447236592203
3053040100,2.865590466785058,-0.011519264549687248,0.4424509011228931,0.2958573025852,0.2062239458346724,-0.21774321038435965
3054040100,2.866494171796427,-0.011002800340271275,0.4427244438047791,0.2735426818859856,0.20635477541666702,-0.2173575757569383
3055040100,2.867397759655146,-0.01060288951536884,0.4430094478168837,0.28500401210462384,0.20648562879605592,-0.21708851831142476
3056040100,2.8683012253806437,-0.010269183623420577,0.44325161926014284,0.24217144325911272,0.20661650732940728,-0.21688569095282786
3057040100,2.869204587270358,-0.009881426661795185,0.44355154190805685,0.2999226479140205,0.20674741027943355,-0.21662883694122873
3058040100,2.870107820488884,-0.009406628506798438,0.44388417362490157,0.3326317168447149,0.20687834028228025,-0.21628496878907869
3059040100,2.8710109109085304,-0.008908747548315962,0.44418927967940036,0.3051060544987954,0.2070092937229795,-0.21591804127129546
3060040100,2.871913870258211,-0.008452059276233931,0.44445018916671114,0.2609094873108098,0.2071402685351167,-0.21559232781135063
3061040100,2.872816717457575,-0.00805869469849049,0.44469883412570543,0.2486449589942306,0.20727126640142757,-0.21532996109991806
3062040100,2.873719457721259,-0.007599171627521848,0.4449674355741752,0.2686014484697449,0.207402290050549,-0.21500146167807085
3063040100,2.8746220824037905,-0.007249312629182075,0.44526718707936225,0.2997515051870728,0.20753334022476366,-0.21478265285394574
3064040100,2.875524578024186,-0.006812574162576707,0.44553321565468984,0.26602857532758456,0.20766441565431393,-0.21447698981689065
3065040100,2.8764269590343976,-0.006342210356854058,0.44585365132686205,0.3204356721722342,0.2077955143652872,-0.21413772472214126
3066040100,2.877329201910022,-0.00596578644121254,0.4461300476261018,0.2763962992396873,0.20792663844082782,-0.21389242488204036
3067040100,2.8782313255612957,-0.005461432458167408,0.4463889654586062,0.2589178325043413,0.2080577844458169,-0.21351921690398432
3068040100,2.8791333374650874,-0.004985326851242664,0.44669437364505404,0.3054081864478436,0.20818895511182234,-0.213174281963065
3069040100,2.880035217478692,-0.0045429549185573145,0.44693508276167415,0.2407091166201299,0.20832015151070848,-0.21286310642926579
3070040100,2.880936993483051,-0.004100808741040957,0.44718923911437874,0.25415635270460696,0.20845137069656872,-0.21255217943760968
3071040100,2.8818386596109704,-0.0036107856880524905,0.4474596513921964,0.2704122778176828,0.20858261671031997,-0.21219340239837245
3072040100,2.8827402087707656,-0.003241078373583127,0.44772956816121656,0.269916769020178,0.20871388868394902,-0.21195496705753214
3073040100,2.8836416411110286,-0.0028356884069294756,0.4479748419702809,0.24527380906428992,0.208845185569988,-0.21168087397691746
3074040100,2.884542967240238,-0.0023648849290985583,0.4482798092839529,0.30496731367194385,0.20897650737460083,-0.2113413923036994
3075040100,2.8854441612336585,-0.0019889113563887483,0.44856639959449557,0.28659031054265377,0.20910785562851686,-0.21109676698490562
3076040100,2.88634523097726,-0.001630553325305512,0.44881961746365334,0.25321786915779326,0.20923922653798854,-0.21086977986329405
3077040100,2.887246190877916,-0.0012049715809259584,0.449119772407823,0.30015494416969773,0.20937062123554284,-0.2105755928164688
3078040100,2.8881470205000506,-0.0007427220031755322,0.44942829309018023,0.30852068235722113,0.2095020418065019,-0.21024476380967744
3079040100,2.889047716128036,-0.00021637006901900136,0.44970262653024484,0.2743334400645981,0.2096334852540771,-0.2098498553230961
3080040100,2.8899482925377833,0.00022488892656902693,0.44995797587967173,0.2553493494269088,0.20976495101851,-0.20954006209194098
3081040100,2.8908487579183846,0.0006273441559054916,0.45018049543698496,0.22251955731324052,0.2098964412396782,-0.20926909708377273
3082040100,2.891749126496776,0.0011203406178968258,0.4504449541544013,0.26445871741630744,0.21002795709802768,-0.20890761648013087
3083040100,2.8926493799702766,0.0015929759884378883,0.450728285694792,0.2833315403907499,0.21015950065779165,-0.20856652466935377
3084040100,2.8935495100546826,0.001940964318944033,0.4509656375637581,0.23735186896610944,0.21029106923101892,-0.2083501049120749
3085040100,2.8944495367182284,0.0023419123370894647,0.45121250035158633,0.24686278782826243,0.21042266159122036,-0.2080807492541309
3086040100,2.8953494557629478,0.0028482238767127714,0.45152126576097856,0.30876540939219976,0.21055428064263282,-0.20770605676592005
3087040100,2.896249240125452,0.003273215505963649,0.4518030260142232,0.2817602532445944,0.21068592575747758,-0.20741271025151392
3088040100,2.8971489015104237,0.0037298595757530133,0.4520313682055954,0.22834219137225892,0.21081759296072633,-0.20708773338497333
3089040100,2.8980484631804,0.004171012687685544,0.45229979474750387,0.2684265419084584,0.21094928394803247,-0.20677827126034692
3090040100,2.8989479075709275,0.004651808978447953,0.45255175705500683,0.2519623075029571,0.21108100210985015,-0.2064291931314022
3091040100,2.8998472418165013,0.005074522783312021,0.45281085955879374,0.2591025037868927,0.2112127448600276,-0.2061382220767156
3092040100,2.900746462736252,0.005581262295546981,0.4530494546602644,0.23859510147069635,0.21134451322856407,-0.2057632509330171
3093040100,2.9016455792462814,0.00588083544073356,0.4533165219229911,0.2670672627266903,0.21147630673467432,-0.20559547129394076
3094040100,2.9025445788264017,0.00626574193533253,0.453540839008807,0.2243170858159052,0.2116081266708143,-0.20534238473548178
3095040100,2.9034434801443516,0.006727722165767869,0.45386841698674385,0.32757797793685844,0.21173997118681953,-0.20501224902105167
3096040100,2.9043422378854107,0.007127271457336111,0.45415283445594995,0.28441746920610766,0.21187184300628914,-0.20474457154895304
3097040100,2.9052408708885387,0.007489892895938233,0.45439806849214814,0.2452340361981779,0.2120037354654123,-0.20451384256947405
3098040100,2.9061393962801847,0.007928493915262192,0.45467399300394173,0.27592451179360733,0.2121356513109589,-0.20420715739569673
3099040100,2.907037800528416,0.00837325130559826,0.45496793172424393,0.2939387203022818,0.21226759304168752,-0.20389434173608925
3100040100,2.9079360756489314,0.008775221325391788,0.45522328027819914,0.2553485539551862,0.21239955865545213,-0.20362433733006033
3101040100,2.908834238531452,0.00929574113013787,0.4554749370046131,0.25165672641396747,0.2125315469628717,-0.20323580583273382
3102040100,2.9097322907414154,0.009774882082700765,0.455747458799701,0.27252179508797586,0.21266356042968582,-0.20288867834698504
3103040100,2.910630223038724,0.01019682564277436,0.45595994126933415,0.21248246963312434,0.2127955992713133,-0.20259877362853895
3104040100,2.9115280617950883,0.010586262336387476,0.4561924316482437,0.2324903789095173,0.2129276621139944,-0.2023413997776069
3105040100,2.912425798156004,0.010998088047233033,0.4564529529624899,0.2605213142461906,0.2130597528223248,-0.20206166477509177
3106040100,2.91332341971819,0.01143627192713982,0.4567292269508204,0.2762739883305203,0.21319187008083063,-0.20175559815369082
3107040100,2.914220919473669,0.011944898756876056,0.45699376028871774,0.26453333789732586,0.21332401204988827,-0.20137911329301222
3108040100,2.915118302534589,0.012460091783779876,0.4572445148135387,0.2507545248209343,0.21345617768221814,-0.20099608589843826
3109040100,2.9160155749212726,0.012952181566626385,0.4574593067726862,0.21479195914750238,0.21358836771488043,-0.20063618614825404
3110040100,2.916912752461471,0.013366791738597493,0.4576700618274276,0.2107550547414293,0.21372058301974306,-0.20035379128114555
3111040100,2.917809836897542,0.013897275333085303,0.45789166139134185,0.22159956391429098,0.2138528259156125,-0.1999555505825272
3112040100,2.9187068233957913,0.014362450748980508,0.458151449821645,0.25978843030319254,0.21398509664707888,-0.19962264589809836
3113040100,2.919603695022235,0.014901350873954883,0.4583525190327623,0.20106921111728054,0.2141173944889978,-0.19921604361504291
3114040100,2.9205004776994565,0.015375623667194254,0.4585855901332542,0.2330711004918884,0.21424971692979966,-0.1988740932626054
3115040100,2.9213971572250546,0.01581061833512219,0.4587809980232796,0.1954078900254318,0.2143820677807149,-0.1985714494455927
3116040100,2.9222937502303146,0.01622066135586757,0.45900804994034455,0.22705191706497607,0.21451444493319016,-0.19829378357732258
3117040100,2.923190242661277,0.0167125814574623,0.45925414883581434,0.24609889546980707,0.21464685083016022,-0.19793426937269792
3118040100,2.9240866260287497,0.01713123877409442,0.45951218265287525,0.2580338170609111,0.21477928338402563,-0.1976480446099312
3119040100,2.9249828949852397,0.017639224743318,0.45972857228286373,0.21638962998847766,0.21491174132701119,-0.19727251658369319
3120040100,2.9258790679495776,0.018129459681418325,0.4599810336011463,0.2524613182825471,0.21504422385423183,-0.1969147641728135
3121040100,2.926775128867039,0.018603802264749798,0.4601880918783666,0.2070582772203609,0.2151767336745074,-0.1965729314097576
3122040100,2.927671097845681,0.018968305149832304,0.46040332386744043,0.2152319890738016,0.21530926840034326,-0.19634096325051095
3123040100,2.9285669712154636,0.0193369281010648,0.4606258308709638,0.2225070035233721,0.2154418309925603,-0.19610490289149551
3124040100,2.929462745701101,0.01969112527124686,0.4609028077762166,0.27697690525273594,0.2155744208959689,-0.19588329562472204
3125040100,2.9303583970337086,0.020149615388234256,0.46117726623789446,0.27445846167785415,0.21570703761316423,-0.19555742222492997
3126040100,2.931253926265293,0.020667032664751183,0.46145850783608494,0.2812415981904695,0.21583967753662847,-0.1951726448718773
3127040100,2.9321493303081936,0.021194129139544965,0.46168696286362015,0.22845502753520924,0.2159723408059726,-0.19477821166642764
3128040100,2.9330446326070923,0.021623940365756107,0.4618851964763162,0.19823361269605422,0.2161050269474707,-0.1944810865817146
3129040100,2.933939846583437,0.02202424240096097,0.4620778131052842,0.1926166289679973,0.2162377394203716,-0.19421349701941065
3130040100,2.9348349747061655,0.02253123787415849,0.46231849132673836,0.24067822145412332,0.21637048020182093,-0.19383924232766242
3131040100,2.9357299955064575,0.022882893807996848,0.4625734031754623,0.254911848723948,0.21650324964665302,-0.19362035583865617
3132040100,2.9366249025807667,0.023361393991752286,0.46277423418482455,0.20083100936226195,0.21663604455795138,-0.19327465056619908
3133040100,2.9375197200156813,0.023871480804596605,0.4630523099750545,0.2780757902299168,0.21676886397112227,-0.19289738316652566
3134040100,2.9384144132739993,0.024439025777932086,0.4632662845297209,0.2139745546664622,0.2169017114477505,-0.19246268566981842
3135040100,2.9393090109334543,0.02493962932487809,0.46346372532289914,0.19744079317826568,0.21703458184633817,-0.19209495252146008
3136040100,2.9402035203446126,0.025292928830597163,0.46363157914766207,0.16785382476291172,0.2171674793965508,-0.19187455056595362
3137040100,2.941097954704266,0.025786832177405437,0.46383218184943875,0.2006027017766523,0.21730040517843818,-0.19151357300103275
3138040100,2.941992299336544,0.026242330402325577,0.4641060099402186,0.27382809077983955,0.21743336114258582,-0.19119103074026025
3139040100,2.942886521430445,0.02674259912435638,0.46430882930681866,0.2028193666000479,0.21756634509685924,-0.19082374597250285
3140040100,2.9437806527192287,0.027162103724052332,0.46453022020088436,0.22139089406570572,0.21769935214857128,-0.19053724842451894
3141040100,2.9446746848461713,0.027626074601898993,0.4647285028717734,0.19828267088903961,0.2178323870037957,-0.1902063124018967
3142040100,2.945568628124337,0.028023363255119643,0.4649666085660971,0.23810569432372491,0.21796544840682586,-0.1899420851517062
3143040100,2.946462464662926,0.028492091567540366,0.4651818325762987,0.21522401020159881,0.21809853788039746,-0.18960644631285709
3144040100,2.9473562046758834,0.028961256818528167,0.4654298833357247,0.24805075942603644,0.21823165274821932,-0.18927039592969114
3145040100,2.9482498333894176,0.029436149753587694,0.46564155573578664,0.21167240006192284,0.21836479451815904,-0.18892864476457136
3146040100,2.949143367082878,0.029905990423650143,0.46585235107066186,0.21079533487522117,0.21849796097578178,-0.18859197055213164
3147040100,2.9500368061101945,0.030306897447627462,0.46605961145438785,0.20726038372600258,0.21863115453353998,-0.18832425708591252
3148040100,2.9509301520201725,0.03072732460055458,0.4662687382264555,0.20912677206765734,0.21876437523188486,-0.18803705063133028
3149040100,2.9518234039353914,0.031177356282325513,0.4665118100192078,0.24307179275228746,0.2188976232895925,-0.187720267007267
3150040100,2.952716546549727,0.03164636361268838,0.4667445610689761,0.232751049768341,0.2190308985636591,-0.1873845349509707
3151040100,2.953609584454599,0.03211990399913674,0.46696188994968657,0.21732888071049522,0.21916419875713444,-0.18704429475799772
3152040100,2.9545025245444183,0.03247468845544309,0.4671690720515317,0.20718210184513225,0.21929752454130025,-0.18682283608585715
3153040100,2.9553953713467638,0.032988796073985076,0.46737331999147474,0.20424793994305968,0.2194308769322646,-0.1864420808582795
3154040100,2.9562881261452802,0.03343976348399828,0.46763651633575737,0.2631963442826275,0.21956425659378453,-0.18612449310978624
3155040100,2.957180762331643,0.03387789210935723,0.46781930327828597,0.18278694252857774,0.21969766370563093,-0.1858197715962737
3156040100,2.958073316106795,0.03436523563238749,0.4680330389296458,0.21373565135985573,0.21983109427789316,-0.18546585864550566
3157040100,2.958965773479399,0.034906149623018,0.4682525963074346,0.21955737778871504,0.21996455370878465,-0.18505840408576665
3158040100,2.959858131781193,0.03538608699126182,0.46844685289751803,0.1942565900834105,0.220098039894701,-0.18471195290343917
3159040100,2.9607504023927778,0.035854269446212374,0.4686135227757043,0.1666698781862938,0.22023155242385783,-0.18437728297764547
3160040100,2.9616425977403527,0.03631058874203586,0.468810001287026,0.19647851132168892,0.22036509298690277,-0.1840545042448669
3161040100,2.962534704331244,0.03674826626266016,0.46901170198815456,0.20170070112858002,0.22049866343315117,-0.18375039717049102
3162040100,2.96342671977057,0.037221815388827836,0.46921870371274926,0.20700172459468635,0.22063226173209927,-0.18341044634327142
3163040100,2.964318641624985,0.0377367597138521,0.4694344320928501,0.2157283801007832,0.2207658875134939,-0.1830291277996418
3164040100,2.9652104659085237,0.03814756194685915,0.4696315585647129,0.19712647186280052,0.22089954040086823,-0.1827519784540091
3165040100,2.9661022009982734,0.03863119012146344,0.46980723840726196,0.1756798425490712,0.2210332197845446,-0.18240202966308117
3166040100,2.966993856568986,0.039128581524179605,0.470034448298272,0.22720989101003097,0.22116692690811846,-0.18203834538393884
3167040100,2.9678854092554903,0.039525882219450734,0.4702245592463301,0.1901109480580936,0.22130066321139807,-0.18177478099194733
3168040100,2.968776875821404,0.039936947764059885,0.47040707585998626,0.18251661365615662,0.22143442517814194,-0.18149747741408206
3169040100,2.969668259676659,0.040379815667150425,0.47063912358163995,0.23204772165374543,0.2215682153112013,-0.18118839964405087
3170040100,2.9705595383324757,0.04083427801842182,0.47086374841095935,0.22462482931940286,0.22170203411150524,-0.18086775609308342
3171040100,2.971450715108328,0.04123253451405753,0.47107186829645475,0.2081198854954005,0.22183587819076678,-0.18060334367670924
3172040100,2.972341797450003,0.04169029486676557,0.47127356236079454,0.201694064339763,0.22196974803400238,-0.18027945316723681
3173040100,2.973232788236383,0.04213593496553225,0.47150284346163435,0.22928110083983394,0.2221036447469551,-0.17996770978142285
3174040100,2.9741236749008215,0.04253874283489148,0.4717017383415171,0.19889487988272314,0.22223756875019518,-0.1796988259153037
3175040100,2.9750144712044806,0.04293500927083142,0.4719060835613231,0.20434521980602383,0.22237151814216105,-0.17943650887132961
3176040100,2.9759051746344927,0.04338198207297782,0.472131319873241,0.22523631191786025,0.22250549497930194,-0.1791235129063241
3177040100,2.976795775652894,0.043914331546162685,0.4723593160452584,0.22799617201740863,0.22263949887185674,-0.17872516732569405
3178040100,2.9776862729588016,0.04434428111843926,0.47256134662406035,0.20203057880196118,0.22277352837220832,-0.17842924725376907
3179040100,2.978576678324943,0.044795706660626,0.4727199050312958,0.15855840723544412,0.22290758327117643,-0.17811187661055045
3180040100,2.979467011509114,0.04528063825106239,0.47292908429894703,0.2091792676512605,0.22304166532834202,-0.17776102707727964
3181040100,2.9803572494324806,0.04572696950741152,0.4731269044737718,0.19782017482485215,0.22317577750843753,-0.17744880800102603
3182040100,2.981247397232167,0.04616082453970119,0.4733072850471161,0.180380573344313,0.2233099163243395,-0.1771490917846383
3183040100,2.982137462823011,0.04665396364077362,0.47350635472052643,0.19906967341027215,0.22344408253812276,-0.17679011889734914
3184040100,2.9830274376537975,0.04712032157603053,0.4737110768272701,0.20472210674363228,0.22357827733167568,-0.17645795575564516
3185040100,2.9839173191106787,0.04762616636484351,0.47388545330089216,0.17437647362204922,0.22371249940463045,-0.17608633303978694
3186040100,2.984807121004907,0.04802889368241681,0.4740725697253983,0.18711642450613497,0.22384674835089768,-0.17581785466848088
3187040100,2.985696837493539,0.04849820031217453,0.4742392129680975,0.16664324269922948,0.22398102624296,-0.17548282593078549
3188040100,2.9865864778949285,0.04896065840095673,0.47445689252046314,0.21767955236560455,0.22411533218852142,-0.1751546737875647
3189040100,2.9874760188693155,0.049425487974366626,0.4746406264421177,0.18373392165453745,0.22424966758390852,-0.17482417960954189
3190040100,2.988365475888854,0.0499373666896486,0.474827143113786,0.1865166716683509,0.22438402889354236,-0.17444666220389377
3191040100,2.989254847651291,0.05042689060791211,0.4750118260637363,0.18468294995032297,0.2245184184426101,-0.174091527834698
3192040100,2.9901441349643383,0.050870753091724466,0.4751722435841351,0.16041752039881418,0.2246528360235054,-0.17378208293178093
3193040100,2.991033348899157,0.05131818833560061,0.4753431423062822,0.17089872214706736,0.22478728174742457,-0.17346909341182395
3194040100,2.991922484636258,0.05178209215783326,0.475536266983647,0.19312467736482264,0.22492175727809993,-0.17313966512026668
3195040100,2.9928115319745108,0.05220175925012441,0.4757269942649316,0.19072728128459587,0.22505626187705374,-0.17285450262692933
3196040100,2.9937004919787302,0.052693785461134776,0.4759088429927306,0.18184872779903094,0.22519079399044273,-0.17249700852930794
3197040100,2.9945893686842915,0.05311723622125321,0.47611225357276016,0.20341058002954965,0.2253253537681097,-0.1722081175468565
3198040100,2.995478152179622,0.05358137145917309,0.4762787834927024,0.1665299199422411,0.2254599418099481,-0.17187857035077503
3199040100,2.9963668593374235,0.05406665003392613,0.4764790375447398,0.20025405203739388,0.22559455660386973,-0.1715279065699436
3200040100,2.9972554746658724,0.05460033080160159,0.4766583036930301,0.179266148290266,0.22572920069454483,-0.17112886989294324
3201040100,2.9981440077590427,0.05508022547074721,0.47682631155231237,0.16800785928225703,0.22586387172411904,-0.17078364625337183
3202040100,2.9990324637555617,0.05558384789548699,0.4769693337651067,0.14302221279440863,0.22599857113541688,-0.1704147232399299
3203040100,2.9999208541012603,0.05604806725311029,0.47713857282751215,0.1692390624054576,0.2261332996972918,-0.1700852324441815
3204040100,3.0008091667384664,0.05646128889396545,0.4772952247996834,0.15665197217117366,0.22626805913642656,-0.1698067702424611
3205040100,3.0016974074240443,0.05684373587990154,0.4774709348242058,0.17571002452236284,0.2264028476147395,-0.16955911173483795
3206040100,3.0025855673785267,0.05729199078329065,0.4776716013603762,0.20066653617043595,0.22653766599628256,-0.16924567521299191
3207040100,3.003473635101945,0.05778029958017474,0.4778871749184124,0.21557355803624434,0.22667251293879787,-0.16889221335862312
3208040100,3.0043616037028373,0.05820652968653372,0.47806923198228657,0.18205706387412196,0.22680738668518785,-0.16860085699865413
3209040100,3.005249488560228,0.0586112677697335,0.4782305686312496,0.16133664896296523,0.22694228617647028,-0.16833101840673678
3210040100,3.0061372991805992,0.0590380820881454,0.4784223748366912,0.19180620544159732,0.22707721373725676,-0.16803913164911136
3211040100,3.0070250215137024,0.05949680059110051,0.4786244014674196,0.20202663072840227,0.22721217080213663,-0.1677153702110361
3212040100,3.0079126508198204,0.059964248617545714,0.47881482101808154,0.19041955066196486,0.2273471552249582,-0.16738290660741248
3213040100,3.0088001924104866,0.06037675665192229,0.47898865468728247,0.17383366920093601,0.22748216627335793,-0.16710540962143564
3214040100,3.0096876538977733,0.06077370822637433,0.4791574720335714,0.1688173462889036,0.22761720474361624,-0.1668434965172419
3215040100,3.010575037567558,0.06121493925728457,0.47935321814769566,0.19574611412424675,0.22775227178317792,-0.16653733252589334
3216040100,3.0114623309751805,0.061638931185322966,0.47955623300736405,0.20301485966842114,0.22788736772989182,-0.16624843654456886
3217040100,3.0123495307329713,0.06213492560048466,0.4797365103222111,0.18027731484704973,0.22802249067844116,-0.1658875650779565
3218040100,3.0132366472990046,0.0625925930796708,0.4799248429514528,0.18833262924171484,0.22815764010109163,-0.16556504702142083
3219040100,3.0141236769252386,0.06310710495020161,0.48007646588419844,0.15162293274559446,0.22829281757960374,-0.16518571262940213
3220040100,3.015010636535072,0.06355872786494791,0.4802466213328612,0.17015544866285337,0.22842802253197902,-0.1648692946670311
3221040100,3.015897517546282,0.06400190721962183,0.480387609708947,0.14098837608579495,0.22856325752778162,-0.16456135030815977
3222040100,3.0167843334123425,0.06443298337836419,0.4805594248088008,0.1718150998538034,0.22869852124908263,-0.16426553787071846
3223040100,3.0176710698656133,0.0649189168495282,0.4807348602201733,0.17543541137247076,0.22883381573869244,-0.16391489888916422
3224040100,3.0185577252057794,0.06534438005048876,0.4809157710503277,0.18091083015439546,0.22896913881078973,-0.16362475876030097
3225040100,3.019444296872684,0.06578817330127858,0.48106856629471684,0.1527952443891465,0.2291044901956809,-0.16331631689440235
3226040100,3.020330797847494,0.06631233543080327,0.48125103060697255,0.18246431225570403,0.22923986949204078,-0.1629275340612375
3227040100,3.0212172143764335,0.06678874969018243,0.4814237270221391,0.17269641516655876,0.22937527867230045,-0.162586528982118
3228040100,3.0221035509529757,0.06720344530467855,0.48155547643398955,0.1317494118504705,0.22951071562578917,-0.16230727032111064
3229040100,3.0229898265163744,0.06767869334502512,0.4817104317129155,0.15495527892599137,0.2296461810285919,-0.16196748768356678
3230040100,3.023876030300307,0.068184640555391,0.4818957020785167,0.1852703656011524,0.22978167776646785,-0.16159703721107685
3231040100,3.0247621482340774,0.06859718843863254,0.4820500323961242,0.154330317607556,0.22991720418512784,-0.1613200157464953
3232040100,3.0256481946313936,0.0690858268047396,0.48218828712753076,0.13825473140653483,0.2300527581227385,-0.1609669313179989
3233040100,3.0265341769258223,0.0695996853359295,0.48237270129408355,0.18441416655277076,0.2301883417589501,-0.1605886564230206
3234040100,3.0274200736888206,0.07003910632475943,0.48251837895904426,0.14567766496068651,0.2303239562227546,-0.16028484989799516
3235040100,3.028305902865107,0.07051468017216234,0.4826507054671252,0.13232650808094887,0.23045959822469797,-0.15994491805253563
3236040100,3.029191670632617,0.07108543829266552,0.4828196569574818,0.16895149035660245,0.23059527050264705,-0.15950983220998155
3237040100,3.0300773599722475,0.07158836074801524,0.48296986735341585,0.15021039593405894,0.2307309739947634,-0.15914261324674817
3238040100,3.0309629795624504,0.07212341630504016,0.4830716311106266,0.10176375721077935,0.23086670608487125,-0.1587432897798311
3239040100,3.0318485518878195,0.07262921199176466,0.48320659261867943,0.13496150805278506,0.23100246809358538,-0.15837325610182074
3240040100,3.0327340615152987,0.07310885944738614,0.4833247039481011,0.11811132942168623,0.23113826346049393,-0.15802940401310778
3241040100,3.0336195162595945,0.07358826127695398,0.4834567218911306,0.1320179430294921,0.23127408981234154,-0.15768582853538757
3242040100,3.0345049096440544,0.07398328348075192,0.4836011417999735,0.14441990884296063,0.23140994834055206,-0.15742666485980014
3243040100,3.0353902358867693,0.07437162877582108,0.48374501352342203,0.1438717234485452,0.23154583804423723,-0.15717420926841613
3244040100,3.036275495224233,0.07486694979658041,0.4839305723824926,0.18555885907058073,0.2316817580279924,-0.15681480823141197
3245040100,3.0371606682434513,0.0753937954865383,0.4841189799853399,0.18840760284734115,0.23181770831974546,-0.15642391283320717
3246040100,3.0380457535880616,0.07580950752467845,0.48425319613788315,0.1342161525431952,0.23195368592852006,-0.1561441784038416
3247040100,3.0389307764566427,0.07623067209659541,0.48437088187817545,0.11768574029232803,0.23208969063483664,-0.15585901853824125
3248040100,3.0398157445307867,0.07662239467526478,0.48454358857848395,0.1727067003085231,0.23222572630128724,-0.15560333162602247
3249040100,3.040700632170564,0.07709476388969147,0.4847130142341602,0.16942565567621548,0.2323617941013829,-0.15526703021169144
3250040100,3.0415854408784027,0.07764910462612588,0.4848966656437256,0.1836514095653865,0.23249789008440302,-0.15484878545827713
3251040100,3.0424701639981286,0.07813269435239928,0.4850393352804117,0.14266963668612992,0.23263401447131216,-0.15450132011891288
3252040100,3.043354820608116,0.07850981552417315,0.4851401969253395,0.1008616449277242,0.23277016622760982,-0.1542603507034367
3253040100,3.044239430187552,0.07900381303358826,0.4852757528841021,0.13555595876256266,0.23290634827969114,-0.15390253524610287
3254040100,3.045123976544727,0.07943844133259907,0.4854640763897668,0.1883235056647714,0.23304256361917197,-0.1536041222865729
3255040100,3.0460084350422862,0.07993973574408123,0.4855932628059708,0.12918641620400861,0.23317880974605387,-0.15323907400197265
3256040100,3.046892833251646,0.08047933986290592,0.48575155245673335,0.1582896507624555,0.2333150828559205,-0.15283574299301458
3257040100,3.047777157570904,0.08092983687496605,0.4858757925001493,0.12424004341592682,0.23345138718750036,-0.1525215503125343
3258040100,3.0486614238790013,0.08139671068354441,0.48598008670117604,0.10429420102676462,0.23358772063607347,-0.15219100995252904
3259040100,3.049545641478674,0.08185625484275803,0.4861283206869548,0.14823398577870822,0.23372408564141978,-0.15186783079866173
3260040100,3.0504297898322146,0.08227116001606212,0.48626772103525445,0.13940034829971504,0.23386048363164846,-0.15158932361558636
3261040100,3.0513138730484495,0.08275114507191143,0.4864101564083398,0.14243537308531407,0.23399691143137957,-0.15124576635946813
3262040100,3.052197889691464,0.08321465296126433,0.48657436922438396,0.16421281604416016,0.23413336966622822,-0.15091871670496387
3263040100,3.053081829560388,0.08373363640369266,0.48670537026307226,0.13100103868828616,0.23426985810635514,-0.15053622170266248
3264040100,3.053965708165565,0.08432019474043115,0.4868439709487494,0.13860068567719475,0.2344063751677794,-0.15008618042734825
3265040100,3.0548495219364415,0.08474765236795168,0.48695408323577555,0.11011228702614367,0.2345429232372993,-0.14979527086934763
3266040100,3.055733284187151,0.08518931739826169,0.48702952355916,0.07544032338444567,0.2346795017554868,-0.1494901843572251
3267040100,3.056617011134088,0.08567396292131159,0.48718394770326856,0.154424144108552,0.23481611277267334,-0.14914214985136176
3268040100,3.057500665799546,0.08620392738095577,0.48733067428745563,0.1467265841870865,0.2349527587904383,-0.14874883140948253
3269040100,3.058384251767007,0.08668113858045325,0.48745523212655145,0.1245578390957971,0.23508943408457128,-0.14840829550411805
3270040100,3.059267779401042,0.08717807276082741,0.48755635855720314,0.10112643065161364,0.2352261392004884,-0.148048066439661
3271040100,3.0601512596650595,0.08766766807703338,0.48768319551665307,0.12683695944990658,0.23536287573387682,-0.14769520765684344
3272040100,3.0610346805028654,0.08809137351546936,0.4877994662991063,0.1162707824532242,0.23549964537503598,-0.14740827185956662
3273040100,3.0619180468524863,0.08861663979549164,0.48791871741617887,0.11925111707259267,0.23563644625107827,-0.14701980645558663
3274040100,3.0628013573048376,0.08917790553145803,0.4880703552804532,0.15163786427437198,0.23577327911969448,-0.14659537358823643
3275040100,3.063684596660949,0.08964768703369054,0.4881704518533985,0.10009657294537094,0.2359101437558806,-0.14626245672219007
3276040100,3.0645677890751077,0.09005862105579246,0.48825171577995724,0.08126392655870207,0.23604703779675518,-0.14598841674096272
3277040100,3.0654509433726886,0.09048288823125776,0.4883780707508044,0.12635497084717917,0.23618396497874627,-0.1457010767474885
3278040100,3.0663340383923012,0.09092224421598295,0.4885333180185949,0.15524726779048997,0.2363209266651083,-0.14539868244912535
3279040100,3.0672170605601563,0.09131820539125514,0.48868134135091096,0.14802333231605047,0.23645791956824525,-0.14513971417699012
3280040100,3.0681000132463576,0.09172078275359465,0.4888212311608214,0.13988980991042044,0.23659494157424632,-0.1448741588206517
3281040100,3.068982900250972,0.09220874548300219,0.48898231504855183,0.16108388773042703,0.2367319931971359,-0.14452324771413372
3282040100,3.069865711601475,0.09267937119894493,0.48913957459971397,0.15725955116211532,0.23686907501832266,-0.14418970381937773
3283040100,3.070748449071894,0.09308608194785403,0.4892534548046742,0.11388020496025386,0.23700618548055985,-0.14392010353270582
3284040100,3.0716311330280917,0.09355627465968,0.48937535080638467,0.12189600171044834,0.23714332484995992,-0.14358705019027992
3285040100,3.072513759690627,0.09399139980693359,0.48952867960243435,0.15332879604969601,0.2372804962825903,-0.14328909647565669
3286040100,3.073396314266808,0.09442139030209026,0.48964961740608237,0.12093780364802059,0.2374176991843555,-0.14299630888226525
3287040100,3.0742788119703732,0.09486491121867814,0.48978750888209305,0.137891476010651,0.23755493124772187,-0.14269002002904374
3288040100,3.0751612448128838,0.09537312291020457,0.4899273967480891,0.1398878659961122,0.23769219483033055,-0.142319071920126
3289040100,3.0760436118381382,0.09588424826359881,0.4900599226483228,0.1325259002337139,0.2378294886821486,-0.14194524041854978
3290040100,3.0769259164940146,0.09634549249013916,0.4901593764600125,0.0994538116896958,0.23796681264628106,-0.1416213201561419
3291040100,3.077808174334731,0.09673299834950776,0.490256640894147,0.09726443413446628,0.2381041672513753,-0.14137116890186752
3292040100,3.0786903863824366,0.09723201636826699,0.4903782134329464,0.12157253879941693,0.23824155491221788,-0.14100953854395087
3293040100,3.0795725411809114,0.09768342851997293,0.49053617144680883,0.15795801386240893,0.23837897578246725,-0.14069554726249434
3294040100,3.0804546215765436,0.0982058190859759,0.4906376667913823,0.10149534457346931,0.23851642807138518,-0.14031060898540926
3295040100,3.0813366541532874,0.09863934812004366,0.49076235285909114,0.12468606770883328,0.23865390909800155,-0.1400145609779579
3296040100,3.082218627972543,0.09907297968189704,0.49085079426942185,0.0884414103307336,0.23879142299815115,-0.1397184433162541
3297040100,3.083100560106054,0.0996361808236177,0.490983090852219,0.1322965827971464,0.2389289680599802,-0.13929278723636251
3298040100,3.08398242987036,0.10013190515081064,0.491114759578963,0.1316687267440021,0.23906654693979945,-0.13893464178898882
3299040100,3.084864237546129,0.10049869771607702,0.4911808091802446,0.0660496012816616,0.23920415640476023,-0.13870545868868323
3300040100,3.0857460140703763,0.10095617650506801,0.4912798962516364,0.09908707139181555,0.2393417964909652,-0.1383856199858972
3301040100,3.0866277438541507,0.10137240471241331,0.4914430062096556,0.16310995801908434,0.23947947202177744,-0.13810706730936412
3302040100,3.0875093966782914,0.10184623770055198,0.4915601511715996,0.11714496194403712,0.23961718055872794,-0.13777094285817595
3303040100,3.088390994215838,0.1023417839497715,0.49169738088809484,0.13722971649521531,0.239754917374551,-0.1374131334247795
3304040100,3.089272526972399,0.10287445504836598,0.49180515016128507,0.10776927319020485,0.23989268584690748,-0.1370182307985415
3305040100,3.0901540088435024,0.10334530735362048,0.49190136307664784,0.09621291536274712,0.2400304844847092,-0.13668517713108874
3306040100,3.0910354452770687,0.10376408492771773,0.49197823890512415,0.07687582847630864,0.24016831545297634,-0.13640423052525863
3307040100,3.0919168453993713,0.10428718991966111,0.4920853742528292,0.10713534770503996,0.24030617959780187,-0.13601898967814074
3308040100,3.092798194909045,0.10475720786115011,0.49221800172753355,0.1326274747043068,0.24044407834185222,-0.1356868704807021
3309040100,3.0936794817491466,0.10519841831658659,0.49229771238043146,0.07971065289784907,0.24058200944250174,-0.13538359112591514
3310040100,3.0945607309166494,0.1056890257928333,0.49240331856317443,0.10560618274297184,0.24071997100591958,-0.13503094521308628
3311040100,3.0954419301642653,0.1061835725271644,0.4925227372225437,0.11941865936933627,0.2408579669392381,-0.1346743944120737
3312040100,3.0963230729510176,0.1066212579120654,0.49261676933337245,0.09403211082873486,0.24099599531947646,-0.13437473740741107
3313040100,3.0972041712707643,0.10711809976347429,0.49270813500191063,0.09136566853824651,0.24113405511563357,-0.13401595535215927
3314040100,3.0980852263769814,0.10763879108954512,0.49282734780194587,0.11921280003519397,0.2412721482008635,-0.1336333571113184
3315040100,3.0989662250876577,0.10807893509062551,0.49291628151573114,0.08893371378529169,0.2414102747664515,-0.133331339675826
3316040100,3.0998471817186504,0.10858795503577878,0.49299254210284355,0.07626058711240402,0.24154843273982607,-0.1329604777040473
3317040100,3.100728102260799,0.1091124517964714,0.49310848808428903,0.11594598144549417,0.24168662436009214,-0.13257417256362075
3318040100,3.101608967923945,0.1095685620847898,0.49318927126049406,0.08078317620501774,0.24182485056248737,-0.13225628847769758
3319040100,3.102489795344181,0.11001122464572044,0.4932615607788774,0.07228951838334463,0.24196310839323942,-0.13195188374751898
3320040100,3.1033705885375475,0.11048267527701547,0.49336742364271113,0.10586286383372262,0.2421014004579618,-0.13161872518094633
3321040100,3.1042513315997895,0.11103306881513311,0.49347941874623147,0.11199510352034914,0.24223972738306188,-0.13120665856792876
3322040100,3.105132021616254,0.11152239949180359,0.49357637099734614,0.09695225111461564,0.24237808666587313,-0.13085568717406953
3323040100,3.106012665702973,0.11200637650502315,0.4936330439053944,0.05667290804828368,0.24251647784229036,-0.1305101013372672
3324040100,3.1068932829378766,0.11248834937232786,0.4937195623119688,0.0865184065743485,0.24265490202459716,-0.13016655265226929
3325040100,3.1077738591746127,0.11292722788905715,0.49380808294755163,0.0885206355827709,0.24279336220741143,-0.12986613431835428
3326040100,3.1086543934575697,0.11338952163125918,0.4938969366309766,0.08885368342493982,0.24293185616269497,-0.1295423345314358
3327040100,3.109534885621963,0.11387166421510714,0.494006753606801,0.10981697582440669,0.24307038373530787,-0.12919871952020073
3328040100,3.110415325721134,0.11435277445934568,0.4941042322462145,0.09747863941353557,0.24320894489441613,-0.12885617043507047
3329040100,3.1112957195959052,0.11482066619588031,0.4941911160952033,0.08688384898876933,0.24334753806913056,-0.12852687187325024
3330040100,3.112176072263278,0.11526224451584542,0.4942778470876608,0.08673099245752214,0.2434861641729853,-0.12822391965713986
3331040100,3.1130563837891208,0.1157148371822149,0.49437054526727503,0.0926981796142442,0.24362482399081742,-0.12790998680860252
3332040100,3.1139366513355307,0.11614206817985777,0.4944758111751585,0.10526590788345036,0.24376351752819758,-0.1276214493483398
3333040100,3.1148168689307423,0.11661092735250332,0.4945749589713558,0.09914779619731645,0.24390224433303587,-0.12729131698053253
3334040100,3.1156970394690267,0.11709483804564613,0.4946862272272599,0.11126825590405587,0.2440410034586158,-0.12694616541296966
3335040100,3.1165771571875407,0.1175549597082817,0.49477603735593934,0.0898101286794104,0.24417979535539658,-0.12662483564711488
3336040100,3.1174572322646514,0.11801251097933017,0.4948576478723779,0.08161051643849615,0.2443186191086575,-0.1263061081293273
3337040100,3.1183372685873376,0.11847755855422772,0.49495052623649133,0.09287836411342304,0.24445747631817483,-0.12597991776394712
3338040100,3.1192172607977007,0.11895783306125988,0.4950440691364034,0.09354289991211451,0.24459636759250358,-0.12563853453124368
3339040100,3.1200972085724477,0.11947092704787449,0.4951332286041957,0.08915946779217254,0.24473529208120937,-0.12526436503333488
3340040100,3.1209771139866707,0.11990027970494768,0.49521410851307235,0.08087990887669194,0.24487424972803495,-0.12497397002308727
3341040100,3.1218569809680172,0.12036588906194401,0.49527784698853816,0.06373847546582112,0.2450132408555774,-0.1246473517936334
3342040100,3.122736817657775,0.12087282465673993,0.49538289214607406,0.10504515753588867,0.2451522660795682,-0.12427944142282826
3343040100,3.1236166044172227,0.12134902579308143,0.4954691728336065,0.08628068753247742,0.2452913266825263,-0.12394230088944486
3344040100,3.1244963501582705,0.12182303753229153,0.49553407234173913,0.06489950813266054,0.2454304195558592,-0.12360738202356768
3345040100,3.1253760650413542,0.12228862317668612,0.4956136809977604,0.07960865602126066,0.24556954610314108,-0.12328092292645496
3346040100,3.126255742067611,0.12277313253888698,0.49569373141893797,0.0800504211775909,0.24570870792711474,-0.12293557538822776
3347040100,3.127135381021344,0.12314961054565134,0.4957773596782283,0.0836282592903913,0.24584790391677558,-0.12269829337112424
3348040100,3.128014980194888,0.1235824224285744,0.49585085253471406,0.07349285648576395,0.2459871340336406,-0.12240471160506619
3349040100,3.128894544404362,0.12403901776117342,0.4959779036367404,0.12705110202630618,0.24612639800293934,-0.12208738024176592
3350040100,3.1297740481583376,0.12454157280758112,0.49607621763107695,0.09831399433657673,0.2462656965829204,-0.1217241237753393
3351040100,3.1306535051212245,0.1250766568552198,0.4961620226124115,0.08580498133451961,0.24640502573076972,-0.12132836887554993
3352040100,3.1315329212395553,0.1255554269406882,0.4962241365689787,0.06211395656718263,0.24654438760467912,-0.12098896066399092
3353040100,3.1324123077866,0.12601674397848384,0.496269210943613,0.0450743746342776,0.24668378314180828,-0.12066703916332444
3354040100,3.133291672872459,0.12642006202895148,0.4963417803818456,0.07256943823262091,0.24682321412510078,-0.1204031520961493
3355040100,3.1341710034021992,0.1269327196184838,0.4964224502948873,0.08066991304166116,0.246962681837811,-0.12002996221932721
3356040100,3.135050295513102,0.12735914116275596,0.49653161036562626,0.1091600707390114,0.247102184200088,-0.11974304303733205
3357040100,3.1359295356276933,0.12787061168299588,0.4965853716811618,0.05376131553555252,0.24724172059498883,-0.11937110891199296
3358040100,3.1368087501302595,0.12833181749588216,0.4966816942653406,0.09632258417879808,0.24738128886253463,-0.11904947136665248
3359040100,3.137687918738151,0.12877583984390104,0.49673476449335263,0.05307022801201605,0.2475208931864401,-0.11874505334253907
3360040100,3.1385670620562665,0.12928997733722525,0.49681234190024337,0.07757740689071341,0.24766053034211666,-0.11837055300489141
3361040100,3.1394461684016437,0.12982282591178826,0.4968979186850687,0.08557678482526782,0.24780020359819588,-0.11797737768640762
3362040100,3.1403252339557093,0.1302440656238288,0.4969477070189682,0.049788333899445036,0.24793991109514124,-0.11769584547131245
3363040100,3.1412042757745415,0.13069213773035254,0.49698737065052606,0.03966363155788194,0.24807965222163375,-0.11738751449128121
3364040100,3.142083298683257,0.13119146317687538,0.4970822925309477,0.09492188042160099,0.24821942968544164,-0.11702796650856626
3365040100,3.1429622763312026,0.13164896186625283,0.49716319979349993,0.08090726255224456,0.24835924425173772,-0.11671028238548489
3366040100,3.143841215394594,0.1320247348148992,0.4972177799155363,0.054580122036344714,0.24849909172573703,-0.11647435691083782
3367040100,3.144720128425555,0.13255320082027436,0.49729265456756616,0.07487465202990135,0.24863897316475558,-0.11608577234448123
3368040100,3.145599005740187,0.13301939909277274,0.497407937289452,0.11528272188579874,0.24877889056286406,-0.11575949147009132
3369040100,3.146477828053602,0.13351900956471205,0.49744611436530384,0.03817707585184443,0.2489188423750761,-0.11539983281036406
3370040100,3.1473566321502164,0.13397909433815205,0.4975147900217253,0.06867565642143719,0.24905882552512182,-0.11507973118696976
3371040100,3.1482354034739215,0.13448952289985874,0.4975660559926993,0.05126597097402136,0.24919884586804741,-0.11470932296818867
3372040100,3.1491141503301416,0.1349760868837492,0.4976364632805019,0.07040728780258537,0.24933890108198398,-0.11436281419823477
3373040100,3.149992863579621,0.13548276752868207,0.49768097536298106,0.04451208247918775,0.24947899248755334,-0.11399622495887127
3374040100,3.1508715555803866,0.13596744200109392,0.4977367448850281,0.05576952204705837,0.24961911862463637,-0.11365167662354245
3375040100,3.151750220956023,0.1364725081715923,0.4977817403332951,0.04499544826699026,0.24975928146103854,-0.11328677328944625
3376040100,3.152628864848228,0.13703170931694222,0.49783706819421014,0.055327860915048654,0.24989948013672603,-0.1128677708197838
3377040100,3.1535074823212708,0.1374743132454941,0.497881488390735,0.04442019652482865,0.2500397154696614,-0.1125654022241673
3378040100,3.154386078581636,0.13794490174825352,0.49789802149683315,0.01653310609816555,0.25017998666965724,-0.11223508492140372
3379040100,3.1552646669462434,0.13838817346420776,0.49797226647940346,0.07424498257029372,0.25032029456552607,-0.11193212110131831
3380040100,3.156143219850524,0.13887608259376463,0.49803187696159273,0.059610482189254244,0.25046064128277834,-0.11158455868901371
3381040100,3.157021744280592,0.13939144766052403,0.4981045593978789,0.07268243628615895,0.25060102241611304,-0.11120957475558901
3382040100,3.1579002339881272,0.1397289721999236,0.49815424527941243,0.04968588153360959,0.25074143907828983,-0.11101246687836622
3383040100,3.158778699956588,0.14017698783434748,0.49818947105995665,0.03522578054422987,0.25088189026715924,-0.11070490243281175
3384040100,3.1596571490934524,0.14061724762315697,0.498313240220826,0.12376916086938111,0.25102237773558755,-0.11040513011243058
3385040100,3.1605355390822445,0.14112202020014925,0.49838116691763074,0.06792669680470415,0.2511629025863229,-0.11004088238617366
3386040100,3.161413896603813,0.14162567186296013,0.49845239075852005,0.07122384088926081,0.2513034580456903,-0.10967778618273019
3387040100,3.162292220077855,0.14214698569627116,0.4984906450753987,0.03825431687865499,0.25144404837760703,-0.10929706268133588
3388040100,3.1631705252631352,0.14261457199644573,0.4985287511629809,0.03810608758220829,0.25158467332542855,-0.10897010132898283
3389040100,3.1640488122292414,0.14313073524742292,0.4985572820954944,0.0285309325135622,0.25172533540951036,-0.10859460016208744
3390040100,3.164927085553385,0.14361636556044544,0.49861204151427413,0.05475941877974877,0.251866034639356,-0.10824966907891054
3391040100,3.165805332692506,0.1441296525454911,0.4986417801024922,0.02973858821807185,0.2520067717468919,-0.1078771192014008
3392040100,3.1666835656100374,0.14455713621858055,0.49868611431212184,0.04433420962960044,0.2521475447203194,-0.10759040850173887
3393040100,3.1675617773246167,0.14496852988209155,0.49871589309066244,0.02977877854058597,0.25228835547532924,-0.10731982559323769
3394040100,3.1684399747964482,0.14546276113115716,0.49878801907013615,0.07212597947368343,0.2524292028910011,-0.10696644175984396
3395040100,3.169318137768267,0.145910822944265,0.4988676672922344,0.07964822209825878,0.2525700880820487,-0.10665926513778373
3396040100,3.1701962626366518,0.14638457202355087,0.49890520891712725,0.0375416248927774,0.2527110077962078,-0.10632643577265694
3397040100,3.171074369543321,0.14689557612157292,0.4989652382373568,0.06002932022951146,0.2528519614511282,-0.10595638532955529
3398040100,3.17195244772651,0.1473472774025542,0.4990117753040292,0.04653706667241264,0.25299295227690877,-0.10564567487435456
3399040100,3.1728305036399624,0.14787407402470024,0.49903896342021914,0.027188116189930833,0.25313397854328556,-0.10525990451858533
3400040100,3.173708546541998,0.1483340027976843,0.49909519931519836,0.05623589497921544,0.25327504128414446,-0.10494103848646016
3401040100,3.174586562529162,0.14884431786672786,0.49911313430907367,0.017934993875325544,0.25341614198531204,-0.10457182411858418
3402040100,3.1754645699319353,0.14932269181174407,0.4991638845515407,0.050750242467010265,0.2535572784106428,-0.10423458659889873
3403040100,3.176342553042124,0.14979984691412734,0.4991887211507721,0.024836599231428336,0.25369845350509834,-0.103898606590971
3404040100,3.1772205242629705,0.1502632149061637,0.4992288732488785,0.04015209810637832,0.2538396647415553,-0.10357644983539158
3405040100,3.178098476261761,0.150705841284259,0.4992689809515702,0.04010770269168795,0.25398091411329204,-0.10327507282903303
3406040100,3.178976409058336,0.1512175369377754,0.49931535703983465,0.04637608826445688,0.25412220043933686,-0.10290466350156147
3407040100,3.1798543196498437,0.15173512608393028,0.4993715197321196,0.05616269228491266,0.25426352372111083,-0.10252839763718055
3408040100,3.180732203347888,0.15218395207073177,0.49939242551981505,0.0209057876954597,0.2544048834732706,-0.10222093140253885
3409040100,3.1816100770345046,0.152582046794438,0.49940965033759627,0.01722481778113455,0.2545462789383919,-0.10196423214395389
3410040100,3.182487942472159,0.15312505651380556,0.4994606597304915,0.05100939289520812,0.2546877128339027,-0.10156265632009712
3411040100,3.183365783479897,0.1535204106398826,0.4995365406484727,0.07588091798121899,0.2548291854433593,-0.10130877480347672
3412040100,3.1842435881417788,0.15397514158985015,0.49953918035137634,0.002639702903633079,0.2549706941577483,-0.10099555256789816
3413040100,3.18512139153919,0.15445300287560207,0.49961515821256813,0.07597786119172167,0.2551122370529022,-0.10065923417730013
3414040100,3.1859991585390706,0.15496795279674033,0.4996608383760874,0.0456801635192674,0.25525381978387074,-0.1002858669871304
3415040100,3.1868769036532276,0.15536824499920582,0.4996943007325122,0.033462356424846684,0.25539543668224596,-0.10002719168304014
3416040100,3.187754632734146,0.15580252627094085,0.49970848918890176,0.01418845638948879,0.25553709008620373,-0.09973456381526288
3417040100,3.188632355016474,0.15644981579098302,0.4997795074798219,0.07101829092014089,0.2556787809385064,-0.09922896514752336
3418040100,3.1895100432667762,0.1569485697691669,0.49983296477944084,0.05345729961893758,0.25582051072919043,-0.09887194096002352
3419040100,3.190387705897374,0.1574642936949395,0.49977892630463816,-0.05403847480264429,0.25596227505882396,-0.09849798136388446
3420040100,3.191265394426194,0.15793799181261792,0.4997984588909423,0.019532586304136956,0.2561040752829413,-0.0981660834703234
3421040100,3.1921430735942153,0.158402642925917,0.49980877660329065,0.010317712348387575,0.2562459197259592,-0.09784327680004223
3422040100,3.19302074781744,0.1589552540071229,0.49983946562178705,0.030689018496425136,0.2563878026916129,-0.09743254868448997
3423040100,3.193898407332303,0.15940176754932286,0.4998740518674958,0.03458624570867941,0.2565297248936673,-0.09712795734434446
3424040100,3.194776050269984,0.15989468120542397,0.49986385636969316,-0.010195497802644282,0.25667168475284186,-0.09677700354741789
3425040100,3.1956536980944743,0.16041740057631493,0.4999061193625875,0.0422629928943245,0.2568136819655855,-0.09639628138927059
3426040100,3.1965313256612724,0.1609035003386624,0.4999244991424291,0.018379779841602717,0.2569557200047008,-0.09605221966603839
3427040100,3.1974089444177007,0.16135707226371365,0.499927235115398,0.0027359729689296897,0.2570977948006288,-0.09574072253691512
3428040100,3.198286561862612,0.1618958698187546,0.4999476112211122,0.02037610571418358,0.25723990820539555,-0.09534403838664096
3429040100,3.1991641695398165,0.16234734374830365,0.49998364763285325,0.03603641174112937,0.25738206143346787,-0.09503471768516422
3430040100,3.2000417599413318,0.16284246332530963,0.49997629785259834,-0.007349780254883642,0.25752425311524973,-0.0946817897899401
3431040100,3.2009193538663903,0.1633411915381909,0.5000120105474486,0.03571269485029732,0.2576664820332937,-0.09432529049510277
3432040100,3.201796930670054,0.1639058850383493,0.5000252132553835,0.01320270793494499,0.25780875155841443,-0.09390286652006513
3433040100,3.202674501143787,0.1644303208478886,0.5000359190315437,0.010705776160187475,0.25795105834372123,-0.09352073749583262
3434040100,3.20355206648461,0.1648865824729527,0.5000128160207286,-0.02310301081505184,0.2580934041384104,-0.09320682166545771
3435040100,3.2044296429021006,0.16532484963536756,0.5000090971798845,-0.0037188408440177456,0.25823578913672307,-0.09291093950135551
3436040100,3.2053072211025344,0.16578212367668388,0.5000388572798363,0.02976009995181722,0.2583782159699375,-0.0925960922932536
3437040100,3.20618478503459,0.1662855248849475,0.5000770438479053,0.03818656806892168,0.25852068313147214,-0.09223515824652465
3438040100,3.2070623306570876,0.16675473944599617,0.500105117526924,0.028073679018744024,0.258663188015543,-0.09190844856954683
3439040100,3.2079398628181024,0.1672346432026007,0.5001094246910888,0.004307164164813304,0.2588057299645534,-0.09157108676195272
3440040100,3.2088173929137476,0.16760384616323756,0.5001301903661067,0.02076567501798776,0.25894830976468697,-0.0913444636014494
3441040100,3.2096949130516146,0.1680316580268168,0.5001449557209954,0.014765354888679416,0.25909092926735866,-0.09105927124054186
3442040100,3.2105724261088104,0.1685577631384504,0.500214638158221,0.06968243722565809,0.2592335871899216,-0.09067582405147123
3443040100,3.211449905747472,0.16909016023785767,0.5002544650460391,0.03982688781807209,0.2593762839997922,-0.09028612376193451
3444040100,3.212327366283909,0.16961956796574532,0.5002443979368802,-0.01006710915883291,0.25951901541214895,-0.08989944744640363
3445040100,3.213204831648979,0.17013359332575767,0.5002304228037036,-0.013975133176672982,0.2596617837529571,-0.08952819042719945
3446040100,3.2140823037169963,0.17067575889322645,0.5002171875417383,-0.013235261965313272,0.25980459291581326,-0.08912883402258681
3447040100,3.214959782132935,0.17118661324248785,0.5002109214423403,-0.006266099397996605,0.2599474432074196,-0.08876082996493173
3448040100,3.2158372635541794,0.1716144711820243,0.5001898071730374,-0.021114269302841326,0.26009033457174624,-0.08847586338972194
3449040100,3.216714755101856,0.17214004840165917,0.5001836331232286,-0.006174049808855386,0.26023326646597766,-0.0880932180643185
3450040100,3.217592249610541,0.17263747420344616,0.5002184076911439,0.03477456791539252,0.260376240051837,-0.08773876584839085
3451040100,3.218469727441276,0.17319391622851493,0.5002035782575565,-0.01482943358740102,0.26051925416359367,-0.08732533793507874
3452040100,3.219347212384366,0.17366432365802376,0.5002021359724615,-0.001442285094873652,0.26066230560042314,-0.08699798194239938
3453040100,3.220224698019181,0.1740934464382784,0.5001703774570857,-0.03175851537583563,0.26080539824096505,-0.08671195180268665
3454040100,3.2211021988850304,0.1745955158633313,0.5001810022117681,0.010624754682425186,0.26094853103961313,-0.08635301517628183
3455040100,3.2219796946554626,0.17502531109261996,0.5002117173901675,0.03071517839938931,0.2610917063699283,-0.08606639527730833
3456040100,3.2228571756949616,0.17552982054922214,0.5002052627238118,-0.006454666355677985,0.26123492091696576,-0.08570510036774362
3457040100,3.223734659830173,0.17598546473259152,0.500234391602335,0.029128878523101254,0.2613781731076408,-0.08539270837504925
3458040100,3.2246121299946373,0.17652044613440476,0.5002254596744882,-0.008931927846749177,0.2615214658522973,-0.08500101971789253
3459040100,3.225489604443098,0.17692749889635861,0.5002403559573712,0.014896282882981504,0.26166479636412276,-0.08473729746776415
3460040100,3.2263670717468558,0.1774414825193524,0.5002148192128367,-0.02553674453444965,0.26180816762514425,-0.08436668510579184
3461040100,3.227244551298681,0.177864825503839,0.5002527397998281,0.037920586991387895,0.2619515777686985,-0.08408675226485948
3462040100,3.228122012662629,0.17835889969624097,0.500236473250607,-0.016266549221086113,0.26209502996549006,-0.08373613026924909
3463040100,3.228999481828668,0.17879161338766875,0.5002649882656829,0.028515015075789518,0.26223851924025965,-0.0834469058525909
3464040100,3.2298769373176066,0.17931370090744742,0.5002574550459548,-0.007533219728149576,0.262382049843243,-0.08306834893579557
3465040100,3.23075439641989,0.1798016188156775,0.5002800443746437,0.022589328688926158,0.26252561826149545,-0.08272399944581796
3466040100,3.231631844686945,0.18027065273707718,0.5002572086585887,-0.022835716055002897,0.26266922732423836,-0.08239857458716118
3467040100,3.2325093039074084,0.18072111447123226,0.5002507894528623,-0.006419205726462207,0.2628128746671372,-0.08209176019590494
3468040100,3.2333867662068334,0.18116893275193696,0.5002531806074719,0.002391154609699353,0.2629565638581006,-0.08178763110616366
3469040100,3.234264227359349,0.18166143714990732,0.5002642652346498,0.011084627177902207,0.2631002936094724,-0.08143885645956508
3470040100,3.235141683195095,0.18212565302671044,0.5002760836916984,0.011818457048611508,0.26324406323005434,-0.0811184102033439
3471040100,3.2360191333619692,0.18259333267980105,0.5002648815551645,-0.011202136533916385,0.2633878720370646,-0.08079453935726355
3472040100,3.236896588902092,0.18310080737703643,0.5002672024582887,0.002320903124277962,0.26353171997291724,-0.08043091259588081
3473040100,3.2377740433289732,0.18354624007176173,0.5002671633742559,-3.908403274766048e-05,0.26367560884869334,-0.08012936877693161
3474040100,3.238651497774601,0.184058118114976,0.5002465200664696,-0.020643307786330722,0.2638195376018828,-0.07976141948690682
3475040100,3.2395289621218106,0.18446745271260986,0.5002563146907619,0.009794624292327136,0.2639635064189676,-0.07949605370635773
3476040100,3.240406421771066,0.1849126917993032,0.5002321708543052,-0.02414383645675472,0.2641075169230298,-0.07919482512372661
3477040100,3.241283893000668,0.1854097950513491,0.5002587889359401,0.02661808163500906,0.2642515667192171,-0.07884177166786802
3478040100,3.242161351463148,0.1858654766887945,0.5002668720405269,0.008083104586820156,0.2643956584812308,-0.07853018179243632
3479040100,3.243038806048517,0.18632598109451362,0.5002483380223706,-0.01853401815634831,0.2645397882117102,-0.07821380711719658
3480040100,3.2439162695237576,0.18682898169847756,0.5002499106919334,0.0015726695628336396,0.2646839573706501,-0.07785497567217253
3481040100,3.244793732244676,0.1873132555091525,0.500248459021096,-0.0014516708373454867,0.2648281680569333,-0.07751491254778081
3482040100,3.2456711956618802,0.18785890026614227,0.5002250624349726,-0.023396586123442198,0.2649724186869804,-0.07711351842083813
3483040100,3.246548670300866,0.1884123008095255,0.5002103691710142,-0.014693263958278524,0.2651167095001341,-0.0767044086906086
3484040100,3.247426151986985,0.18900042601074846,0.5001642078175642,-0.04616135345004535,0.2652610422289179,-0.07626061621816943
3485040100,3.2483036558116227,0.18945357793314918,0.5001133713931033,-0.05083642446094344,0.2654054161887842,-0.07595183825563503
3486040100,3.249181184014732,0.18990996421898887,0.500044305752781,-0.06906564032223916,0.2655498338656308,-0.07563986964664193
3487040100,3.2500587453344516,0.19037403184516907,0.5000421311418689,-0.0021746109121055235,0.26569429563217284,-0.07532026378700377
3488040100,3.2509363076968176,0.19081748828217557,0.5000377375450464,-0.004393596822457879,0.2658388029317287,-0.07502131464955311
3489040100,3.2518138721657404,0.19128415818306457,0.5000288869239073,-0.008850621139062265,0.2659833504859286,-0.07469919230286401
3490040100,3.2526914408781353,0.19178480008472484,0.5000297642069116,0.0008772830042099167,0.2661279384711115,-0.07434313838638665
3491040100,3.253569009169916,0.1922738466713292,0.5000184108096346,-0.011353397276954225,0.2662725672406694,-0.07399872056934018
3492040100,3.2544465829050453,0.19266925413496253,0.49998937977789526,-0.029031031739297386,0.2664172360270811,-0.07374798189211859
3493040100,3.2553241705584917,0.19311662130878018,0.49996547765651045,-0.023902121384816788,0.26656194579825154,-0.07344532448947136
3494040100,3.2562017696707524,0.19360089533633834,0.4999879141936056,0.022436537095134657,0.26670669795389657,-0.07310580261755822
3495040100,3.257079358026823,0.19413735221200873,0.4999837868378095,-0.004127355796085308,0.2668514920909537,-0.07271413987894498
3496040100,3.2579569483616018,0.1946841618465334,0.4999605480860682,-0.02323875174127421,0.2669963245451257,-0.07231216269859228
3497040100,3.258834549837064,0.19511055042569928,0.4999104538199852,-0.0500942660829794,0.26714119741839326,-0.07203064699269399
3498040100,3.2597121753261615,0.195525427806199,0.4998543995105004,-0.056054309484818654,0.2672861122250012,-0.0717606844188022
3499040100,3.2605898276833427,0.19605187422002307,0.4998580137478201,0.003614237319634561,0.2674310710939025,-0.07137919687387945
3500040100,3.261467478308222,0.19661890649160477,0.4998668657785963,0.008852030776201836,0.26757607450093346,-0.07095716800932869
3501040100,3.2623451246902806,0.19705787522139995,0.4998191926757615,-0.047673102834744574,0.26772111772343266,-0.07066324250203271
3502040100,3.2632227939214746,0.1974108784787886,0.4997504025736839,-0.068790102077594,0.26786620034696895,-0.07045532186818035
3503040100,3.2641004961194082,0.1979409428347582,0.4997450761708056,-0.005326402878303882,0.2680113268522426,-0.07007038401748442
3504040100,3.264978200869776,0.19839895476573668,0.499782338691495,0.037262520689405554,0.2681564989169587,-0.06975754415122201
3505040100,3.2658558877632675,0.19889240824999277,0.49973032365803266,-0.05201503346234465,0.26830171151390303,-0.06940930326391026
3506040100,3.2667335995829707,0.19943329019650805,0.4997137295045119,-0.016594153520749277,0.2684469612662781,-0.06901367106977005
3507040100,3.2676113193542866,0.20000133616742236,0.49967873674460395,-0.03499275990793904,0.2685922552556903,-0.06859091908826795
3508040100,3.268489055892696,0.2004928505172252,0.4996192606961708,-0.059476048433168616,0.2687375906753573,-0.06824474015813209
3509040100,3.2693668209271194,0.20093427339893327,0.49954537792956305,-0.07388276660778931,0.2688829689875476,-0.06794869558861433
3510040100,3.2702446213557432,0.20143264429338595,0.4995090901476974,-0.03628778186562964,0.2690283921388996,-0.06759574784551367
3511040100,3.271122439166599,0.20188760816686868,0.4994972785199993,-0.011811627698089633,0.2691738612775296,-0.06728625311066094
3512040100,3.2720002626351006,0.2023408212256382,0.4994563100760563,-0.04096844394304816,0.2693193734230057,-0.06697855219736751
3513040100,3.2728781057261065,0.20277972746232914,0.49943644774256524,-0.0198623334910476,0.2694649266342566,-0.06668519917192745
3514040100,3.273755958329971,0.2032853617318655,0.49941686602962315,-0.01958171294209038,0.269610523229435,-0.06632516149756951
3515040100,3.2746338203119545,0.2037622372553697,0.4994038728004011,-0.012993229222038938,0.26975616153467286,-0.06599392427930315
3516040100,3.2755116885164997,0.20426917362878144,0.49935681641785745,-0.04705638254365119,0.26990184152980135,-0.0656326679010199
3517040100,3.2763895792554827,0.20478401755978923,0.49932349786221847,-0.03331855563899205,0.2700475626931187,-0.06526354513332946
3518040100,3.277267485948935,0.20528710333741595,0.49927444703529994,-0.0490508269185177,0.27019332773516425,-0.06490622439774829
3519040100,3.278145416128424,0.20574328401262565,0.49922072621116964,-0.053720824130365996,0.27033913556692823,-0.06459585155430259
3520040100,3.2790233720275688,0.20627921083370096,0.49917219130269735,-0.04853490847234465,0.2704849874428952,-0.06420577660919422
3521040100,3.2799013511613553,0.2067460369287083,0.4991465103099365,-0.025680992760837906,0.27063088373840216,-0.06388484680969386
3522040100,3.2807793425883154,0.20723084232035896,0.49908019839296175,-0.06631191697475985,0.270776824044745,-0.06354598172438605
3523040100,3.281657365755292,0.2077203131242325,0.49904781707286155,-0.032381320100170474,0.2709228065465332,-0.06320249342230072
3524040100,3.282535404420095,0.2081630950612623,0.4990057895563827,-0.042027516478876537,0.2710688344810741,-0.06290573941981181
3525040100,3.283413463198059,0.20864794392488178,0.49896076516443005,-0.04502439195264718,0.27121490515119007,-0.06256696122630828
3526040100,3.284291543521682,0.20923897875423395,0.498938513151153,-0.02225201327705917,0.27136101932802603,-0.06212204057379209
3527040100,3.2851696344929713,0.20977430778969186,0.49889457195856746,-0.043941192585474576,0.27150717725370654,-0.061732869464014684
3528040100,3.2860477464889977,0.21027901579545516,0.4987966699037305,-0.09790205483687892,0.2716533771173495,-0.06137436132189433
3529040100,3.286925905322557,0.21085994743819866,0.49872586345647835,-0.07080644725216823,0.2717996206497695,-0.060939673211570816
3530040100,3.2878040980255365,0.21136911940810435,0.4986696724295153,-0.056191026963027246,0.2719459121554628,-0.06057679274735847
3531040100,3.2886823176036906,0.21179561105336614,0.49857452429042476,-0.09514813909055314,0.27209224948052224,-0.0602966384271561
3532040100,3.289560582683194,0.21237038690648638,0.4985145532281465,-0.05997106227829724,0.2722386314645213,-0.05986824455803494
3533040100,3.2904388764377255,0.21278100556216545,0.4984953844383374,-0.019168789809045572,0.2723850612179426,-0.059604055655777144
3534040100,3.2913171793571045,0.21329387115237122,0.49840124073711084,-0.09414370122657129,0.2725315359413827,-0.05923766478901146
3535040100,3.292195527283125,0.21373871900305744,0.4983886698317498,-0.012570905361052986,0.2726780523845882,-0.05893933338153076
3536040100,3.2930738812182443,0.21416769549892103,0.4983242636207141,-0.0644062110356966,0.27282461653121004,-0.058656921032289006
3537040100,3.2939522659384086,0.214683217437251,0.4982932935637382,-0.03097005697588112,0.2729712218783895,-0.05828800444113852
3538040100,3.294830665460423,0.21510202411162896,0.49826971504215506,-0.023578521583125067,0.2731178725648782,-0.058015848453249225
3539040100,3.2957090762510064,0.2155292174646973,0.49820214872648966,-0.06756631566539095,0.2732645659262296,-0.057735348461532304
3540040100,3.2965875193299565,0.21601697008849272,0.4981824171536056,-0.019731572884068516,0.2734113013750701,-0.057394331286577366
3541040100,3.2974659718374086,0.21653347502247092,0.4981579523693124,-0.024464784293189934,0.27355808242657176,-0.05702460740410084
3542040100,3.2983444360345975,0.21700849483345702,0.49810254880784166,-0.05540356147070974,0.27370490526478974,-0.05669641043133272
3543040100,3.2992229267027127,0.21756059026838842,0.4980320506204462,-0.07049818739547004,0.27385177027001006,-0.056291180001621643
3544040100,3.300101451049824,0.21806259445046597,0.4979816597684364,-0.05039085200978621,0.27399867991692517,-0.0559360854664592
3545040100,3.300979999467408,0.2184966704317947,0.4978919430537253,-0.08971671471107323,0.2741456354159695,-0.05564896498417479
3546040100,3.3018585907349407,0.21899492806321685,0.4978265847941397,-0.06535825958561187,0.2742926351647377,-0.05529770710152082
3547040100,3.302737213214034,0.21950264193084176,0.49779463860732537,-0.03194618681437583,0.27443968231092697,-0.054937040380085206
3548040100,3.303615850947528,0.21996521888300824,0.49772992287320433,-0.06471573412101594,0.27458677491264183,-0.05462155602963359
3549040100,3.3044945195802327,0.2204252194581448,0.4976597805062129,-0.07014236699142457,0.27473391030254746,-0.05430869084440265
3550040100,3.305373221698995,0.22080965695294166,0.4976115971079216,-0.04818339829134588,0.2748810911045645,-0.05407143415162283
3551040100,3.3062519468180698,0.22125699246431135,0.49756409896465464,-0.04749814326692692,0.2750283177573287,-0.05377132529301737
3552040100,3.3071306946083543,0.22171869392521415,0.49755393086524713,-0.010168099407538767,0.27517558850873414,-0.05345689458351999
3553040100,3.308009447251689,0.22211852679123828,0.49751173567735385,-0.0421951878932918,0.27532290330766074,-0.05320437651642246
3554040100,3.3088882200330545,0.22253969652666927,0.49746175076513066,-0.04998491222320478,0.2754702591698397,-0.05293056264317042
3555040100,3.3097670166681414,0.2229502781490544,0.49744221572796526,-0.01953503716538474,0.275617658660984,-0.05266738051192957
3556040100,3.3106458226251116,0.22342610585462752,0.49741148653009054,-0.030729197874724834,0.2757651024082648,-0.052338996553637274
3557040100,3.3115246432450043,0.2238771925961426,0.4973855472410568,-0.02593928903373871,0.2759125879767268,-0.05203539538058419
3558040100,3.3124034762415926,0.2245056110296658,0.49732634913674545,-0.05919810431135619,0.2760601162652847,-0.051554505235618914
3559040100,3.3132823374818035,0.2249982507848785,0.4972789357576051,-0.047413379140306355,0.27620768689290287,-0.051209436108024364
3560040100,3.3141612213408815,0.2254407618692903,0.4971419160063791,-0.13701975122603377,0.27635530252760176,-0.05091454065831147
3561040100,3.315040170555037,0.22586281129028388,0.49707211804960766,-0.06979795677146372,0.2765029622290278,-0.05064015093874394
3562040100,3.3159191530547703,0.22633489926828138,0.49702681675883426,-0.04530129077339451,0.2766506731841716,-0.050315773915890205
3563040100,3.316798157155705,0.22684638543505117,0.49699122324969713,-0.035593509137132606,0.2767984300113042,-0.049952044576253046
3564040100,3.3176771782275734,0.22734026672355137,0.49692998473575073,-0.06123851394638402,0.2769462307509656,-0.04960596402741421
3565040100,3.3185562284952717,0.22784785182842002,0.4968483417128283,-0.0816430229223884,0.2770940746281525,-0.04924622279973248
3566040100,3.319435317681644,0.22828827907989882,0.49677483062298083,-0.07351108984743898,0.2772419637030694,-0.048953684623170596
3567040100,3.3203144419052406,0.22874414685200464,0.4966937708317542,-0.08105979122656531,0.2773898996170452,-0.048645752765040545
3568040100,3.3211936047584536,0.22923338565500104,0.496645728404077,-0.04804242767722294,0.2775378817228926,-0.048304496067891584
3569040100,3.3220727905038983,0.22974041464143985,0.49658937304068956,-0.05635536338741881,0.27768591063128767,-0.04794549598984782
3570040100,3.322952003100105,0.23020446141781004,0.49651567314334144,-0.07369989734809995,0.27783398369759027,-0.047629522279780234
3571040100,3.3238312508067405,0.230667252232575,0.49643238232138565,-0.08329082195580484,0.2779821015928263,-0.04731484936025132
3572040100,3.324710538187146,0.23110667889469522,0.49636997316116865,-0.06240916021703291,0.2781302657136351,-0.047023586818939866
3573040100,3.3255898552907985,0.2316428105633804,0.49630758584115264,-0.062387320015985015,0.27827847683505524,-0.04663566627167484
3574040100,3.326469202103874,0.23210764921654703,0.4962563216666833,-0.05126417446930576,0.2784267332855279,-0.04631908406898089
3575040100,3.327348573326865,0.2327413222334571,0.4961559519030213,-0.10036976366196165,0.2785750350677141,-0.045833712834256995
3576040100,3.3282279923351643,0.23318804847293925,0.4960906182392334,-0.06533366378789618,0.27872338129248675,-0.0455353328195475
3577040100,3.329107442443582,0.2336455617234256,0.49593991896128276,-0.15069927795063648,0.27887177590904955,-0.04522621418562395
3578040100,3.3299869642735245,0.23399851414951722,0.4958821206046953,-0.057798356587463295,0.27902021610825756,-0.045021701958740334
3579040100,3.3308665136058395,0.23445335855659344,0.49581833338782577,-0.06378721686950395,0.27916870875448296,-0.044715350197889525
3580040100,3.3317460932868146,0.23491755673200856,0.4958064438871026,-0.011889500723177182,0.2793172463897875,-0.044399689657778935
3581040100,3.3326256786241766,0.23533523896510025,0.49574301827688316,-0.06342561021945214,0.27946582949974896,-0.04413059053464871
3582040100,3.3335052941339414,0.23578483612203105,0.4956743072896918,-0.06871098719134999,0.2796144539166079,-0.043829617794576836
3583040100,3.33438494232644,0.23624838941117624,0.49562833681147844,-0.04597047821336725,0.2797631237862426,-0.04351473437506634
3584040100,3.335264612382714,0.2366488506193323,0.4955658297431588,-0.06250706831963193,0.27991183953817256,-0.043262988918840256
3585040100,3.3361443121646603,0.23714038198559062,0.4954957378748052,-0.07009186835360798,0.28006059934799055,-0.042920217362399926
3586040100,3.337024045275196,0.2376726968306665,0.49545671067309355,-0.039027201711722415,0.2802094045496659,-0.04253670771899942
3587040100,3.3379037969412404,0.23812310841657736,0.4953714856359302,-0.08522503716332241,0.2803582557579105,-0.04223514734133316
3588040100,3.338783589122927,0.23854442758318992,0.4952651249353691,-0.10636070056115332,0.28050715047759667,-0.04196272289440675
3589040100,3.339663431859102,0.23903361030432627,0.4951991345863788,-0.06599034899031375,0.28065609243037315,-0.041622482126046884
3590040100,3.34054330595626,0.23957059394682653,0.49514716930915514,-0.05196527722367256,0.280805083322921,-0.041234489376094446
3591040100,3.341423204746487,0.23997740318412583,0.4950606163408981,-0.08655296825707098,0.28095411991161257,-0.040976716727486734
3592040100,3.342303144660026,0.24048765639867295,0.49494940986592334,-0.1112064749747676,0.281103201071776,-0.04061554467310305
3593040100,3.343183137400651,0.24096953684769024,0.49490279742313065,-0.0466124427926326,0.2812523295926397,-0.04028279274494945
3594040100,3.3440631522806306,0.24143546847825317,0.4948037644226769,-0.09903300045378377,0.28140150746509107,-0.0399660389868379
3595040100,3.3449432141916335,0.24198012989878526,0.4947182770756287,-0.08548734704814653,0.2815507294929773,-0.03957059959419207
3596040100,3.345823316693853,0.2424105304079361,0.4946401527963198,-0.07812427930889404,0.28169999990279493,-0.03928946949485884
3597040100,3.3467034562855233,0.24282842497127377,0.49452189703097055,-0.11825576534922055,0.2818493176092254,-0.03902089263795161
3598040100,3.347583652008821,0.24330336266428587,0.49446023320401294,-0.061663826957610524,0.281998682024426,-0.038695319360140146
3599040100,3.3484638769967683,0.24376392426867916,0.4944043086440507,-0.05592455996221912,0.2821480963872922,-0.03838417211861306
3600040100,3.3493441285227084,0.24424694197158245,0.49431923644642384,-0.08507219762693974,0.28229755614392715,-0.038050614172344704
3601040100,3.350224420412849,0.24474412106747123,0.4942407527862952,-0.07848366012867591,0.2824470608361125,-0.03770293976864125
3602040100,3.351104749535476,0.24532053604469645,0.49415039651866527,-0.09035626762992083,0.2825966128176667,-0.037276076772970235
3603040100,3.351985121516216,0.24572523406615893,0.4940522879449984,-0.0981085736669024,0.28274621156280944,-0.03702097749665051
3604040100,3.352865540024032,0.24620549078664133,0.4939137311799934,-0.13855676500500447,0.2828958580339709,-0.03669036724732955
3605040100,3.3537460242266657,0.2466496208531403,0.49386054665277845,-0.05318452721489264,0.28304555286188915,-0.036395932008748855
3606040100,3.3546265336415346,0.24715640118390986,0.49376894583064695,-0.09160082213157472,0.28319529931424725,-0.03603889813033739
3607040100,3.355507086474124,0.24764372589258077,0.4936948453804987,-0.07410045014821531,0.28334509051324375,-0.03570136462066298
3608040100,3.3563876744240564,0.24821202764433342,0.4935887281932708,-0.10611718722786556,0.28349492956163047,-0.03528290191729705
3609040100,3.357268312656135,0.24859967466318822,0.49349168777046687,-0.09704042280399405,0.2836448150533073,-0.03504514039011908
3610040100,3.358148996860782,0.2491808015616583,0.49335334521524693,-0.13834255521996563,0.2837947495763018,-0.034613948014643486
3611040100,3.359029746590401,0.24963619048866406,0.493304879117143,-0.048466098103921995,0.2839447324044322,-0.034308541915768126
3612040100,3.359910519271658,0.25005085459350607,0.4931588349436587,-0.1460441734843026,0.2840947668761409,-0.034043912282634814
3613040100,3.3607913611011795,0.25052700912777676,0.4930750748687851,-0.08376007487357523,0.28424484574614084,-0.03371783661836408
3614040100,3.361672242580525,0.25107505114660705,0.49301117023366936,-0.06390463511575362,0.28439497689336335,-0.033319925746756296
3615040100,3.3625531543064935,0.25152251711822426,0.49291589447567646,-0.09527575799291677,0.2845451552985061,-0.03302263818028184
3616040100,3.363434111120632,0.25204133427634,0.4927839028771365,-0.13199159853997366,0.284695379364198,-0.032654045087857964
3617040100,3.364315130385082,0.25244766658150003,0.4927016276486658,-0.08227522847072177,0.2848456516275242,-0.03239798504602415
3618040100,3.365196188569347,0.2529264685486599,0.4925829638359734,-0.11866381269240489,0.2849959750584361,-0.03206950650977619
3619040100,3.36607730287633,0.2534409313166574,0.49252005601580323,-0.06290782017017416,0.28514634564998076,-0.031705414333323356
3620040100,3.366958446930888,0.2539292474246233,0.4924202800821982,-0.09977593360497006,0.28529676634566314,-0.03136751892103984
3621040100,3.367839638159903,0.2544176270756978,0.49230197071609866,-0.11830936609954212,0.2854472326496662,-0.03102960557396839
3622040100,3.368720885314687,0.2549977322352608,0.49219608178456725,-0.10588893153133516,0.28559774754408096,-0.030600015308820172
3623040100,3.369602182513542,0.25550656179835635,0.49208950964717413,-0.10657213739311167,0.2857483125317515,-0.030241750733395134
3624040100,3.37048353006938,0.2559673910458885,0.4919362407218209,-0.153268925353244,0.2858989266160066,-0.029931535570118073
3625040100,3.3713649500296055,0.2564193811139517,0.4918179177120359,-0.11832300978493071,0.2860495898581732,-0.02963020874422151
3626040100,3.3722464258715714,0.2568760811425862,0.4917229991069777,-0.0949186050582016,0.28620030603659075,-0.029324224894004547
3627040100,3.373127946532896,0.2573698836155761,0.4916319240120002,-0.09107509497753474,0.28635107233578694,-0.028981188720210826
3628040100,3.3740095101912555,0.25787689082519927,0.4915379071296675,-0.09401688233276029,0.2865018868715552,-0.028624996046355933
3629040100,3.374891118227814,0.2584141770805468,0.4914246771675686,-0.11322996209886704,0.2866527493391189,-0.02823857225857207
3630040100,3.375772779701256,0.2589574663819412,0.4913041565135666,-0.12052065400189682,0.2868036599817998,-0.02784619359985857
3631040100,3.3766544980398763,0.25946948681642834,0.49116774767303584,-0.13640884053081104,0.28695462035791763,-0.027485133541489293
3632040100,3.3775362807247356,0.2599505494709799,0.4910275775183495,-0.14017015468633465,0.28710563106302445,-0.02715508159204455
3633040100,3.378418129513014,0.26050205508713115,0.4909023449421526,-0.1252325761969586,0.28725669338769677,-0.026754638300565625
3634040100,3.379300037345583,0.26103706274761257,0.49079195706504647,-0.11038787710618225,0.2874078076429072,-0.026370744895294618
3635040100,3.380181997212037,0.2614162966082432,0.49064557288968763,-0.14638417535886428,0.28755897262857744,-0.02614267602033421
3636040100,3.381064026063491,0.2618508793386863,0.490506695372044,-0.13887751764365752,0.2877101871516814,-0.025859307812995114
3637040100,3.381946120344887,0.26236204613142744,0.4904452734843675,-0.061421887676472164,0.2878614541278317,-0.025499407996404266
3638040100,3.3828282435588055,0.262797398560761,0.49035563675679944,-0.08963672756808194,0.2880127729575648,-0.02521537439680377
3639040100,3.383710408989757,0.26328136026357174,0.49022701422894766,-0.12862252785176853,0.28816413738738333,-0.024882777123811595
3640040100,3.384592634986859,0.26378266706768416,0.49013575370684337,-0.09126052210426128,0.2883155497026486,-0.024532882634964448
3641040100,3.3854749039481304,0.2642241391970367,0.4900195473919488,-0.116206314894574,0.2884670130607887,-0.024242873863752012
3642040100,3.3863572276070633,0.2647134808147598,0.4898939943609488,-0.1255530309999564,0.28861852444792646,-0.023905043633166645
3643040100,3.387239610349714,0.26522844497608256,0.48979780276034324,-0.09619160060560428,0.2887700858867426,-0.023541640910660022
3644040100,3.3881220383495423,0.26572417893543376,0.4896770258810337,-0.12077687930953951,0.2889216981394469,-0.02319751920401314
3645040100,3.389004523162112,0.26626838860186425,0.48954273643305113,-0.13428944798247855,0.2890733588385004,-0.022804970236636135
3646040100,3.389887071128544,0.266745010034407,0.4894173981627084,-0.12533827034273082,0.28922506997792397,-0.022480059943516983
3647040100,3.3907696780249026,0.26726536862133055,0.4892670622619571,-0.1503359007513313,0.2893768326570765,-0.02211146403574593
3648040100,3.391652355585962,0.26778993309136,0.4891498965305074,-0.11716573144977227,0.28952864615899543,-0.021738713067635418
3649040100,3.392535088206404,0.2682686176190403,0.4890101505430804,-0.13974598742697641,0.28968051251202453,-0.02141189489298423
3650040100,3.3934178864814624,0.2688077090446942,0.48886758264342156,-0.1425678996588502,0.28983242904088513,-0.021024719996190933
3651040100,3.3943007517191446,0.2692425290616368,0.4887473262668554,-0.12025637656615995,0.28998439757827654,-0.020741868516639728
3652040100,3.3951836734260143,0.26972045792665755,0.48859611819979126,-0.15120806706407586,0.29013641835949144,-0.02041596043283389
3653040100,3.3960666661180388,0.27017366417289523,0.4884965063605231,-0.09961183926814843,0.2902884895871338,-0.02011482541423859
3654040100,3.3969497055621583,0.2706818375105393,0.4883747136051549,-0.12179275536822609,0.29044061377114616,-0.019758776260606847
3655040100,3.3978328021569193,0.2711757741793359,0.4882647064732387,-0.11000713191617018,0.29059278674568745,-0.019417012566351532
3656040100,3.3987159503607174,0.27163691588249744,0.4881265281901576,-0.13817828308110025,0.29074501031085376,-0.019108094428356315
3657040100,3.399599163374698,0.27206235502140885,0.4879948101106055,-0.13171807955211046,0.2908972835198895,-0.018834928498480674
3658040100,3.400482438153113,0.27263175419358676,0.48787889659881745,-0.11591351178809484,0.2910496086579464,-0.018417854464359618
3659040100,3.4013657672723046,0.2730736182568774,0.48778031410566325,-0.09858249315420364,0.2912019852094403,-0.01812836695256287
3660040100,3.4022491425980737,0.2734869513830052,0.48760894325735293,-0.1713708483102896,0.2913544119026774,-0.017867460519672196
3661040100,3.4031325982266,0.2740128694609815,0.48750078615961784,-0.10815709773517346,0.291506887341928,-0.017494017880946455
3662040100,3.4040161045231643,0.2745273224659227,0.4874063971880971,-0.09438897152076697,0.291659417422089,-0.0171320949561663
3663040100,3.404899655029407,0.27493394829964385,0.4872549962851116,-0.15140090298542386,0.2918119970366888,-0.01687804873704496
3664040100,3.405783276431999,0.2754165884352014,0.4871086289390824,-0.14636734602915924,0.291964625077906,-0.0165480366427046
3665040100,3.406666966354626,0.27583667807997647,0.48701569139638695,-0.09293754269545429,0.29211730616462006,-0.01628062808464359
3666040100,3.40755069977497,0.27628516352230326,0.48688411330742404,-0.13157808896290046,0.2922700398968274,-0.01598487637452417
3667040100,3.4084344947649785,0.27669750126037024,0.4867833020747739,-0.10081123265015446,0.2924228219584748,-0.01572532069810456
3668040100,3.4093183369174866,0.2771618058466556,0.4866677257013065,-0.11557637346736338,0.29257565548211417,-0.015413849635458554
3669040100,3.4102022331290156,0.2776370609456091,0.4865697299025362,-0.09799579877031628,0.29272853798481435,-0.01509147703920527
3670040100,3.41108617516728,0.2781567859406374,0.48644515232501995,-0.12457757751628251,0.2928814706674636,-0.014724684726826198
3671040100,3.411970175450722,0.2785635170378796,0.48631447993631155,-0.1306723887083906,0.29303445211357015,-0.014470935075690528
3672040100,3.4128542368141765,0.27902735221752384,0.48616086349419646,-0.15361644211503434,0.29318748448053,-0.014160132263006164
3673040100,3.413738369963046,0.27948935938669717,0.48606326206394057,-0.09760143025587875,0.293340568268313,-0.01385120888161584
3674040100,3.4146225487105113,0.2801179592014608,0.48593651280011146,-0.12674926382902574,0.29349370534081487,-0.01337574613935405
3675040100,3.415506786661633,0.2805779192200836,0.48581008644368395,-0.12642635642749722,0.2936468911714236,-0.013068971951339992
3676040100,3.416391083651431,0.2809274706846085,0.48559943731554644,-0.21064912813752656,0.2938001281254543,-0.012872657440845814
3677040100,3.417275478978926,0.2814378914069656,0.48547252020106113,-0.12691711448531773,0.2939534161834736,-0.012515524776507969
3678040100,3.418159933536412,0.281986077930469,0.4854004403888061,-0.07207981225506044,0.2941067621696156,-0.01212068423914664
3679040100,3.4190444217259386,0.2824401550437515,0.48524724076222386,-0.15319962658225084,0.29426015931484173,-0.011820004271090256
3680040100,3.419928981382299,0.2829490923111369,0.48507439423585397,-0.17284652636987918,0.29441360318692134,-0.011464510875784428
3681040100,3.420813621645745,0.28337590269586077,0.48494802451153884,-0.12636972431510307,0.29456710035779565,-0.011191197661934882
3682040100,3.4216983208250658,0.28377605883113766,0.4847935404793766,-0.15448403216224105,0.29472065242507384,-0.01094459359393618
3683040100,3.422583092008473,0.28421665534703844,0.4846796008201122,-0.11393965926441352,0.2948742556343227,-0.010657600287284241
3684040100,3.4234679162849466,0.28468587087754305,0.48457852075070446,-0.10108006940765146,0.29502791226798664,-0.01034204139044359
3685040100,3.42435278765262,0.2851574676638861,0.48445667332342796,-0.12184742727651621,0.2951816190514549,-0.010024151387568792
3686040100,3.425237715774575,0.28557726934297867,0.4843199104462576,-0.13676287717034707,0.29533537495002804,-0.009758105607049372
3687040100,3.426122707582503,0.2860348975369306,0.48418134581694494,-0.13856462931267954,0.29548918165093596,-0.00945428411400534
3688040100,3.4270077638985406,0.2864686591514541,0.48406817215246856,-0.11317366447640342,0.2956430403682653,-0.00917438121681119
3689040100,3.4278928728894353,0.2869724895034992,0.4839355036998199,-0.13266845264865046,0.2957969512548111,-0.008824461751311907
3690040100,3.428778043614288,0.2875489083060246,0.4838142349200378,-0.12126877978211026,0.29595091226187265,-0.008402003955848059
3691040100,3.429663270754916,0.28795508698755334,0.48365725709306273,-0.15697782697502527,0.2961049249741343,-0.008149837986580977
3692040100,3.430548570904288,0.2884223619414993,0.4834631660812671,-0.19409101179564414,0.2962589884754472,-0.007836626533947899
3693040100,3.4314339612931963,0.28888915027615464,0.4833537162941349,-0.1094497871321598,0.2964131056635644,-0.007523955387409742
3694040100,3.432319402554339,0.28940119748601895,0.4832131188986647,-0.14059739547024086,0.2965672795504055,-0.00716608206438657
3695040100,3.4332049091495525,0.28982471042182373,0.4830721679333061,-0.14095096535860774,0.29672150329166413,-0.006896792869840407
3696040100,3.4340904812255664,0.2902291648916683,0.4829078968106146,-0.1642711226915542,0.2968757794153021,-0.006646614523633798
3697040100,3.434976129593895,0.29064916714933964,0.48278738054251813,-0.12051626809646321,0.29703010795692464,-0.0063809408075850005
3698040100,3.435861833918305,0.29112757089925867,0.48267591946453764,-0.11146107798048188,0.2971844908114676,-0.0060569199122089135
3699040100,3.436747589982993,0.2915476371854163,0.48255618041029763,-0.11973905423995124,0.29733892444415133,-0.005791287258735012
3700040100,3.437633401618339,0.29205415551108027,0.4824066180587698,-0.14956235152785657,0.2974934081283429,-0.005439252617262635
3701040100,3.438519282647436,0.29254937038631273,0.4822857182996726,-0.12089975909718409,0.2976479425405145,-0.005098572154201786
3702040100,3.439405219756967,0.29307910811709587,0.4821209139169853,-0.16480438268730024,0.29780253010183344,-0.004723421984737575
3703040100,3.4402912332916276,0.2934678472477029,0.48196110657945956,-0.15980733752573062,0.2979571684987832,-0.004489321251080258
3704040100,3.4411773209111445,0.29396640207937114,0.4817833130333062,-0.177793546153323,0.2981118612926643,-0.004145459213293179
3705040100,3.4420634909271253,0.2943845241479814,0.48167557789303317,-0.10773514027303355,0.2982666080863119,-0.003882083938330505
3706040100,3.4429497108581426,0.2949211939159552,0.4815122742860367,-0.1633036069964401,0.2984214103431171,-0.003500216427161862
3707040100,3.4438360064301485,0.29540554031326616,0.4813886881525244,-0.12358613351225445,0.298576262399159,-0.003170722085892863
3708040100,3.444722359230599,0.2959705045367873,0.4812050894335249,-0.18359871899954683,0.29873116875932837,-0.002760664222541065
3709040100,3.445608797024243,0.296445699171759,0.48104702067184624,-0.15806876167866646,0.29888612621568456,-0.0024404270439255527
3710040100,3.446495307968583,0.29686719204731016,0.4808478485316215,-0.199172140224686,0.299041139633097,-0.0021739475857868173
3711040100,3.4473819110538066,0.2973761539576953,0.48069294880376445,-0.1548997278569635,0.2991962069526082,-0.0018200529949128907
3712040100,3.4482685857743265,0.29773322744603087,0.48056439405555507,-0.1285547482093794,0.2993513315084222,-0.0016181040623913234
3713040100,3.449155319930426,0.29825434069212986,0.48039142573337096,-0.1729683221841053,0.2995065097251448,-0.0012521690330149493
3714040100,3.450042134033007,0.2987884602891963,0.48029402466212273,-0.09740107124825303,0.29966173947778074,-0.0008732791885844304
3715040100,3.450928993142982,0.2991785092420383,0.4801138977129625,-0.18012694916022798,0.2998170243675915,-0.0006385151255531851
3716040100,3.451815935464416,0.29963155574413297,0.4799265374874914,-0.18736022547105613,0.299972358286265,-0.00034080254213203487
3717040100,3.4527029643082603,0.3001017181902142,0.4798107676684956,-0.11576981899579553,0.30012774793516783,-2.60297449536373e-05
3718040100,3.4535900465987077,0.3006159144205945,0.47966293162628176,-0.14783604221384528,0.30028319390715197,0.0003327205134425193
3719040100,3.4544771971222517,0.30108054248704264,0.47950593634066707,-0.15699528561466825,0.3004386904166232,0.0006418520704194464
3720040100,3.4553644200850737,0.3014788221372753,0.4793262320322046,-0.17970430846247887,0.30059424006494595,0.0008845820723293318
3721040100,3.4562517259385146,0.3019523722076758,0.47917072021829776,-0.1555118139068863,0.30074984360038926,0.0012025286072865349
3722040100,3.4571391035003884,0.3024372575158048,0.4790479242038293,-0.12279601446844302,0.3009055028677281,0.0015317546480766997
3723040100,3.4580265376698702,0.30288635631731303,0.4788868850636186,-0.1610391402107254,0.3010612159170236,0.0018251404002894156
3724040100,3.4589140460563366,0.3033011700368883,0.47871954685100426,-0.1673382126143118,0.30121698010836795,0.0020841899285203302
3725040100,3.459801631538413,0.3037700898169294,0.47856954079350444,-0.15000605749983908,0.3013727985426833,0.002397291274246094
3726040100,3.4606892861097496,0.30425874969153227,0.47843618640788615,-0.13335438561836543,0.30152867173688236,0.002730077954649912
3727040100,3.461577002084207,0.30461987811203645,0.47827518027880506,-0.16100612908110656,0.3016845982960952,0.002935279815941272
3728040100,3.4624647921730145,0.3050962282366391,0.47810366531831916,-0.17151496048591264,0.3018405768802417,0.0032556513563974376
3729040100,3.4633526611882806,0.30552919854678967,0.47799553179767673,-0.10813352064242221,0.30199660973320164,0.0035325888135880334
3730040100,3.4642405799501894,0.30602092991771573,0.47782917392484847,-0.16635787282823633,0.3021526977123692,0.0038682322053465445
3731040100,3.465128575224482,0.3064359304983589,0.47768397975768817,-0.1451941671603395,0.3023088356978647,0.004127094800494169
3732040100,3.466016637257326,0.3069237485676272,0.4775087588765332,-0.17522088115497392,0.3024650284061501,0.004458720161477137
3733040100,3.466904779829718,0.30734378769608645,0.47737141313617,-0.13734574036330216,0.30262127413255513,0.0047225135635313165
3734040100,3.4677929855134444,0.30786962731685846,0.4771970220158683,-0.17439112030179194,0.30277757531296245,0.005092052003896008
3735040100,3.4686812713069735,0.30833192892495254,0.4770560206170761,-0.14100139879219842,0.3029339288912425,0.005398000033710049
3736040100,3.469569621852365,0.3088483308288625,0.4768614061989789,-0.19461441809722413,0.30309033787065687,0.0057579929582056155
3737040100,3.470458061741234,0.3093238542015166,0.4766979767025305,-0.16342949644843818,0.30324679955807454,0.006077054643442048
3738040100,3.4713465766312313,0.30969582445332944,0.4765068035317428,-0.19117317078771168,0.30340331829644995,0.006292506156879485
3739040100,3.4722351792243775,0.3101218110202398,0.4763354601427933,-0.17134338894948165,0.3035598915715063,0.0065619194487334664
3740040100,3.473123860395908,0.31060028301658915,0.47621548978865136,-0.11997035414189017,0.3037165216339197,0.00688376138266944
3741040100,3.474012596570528,0.31114370870929636,0.47606800095763024,-0.14748883102111143,0.3038732068878929,0.0072705018214034856
3742040100,3.4749014003471697,0.3115751089016275,0.4758936534341848,-0.17434752344549587,0.30402994318712473,0.007545165714502755
3743040100,3.4757902840116714,0.31199106190358605,0.4756860812064028,-0.20757222778202278,0.30418673276309605,0.007804329140490007
3744040100,3.4766792627527074,0.3124142825040518,0.47553399914594585,-0.15208206045696537,0.3043435777943664,0.008070704709685406
3745040100,3.477568311129209,0.31289404246730085,0.4753891501923833,-0.14484895356255567,0.30450048097420535,0.008393561493095503
3746040100,3.4784574258101557,0.3132787698114281,0.4752401638790103,-0.14898631337307866,0.30465743782480104,0.008621331986627068
3747040100,3.479346608669958,0.3137962578302664,0.4750622891133986,-0.17787476561168425,0.3048144477685568,0.00898181006170956
3748040100,3.4802358729026497,0.3141455035549515,0.47493150176912713,-0.13078734427147976,0.30497151114686005,0.00917399240809147
3749040100,3.481125196949061,0.3145981087004009,0.4747336399554928,-0.19786181363433253,0.3051286303017058,0.009469478398695108
3750040100,3.4820146114558255,0.31503194987864797,0.4746195429240666,-0.11409703142619776,0.30528580143478123,0.009746148443866731
3751040100,3.482904078110731,0.3154805821917011,0.4744532013033484,-0.16634162071819858,0.3054430299737838,0.0100375522179173
3752040100,3.4837936207714644,0.31588764872290687,0.47429571714391644,-0.15748415943197835,0.3056003091569295,0.010287339565977383
3753040100,3.484683235368138,0.3164271767572172,0.4741302800328931,-0.16543711102327718,0.3057576432127753,0.01066953354444189
3754040100,3.485572925509754,0.3168595069363893,0.47398515378419287,-0.1451262487002234,0.3059150314328072,0.01094447550358213
3755040100,3.486462681901543,0.31728344786939805,0.4737730595864048,-0.21209419778806082,0.30607247446681995,0.011210973402578095
3756040100,3.487352535080686,0.31774488410736923,0.473614041948886,-0.15901763751880393,0.30622997068088154,0.011514913426487694
3757040100,3.488242460799897,0.31824118393341927,0.4734587126350354,-0.15532931385061122,0.3063875254927808,0.01185365844063846
3758040100,3.4891324573549243,0.3188081222639185,0.47328405720477024,-0.17465543026512975,0.3065451346221977,0.012262987641720846
3759040100,3.4900225335335326,0.3193212798693877,0.4730913197578312,-0.1927374469390284,0.30670279777831766,0.012618482091070027
3760040100,3.490912697547611,0.3197191240221144,0.4728624715216704,-0.2288482361608395,0.30686051652941515,0.012858607492699237
3761040100,3.491802965810844,0.3202129396895228,0.4726598305678046,-0.20264095386578018,0.3070182923433151,0.013194647346207677
3762040100,3.4926933263458877,0.32071814337579785,0.47251439473503365,-0.14543583277096184,0.30717612814366646,0.013542015232131388
3763040100,3.493583753082065,0.3211285691598108,0.4723203311784134,-0.1940635566202522,0.30733402182175595,0.013794547338054852
3764040100,3.494474268124962,0.32157473111788587,0.4721199079312125,-0.20042324720086024,0.30749196876637086,0.01408276235151501
3765040100,3.4953648743332906,0.3220816276077896,0.4719663953107266,-0.15351262048590564,0.30764997291048246,0.014431654697307117
3766040100,3.4962555503448742,0.3226054728455344,0.47179446688733007,-0.17192842339653847,0.3078080347748724,0.014797438070662028
3767040100,3.497146304508589,0.3230222389820423,0.47159150238890735,-0.20296449842272035,0.3079661505805191,0.015056088401523171
3768040100,3.498037150898366,0.3234991614046456,0.4713793590283283,-0.21214336057908878,0.3081243218208911,0.015374839583754463
3769040100,3.49892809364581,0.3239147036372161,0.4712202657459381,-0.15909328239024667,0.3082825510080305,0.015632152629185603
3770040100,3.4998191086287274,0.3243476475732645,0.471030485907413,-0.18977983852518376,0.3084408388899753,0.015906808683289198
3771040100,3.5007102097506917,0.3247550502797705,0.47087091100260564,-0.1595749048073214,0.30859918119390883,0.01615586908586164
3772040100,3.501601383277167,0.3252260800974216,0.47070211325378947,-0.16879774881616205,0.30875758040272316,0.016468499694698435
3773040100,3.5024926333681696,0.3256755033528286,0.47054561656518956,-0.1564966885999124,0.3089160340871189,0.016759469265709703
3774040100,3.503383954421409,0.3261801622630954,0.47035670840654126,-0.18890815864831323,0.3090745429981965,0.017105619264898897
3775040100,3.5042753611045403,0.3265337896687219,0.47017804931366725,-0.1786590928739511,0.30923310615092703,0.017300683517794846
3776040100,3.505166848742512,0.3270508386802095,0.4699711073226748,-0.20694199099246002,0.30939172616661637,0.017659112513593145
3777040100,3.5060584301154325,0.3275349158699264,0.46983931950070196,-0.13178782197279248,0.30955040222604424,0.01798451364388215
3778040100,3.5069500711621124,0.3279797195452071,0.46962513215176377,-0.21418734893821056,0.30970913661719024,0.018270582928016865
3779040100,3.507841809160167,0.3284803710578125,0.46942680919397284,-0.19832295779091347,0.30986792328766555,0.018612447770146978
3780040100,3.5087336368921416,0.32890863281207205,0.4692475770990551,-0.1792320949177859,0.31002676888797964,0.018881863924092412
3781040100,3.509625545689941,0.32938762570032315,0.4690397669385698,-0.20781016048532897,0.3101856721465843,0.019201953553738826
3782040100,3.5105175484434197,0.3298265636578144,0.4688676417694114,-0.17212516915839937,0.3103446315320042,0.019481932125810175
3783040100,3.5114096289894183,0.3303805281918937,0.46866953902965913,-0.19810273975224713,0.31050364935479635,0.019876878837097323
3784040100,3.5123017990358685,0.3308206789173052,0.46849093313370355,-0.1786058959555732,0.31066272274659923,0.020157956170705982
3785040100,3.5131940497443157,0.3313159536116004,0.46825405195167474,-0.2368811820287995,0.3108218538078802,0.02049409980372019
3786040100,3.5140864073891365,0.33174338918311413,0.4680735444693906,-0.1805074822841387,0.3109810409751219,0.02076234820799222
3787040100,3.514978846487674,0.33212765349060475,0.4678648308805909,-0.2087135887996776,0.3111402889501278,0.02098736454047695
3788040100,3.51587137973164,0.3325406332075165,0.467689530881871,-0.17529999871990964,0.3112995931995499,0.02124104000796656
3789040100,3.516763992018967,0.3329977740877898,0.46753539473225464,-0.15413614961635502,0.3114589560022516,0.021538818085538203
3790040100,3.517656673784141,0.33347956776863763,0.4673664229207391,-0.1689718115155563,0.3116183746749037,0.02186119309373391
3791040100,3.5185494316900625,0.3339630587201559,0.4671748030181027,-0.1916199026363713,0.3117778475205668,0.022185211199589105
3792040100,3.5194422759113926,0.3344176358567363,0.4669702391600142,-0.20456385808851252,0.3119373757407615,0.02248026011597476
3793040100,3.5203352122425704,0.33483716407540265,0.4667642064283936,-0.2060327316205729,0.31209696116603425,0.0227402029093684
3794040100,3.521228241307223,0.3353554377334099,0.46657206922335837,-0.19213720503522713,0.31225660484561857,0.023098832887791354
3795040100,3.522121356816939,0.3357923864705807,0.4663969658353578,-0.17510338800059055,0.3124163069049928,0.023376079565587904
3796040100,3.523014551079264,0.33625519216373717,0.46617180177438444,-0.22516406097336517,0.3125760662331949,0.023679125930542277
3797040100,3.5239078465686946,0.3366960086694274,0.4659867744294253,-0.18502734495909545,0.3127358814668284,0.02396012720259899
3798040100,3.5248012252070513,0.3370941148400483,0.46578824057827,-0.19853385115530664,0.31289575664080616,0.024198358199242154
3799040100,3.5256946930299704,0.3375074863568748,0.4656001694083565,-0.1880711699134774,0.3130556885336091,0.024451797823265675
3800040100,3.5265882453049673,0.33795378249206154,0.46543300541683463,-0.1671639915218638,0.31321567823885843,0.024738104253203108
3801040100,3.527481872617285,0.33838277572802844,0.46525773089481004,-0.1752745220246006,0.313375724922345,0.02500705080568344
3802040100,3.528375578580797,0.33883134038815094,0.4650654500538205,-0.1922808409895298,0.31353582690999104,0.025295513478159892
3803040100,3.529269370795193,0.3393150082126923,0.464881310532024,-0.1841395217965034,0.3136959848610843,0.025619023351607983
3804040100,3.5301632455775676,0.33974629452617633,0.4646868364664552,-0.1944740655687548,0.3138562001501448,0.025890094376031514
3805040100,3.531057207529012,0.34033074629141197,0.4644741925825897,-0.21264388386550903,0.3140164721298895,0.02631427416152249
3806040100,3.531951264755084,0.34074617367039867,0.46428722577092746,-0.18696681166226536,0.31417680163825423,0.026569372032144434
3807040100,3.5328454057178282,0.3412276780241169,0.4640228567531857,-0.2643690177417578,0.3143371901427976,0.026890487881319314
3808040100,3.533739665029963,0.3416913903324484,0.46384251934890885,-0.18033740427687028,0.3144976355872906,0.027193754745157783
3809040100,3.534634005037416,0.34215451830345334,0.46362852980942265,-0.21398953948627053,0.31465814419790306,0.02749637410555028
3810040100,3.535528440760727,0.3426294933211554,0.46342286146829403,-0.20566834112860233,0.314818709231222,0.02781078408993337
3811040100,3.5364229684392887,0.34303178332257206,0.4632169083813065,-0.20595308698745796,0.3149793333973854,0.028052449925186684
3812040100,3.537317588162496,0.3434140609028455,0.46300443263568963,-0.21247574561688587,0.31514001603528996,0.028274044867555526
3813040100,3.538212302805689,0.34382293860771773,0.462827845419359,-0.17658721633060737,0.3153007571749704,0.028522181432747318
3814040100,3.5391070963055338,0.34424842221444196,0.4626608505916068,-0.16699482775223673,0.3154615573472377,0.028786864867204276
3815040100,3.54000196435279,0.3446124281349939,0.4624800890627833,-0.18076152882344676,0.31562241367840826,0.02899001445658561
3816040100,3.5408969130648624,0.34512735720872156,0.4622905234079344,-0.18956565484889376,0.315783325405647,0.029344031803074544
3817040100,3.5417919463391785,0.34553892814261583,0.46213131810581914,-0.15920530211527273,0.3159442936409107,0.02959463450170513
3818040100,3.542687050607616,0.34595333750436774,0.4618959715594515,-0.2353465463676252,0.31610531909787554,0.029848018406492205
3819040100,3.543582259782138,0.34639906328210096,0.4617118316028973,-0.18413995655419624,0.31626639934748013,0.03013266393462083
3820040100,3.5444775510027537,0.3468442905737787,0.46152579317050985,-0.18603843238743312,0.3164275405058312,0.030416750067947473
3821040100,3.5453729250845276,0.3473421738582516,0.46132355781526624,-0.20223535524360614,0.3165887384722481,0.030753435386003503
3822040100,3.5462683892063835,0.34779538628892653,0.46112103204843274,-0.20252576683347978,0.3167499934061304,0.03104539288279612
3823040100,3.5471639434609172,0.3482048278592499,0.4608915335122332,-0.22949853619955118,0.3169113066135978,0.0312935212456521
3824040100,3.5480595998077744,0.34863697463215304,0.4606838157412788,-0.20771777095443145,0.317072678125065,0.03156429650708803
3825040100,3.548955348517121,0.34909178926300993,0.46049751641238235,-0.1862993288964354,0.31723411011013525,0.031857679152874685
3826040100,3.5498511800322894,0.34950959387810865,0.46029935328942184,-0.1981631229604932,0.31739560082986173,0.032113993048246914
3827040100,3.5507470995923422,0.34986773224991524,0.4600892989569904,-0.21005433243149907,0.3175571485746893,0.032310583675225935
3828040100,3.5516431124421923,0.35029026383755724,0.459897265631248,-0.19203332574241028,0.3177187543024722,0.03257150953508503
3829040100,3.5525392105437175,0.35071164214983586,0.45973470135334127,-0.16256427790673345,0.3178804189731146,0.03283122317672127
3830040100,3.55343538078854,0.35124915407560325,0.45953944820511256,-0.1952531482286921,0.3180421411499452,0.03320701292565803
3831040100,3.554331637652126,0.35163137762611396,0.4593442811353888,-0.19516706972377285,0.3182039184793837,0.03342745914673029
3832040100,3.555227981062143,0.3520057778227296,0.45909032336603184,-0.2539577693569127,0.318365753586793,0.03364002423593665
3833040100,3.5561244370380853,0.3524357788916768,0.4589135978964025,-0.17672546962934432,0.3185276464723614,0.033908132419315395
3834040100,3.5570209713128818,0.35283443240538104,0.4587403879781781,-0.17320991822434462,0.3186896018506786,0.03414483055470241
3835040100,3.5579175823017835,0.35332112978187646,0.45853887277878114,-0.20151519939699247,0.3188516135455046,0.034469516236371844
3836040100,3.5588142825072544,0.35372079549753827,0.4583525862316223,-0.18628654715886528,0.31901368128243845,0.03470711421509981
3837040100,3.5597110651547426,0.35422869513228933,0.4581216565148426,-0.23092971677967156,0.3191758073341262,0.035052887798163124
3838040100,3.560607949958098,0.3546877166360073,0.4579337967065287,-0.18785980831384974,0.31933799048886513,0.03534972614714216
3839040100,3.5615049178293003,0.35515991563453936,0.45769115705723573,-0.24263964929291693,0.31950023432597874,0.03565968130856062
3840040100,3.5624019929440514,0.3556807911284944,0.4574723932593135,-0.21876379792223366,0.3196625354066214,0.036018255721873005
3841040100,3.563299164704263,0.3561531193391189,0.45724644953991295,-0.22594371940055324,0.3198248981197267,0.03632822121939222
3842040100,3.564196436236807,0.3566506867578162,0.45699548136347057,-0.25096817644238323,0.3199873205625714,0.036663366195244795
3843040100,3.5650938185382977,0.3571712423580745,0.4567681968820276,-0.2272844814430145,0.3201498033161627,0.0370214390419118
3844040100,3.5659913011067728,0.35756949175748176,0.4565276527825913,-0.24054409943628485,0.32031234838774125,0.03725714336974051
3845040100,3.56688888974124,0.3579878950147146,0.4562749297303107,-0.2527230522805597,0.320474953891015,0.03751294112369963
3846040100,3.567786589755964,0.35846310437194956,0.456082918706511,-0.1920110237996877,0.3206376208922741,0.03782548347967546
3847040100,3.568684374355574,0.35889624218021215,0.45588035003027927,-0.20256867623175534,0.32080035037101595,0.0380958918091962
3848040100,3.569582248155058,0.3594051444999249,0.4556487845830309,-0.23156544724841133,0.32096313748484206,0.038442007015082824
3849040100,3.570480223877834,0.35991022965947655,0.45543774302642187,-0.21104155660898172,0.3211259830838813,0.03878424657559526
3850040100,3.5713782924483937,0.3603105612748947,0.45518815634325305,-0.24958668316883936,0.3212888894903152,0.03902167178457949
3851040100,3.5722764707730503,0.36075397995594344,0.4549398242863558,-0.24833205689720328,0.3214518550725316,0.03930212488341184
3852040100,3.5731747582445608,0.3612676363095428,0.4547434238573502,-0.19640042900559407,0.32161488291376017,0.039652753395782614
3853040100,3.5740731319987167,0.36185188988874667,0.45452495024335576,-0.21847361399445508,0.3217779729203194,0.04007391696842727
3854040100,3.5749716016919963,0.36227953445897665,0.45427068774305723,-0.2542625002985045,0.3219411209559375,0.04033841350303913
3855040100,3.5758701829865074,0.36260694613883626,0.4539803134333987,-0.29037430965850064,0.3221043287882104,0.04050261735062588
3856040100,3.576768891661438,0.3630509541650455,0.45376774465307856,-0.21256878032009197,0.3222675992779074,0.040783354887138135
3857040100,3.5776676935372818,0.36344641173985237,0.45360499536427534,-0.16274928880316497,0.32243093531004874,0.04101547642980363
3858040100,3.5785665667432016,0.36377551762406807,0.45338341932953147,-0.2215760347439404,0.32259433068933063,0.041181186934737435
3859040100,3.5794655370236255,0.3642885969118022,0.4531856840696679,-0.1977352598635247,0.3227577814525091,0.0415308154592931
3860040100,3.5803645938964217,0.364735910200031,0.4530208210368062,-0.1648630328617292,0.3229212922939162,0.04181461790611479
3861040100,3.5812637229392883,0.3652076457179071,0.4527633022044069,-0.2575188323992986,0.3230848613210462,0.0421227843968609
3862040100,3.582162964664119,0.3656875819936974,0.45253812797609955,-0.22517422830736156,0.32324848592229927,0.04243909607139812
3863040100,3.5830623048690855,0.36616367129448135,0.4523001541981968,-0.23797377790272956,0.32341217348422546,0.04275149781025589
3864040100,3.58396174910252,0.3666227069300451,0.4520574790242458,-0.2426751739509928,0.3235759214377012,0.04304678549234392
3865040100,3.5848612993671467,0.3670767580848829,0.4518161328508782,-0.24134617336767605,0.32373973080834517,0.04333702727653771
3866040100,3.5857609550297487,0.367510331217693,0.4515827537661749,-0.23337908470329494,0.3239036019768484,0.04360672924084458
3867040100,3.5866607125611925,0.36793624656675744,0.4513513174607916,-0.2314363053833267,0.3240675348438913,0.04386871172286616
3868040100,3.5875605710650684,0.36840546999904455,0.45112961173516036,-0.22170572563123192,0.32423152878216044,0.044173941216884116
3869040100,3.5884605262508584,0.3687656049945402,0.45091124159419355,-0.2183701409668365,0.3243955836437067,0.04437002135083351
3870040100,3.5893605766207313,0.3692061541105945,0.4506706375361124,-0.24060405808110863,0.32455969866139256,0.04464645544920193
3871040100,3.5902607318164015,0.36968050453966744,0.4504842157345412,-0.18642180157117993,0.3247238735767439,0.044956630962923516
3872040100,3.591160968196045,0.3701129812850703,0.4502570640731221,-0.22715166141916232,0.32488811016371244,0.04522487112135787
3873040100,3.5920613034546354,0.3704891270761297,0.45001242236331795,-0.24464170980413125,0.3250524041230207,0.045436722953108966
3874040100,3.5929617451536187,0.3709991660080922,0.4497882098159466,-0.22421254737139118,0.32521675869785227,0.045782407310239914
3875040100,3.5938622843572063,0.3714531452942027,0.4495917694710761,-0.1964403448704699,0.32538117528416777,0.046071970010034935
3876040100,3.5947629089507336,0.3719169927657467,0.4493277223168048,-0.2640471542713493,0.3255456522658591,0.046371340499887614
3877040100,3.595663648267204,0.37237905204460986,0.4490911561785385,-0.2365661382662918,0.32571018744432223,0.04666886460028763
3878040100,3.5965644903133573,0.3728321458883676,0.44884908642135524,-0.24206975718326562,0.32587478619367616,0.04695735969469145
3879040100,3.597465437426972,0.3731251750029169,0.44860734762489873,-0.2417387964564881,0.3260394463387968,0.04708572866412014
3880040100,3.5983664894117133,0.37355421806894007,0.4483695453764811,-0.23780224841770414,0.3262041683228212,0.047350049746118894
3881040100,3.5992676445084517,0.37399223120647174,0.44821154979785843,-0.15799557862265068,0.3263689521258222,0.04762327908064956
3882040100,3.600168868084523,0.3743996244695361,0.4479850496344611,-0.22650016339731005,0.32653379744193245,0.04786582702760367
3883040100,3.6010701897923263,0.3748501925468347,0.44775354885622126,-0.23150077823977555,0.3266986979491655,0.04815149459766921
3884040100,3.6019716117506073,0.37519902510711833,0.44753690062526486,-0.21664823095640373,0.326863659086051,0.04833536602106736
3885040100,3.6028731274837704,0.3755536657800085,0.44729812408813674,-0.23877653712813252,0.327028681255527,0.04852498452448151
3886040100,3.6037747465209025,0.375992935766665,0.44710987820502973,-0.1882458831069902,0.3271937632869637,0.04879917247970128
3887040100,3.6046764469642487,0.37631411332169556,0.4469183790793169,-0.1914991257128018,0.3273589069403755,0.04895520638132006
3888040100,3.605578230187876,0.37672475767136626,0.446684047855042,-0.2343312242749266,0.3275241082190874,0.049200649452278866
3889040100,3.6064801146620353,0.37712715373708683,0.44650847970667745,-0.17556814836456247,0.3276893673875918,0.04943778634949503
3890040100,3.6073820749637506,0.37752869622697943,0.4462877163355268,-0.22076337115069444,0.32785468784486227,0.04967400838211716
3891040100,3.608284130573295,0.37795838670267756,0.44607063359951726,-0.21708273600949868,0.32802006494439695,0.04993832175828061
3892040100,3.609186279858798,0.37835546731547004,0.44585353364177316,-0.2170999577441265,0.3281855022712037,0.05016996504426635
3893040100,3.610088522785172,0.3788497521912209,0.44562186129846454,-0.2316723433086434,0.3283509995405076,0.0504987526507133
3894040100,3.610990865590964,0.37924032885423214,0.44540606069117034,-0.21580060729420014,0.32851655676027036,0.05072377209396178
3895040100,3.611893301389927,0.3797534804618181,0.44514103047231435,-0.265030218855964,0.32868217509008346,0.051071305371734654
3896040100,3.612795851338669,0.3802966084134036,0.444927434998187,-0.2135954741273639,0.3288478532808199,0.051448755132583734
3897040100,3.6136984932378655,0.380641648794789,0.4446518870354002,-0.2755479627867674,0.32901359523244267,0.05162805356234634
3898040100,3.614601253696537,0.3810344612648745,0.4443606280090569,-0.2912590263432877,0.32917939688406506,0.051855064380809446
3899040100,3.615504139400134,0.3814145214820086,0.44416808414035397,-0.19254386870294704,0.32934526313942314,0.05206925834258547
3900040100,3.6164071078578854,0.3817857444285518,0.44395123263673936,-0.2168515036146068,0.3295111952452885,0.0522745491832633
3901040100,3.6173101694769785,0.38221094898447033,0.44374036192863153,-0.21087070810781627,0.3296771854085989,0.05253376357587142
3902040100,3.6182133216472847,0.3826834403958441,0.44353352841897525,-0.20683350965628378,0.32984323555609407,0.05284020483975005
3903040100,3.619116562596153,0.3831287879737071,0.4432992157879069,-0.23431263106844746,0.3300093452219919,0.05311944275171521
3904040100,3.6200199040716874,0.38353153472939516,0.44304067672482117,-0.25853906308569496,0.3301755140941296,0.053356020635265566
3905040100,3.6209233564101506,0.38393753814321774,0.4427951808241994,-0.2454959006217785,0.33034174434835606,0.05359579379486168
3906040100,3.6218269139626695,0.38435603603084645,0.4425705429927065,-0.2246378314928854,0.33050803790287375,0.053847998127972696
3907040100,3.62273056774223,0.3848091313031086,0.44234382906257336,-0.2267139301331289,0.3306743937343981,0.05413473756871051
3908040100,3.6236343185919258,0.385221310485422,0.4421103947499283,-0.23343431264507375,0.3308408102037568,0.054380500281665245
3909040100,3.6245381693406267,0.38567996511686786,0.44185911870627786,-0.25127604365045675,0.3310072874810679,0.05467267763579997
3910040100,3.625442127568719,0.3861113257018709,0.44162783970776803,-0.23127899850984945,0.33117382610256385,0.05493749959930705
3911040100,3.6263461846723377,0.38653857566294947,0.4413727694247645,-0.2550702830035496,0.3313404274808285,0.05519814818212099
3912040100,3.6272503507665665,0.38700807316424435,0.4411308480249532,-0.24192139981128857,0.33150709004596024,0.05550098311828411
3913040100,3.6281546201785804,0.38736098611839553,0.4408904913557458,-0.2403566692073833,0.3316738156785739,0.05568717043982163
3914040100,3.629058992187716,0.38772037064967024,0.4406284369064339,-0.26205444931194966,0.33184060334885146,0.05587976730081878
3915040100,3.629963475996216,0.38809167794202604,0.440424333498958,-0.20410340747590228,0.3320074529396493,0.05608422500237675
3916040100,3.6308680468376036,0.38857361839480165,0.44021664019329954,-0.20769330565848443,0.3321743661650949,0.056399252229706764
3917040100,3.631772706203985,0.38895501021884993,0.4400026085362906,-0.21403165700896043,0.33234133847005864,0.05661367174879128
3918040100,3.6326774567561233,0.38930921066392227,0.4397326599025352,-0.26994863375540845,0.3325083701435929,0.056800840520329354
3919040100,3.633582322257708,0.38971637122726926,0.43951258654712766,-0.22007335540752138,0.3326754616908829,0.05704090953638635
3920040100,3.6344872814220737,0.3901068355484643,0.4393057646002904,-0.20682194683724864,0.3328426175164729,0.05726421803199139
3921040100,3.6353923285694965,0.39058465941605547,0.4390720147239903,-0.23374987630008393,0.333009833704061,0.05757482571199446
3922040100,3.636297475108645,0.39098692346174324,0.43884619665349806,-0.22581807049229063,0.33317710921822297,0.057809814243520274
3923040100,3.6372027176199055,0.39135190985195534,0.4385761073763878,-0.2700892771102632,0.3333444461820463,0.058007463669909054
3924040100,3.6381080748578047,0.39170827030322775,0.4383433588808962,-0.2327484954916217,0.33351184397838907,0.05819642632483868
3925040100,3.639013530908007,0.3921148135911304,0.43812888445221443,-0.21447442868178923,0.3336793060914829,0.05843550749964749
3926040100,3.639919077968917,0.3925089832487557,0.4379183773547016,-0.2105070975127843,0.3338468295940409,0.05866215365471483
3927040100,3.6408247143165196,0.3930094220006111,0.4376823314940351,-0.2360458606664938,0.3340144130573037,0.05899500894330739
3928040100,3.641730450735364,0.39344993500080244,0.43745204925647097,-0.23028223756415356,0.33418205617620345,0.059267878824598996
3929040100,3.64263628473334,0.39392609410382995,0.43716799670834433,-0.2840525481266577,0.33434976096170743,0.05957633314212252
3930040100,3.6435422390287533,0.39435278256947875,0.4369133922529225,-0.2546044554218584,0.33451752696760906,0.0598352556018697
3931040100,3.6444483010880906,0.3948305531752228,0.4366403785700871,-0.2730136828353822,0.33468535841815594,0.06014519475706687
3932040100,3.645354478637987,0.3952971617025976,0.4363916152142335,-0.2487633558536061,0.3348532530088626,0.060443908693735005
3933040100,3.6462607613612303,0.39575290274539154,0.43611672260638207,-0.27489260785142167,0.3350212121885576,0.06073169055683392
3934040100,3.6471671602396407,0.3961493336116029,0.4358468460335141,-0.26987657286795896,0.3351892340618363,0.06096009954976661
3935040100,3.6480736730870755,0.39656085882844455,0.43558185911138936,-0.26498692212473784,0.3353573206816307,0.06120353814681384
3936040100,3.648980297774392,0.39694870972470053,0.4353461029623209,-0.2357561490684391,0.3355254716600946,0.06142323806460592
3937040100,3.6498870219109905,0.3973304957709536,0.43510234506879536,-0.24375789352556232,0.33569368661954613,0.06163680915140746
3938040100,3.650793848819264,0.3977498217908761,0.4348700170541828,-0.23232801461254038,0.33586196327726725,0.06188785851360884
3939040100,3.6517007736300675,0.39819093785835935,0.43464032529492946,-0.2296917592533374,0.33603030226542785,0.0621606355929315
3940040100,3.6526077951843665,0.3986021832961462,0.4343913927399976,-0.24893255493184985,0.336198702695615,0.06240348060053119
3941040100,3.653514921532126,0.39903682009500646,0.43413105045102407,-0.2603422889735305,0.33636716436765823,0.06266965572734823
3942040100,3.654422157416381,0.3994344306891481,0.4338851885302953,-0.24586192072880564,0.3365356887922175,0.06289874189693057
3943040100,3.655329496688201,0.39985019793989524,0.4336271300805392,-0.25805844975605996,0.3367042768669073,0.06314592107298794
3944040100,3.656236944417361,0.40031157799050016,0.43338715851316884,-0.2399715673704006,0.33687292746544983,0.06343865052505032
3945040100,3.657144492948043,0.40064282274547935,0.4331376456461176,-0.24951286705119846,0.33704164154646676,0.06360118119901259
3946040100,3.6580521462327074,0.40101663002879606,0.43286477278843555,-0.27287285768206215,0.33721041770268556,0.0638062123261105
3947040100,3.6589599140139812,0.40141228487064784,0.43265667367896976,-0.20809910946578825,0.3373792566849758,0.06403302818567203
3948040100,3.6598677690675707,0.40180720210935406,0.43242691478176887,-0.22975889720086728,0.3375481603224557,0.06425904178689834
3949040100,3.6607757204314617,0.40210501902547297,0.4321858109304865,-0.24110385128232314,0.3377171235652199,0.06438789546025309
3950040100,3.6616837728096923,0.40257066069726427,0.4319446537754272,-0.24115715505929436,0.3378861481096216,0.06468451258764268
3951040100,3.6625919261717907,0.4029567584390331,0.43175181984773686,-0.19283392769030339,0.3380552348466246,0.06490152359240853
3952040100,3.663500160244544,0.4034291211645478,0.4314745115286414,-0.27730831909543274,0.3382243837861587,0.06520473737838911
3953040100,3.664408510325508,0.40381960551220136,0.4312365723782183,-0.23793915042310765,0.3383935911663549,0.06542601434584644
3954040100,3.6653169598894397,0.40425755246425316,0.4309549236455626,-0.2816487326556335,0.3385628635785132,0.06569468888573998
3955040100,3.666225527144955,0.4046946216151259,0.4307138041939476,-0.24111945161502202,0.33873219795969334,0.06596242365543259
3956040100,3.6671341950989618,0.40519860064914087,0.43044844719950276,-0.2653569944449342,0.33890159772067463,0.06629700292846624
3957040100,3.6680429738127005,0.40564114770822063,0.4301830264567681,-0.2654207427346418,0.3390710597099229,0.06657008799829772
3958040100,3.668951863248765,0.40604039102376926,0.4298835128525063,-0.2995136042617704,0.3392405858201073,0.06679980520366197
3959040100,3.6698608775523636,0.40648468046888947,0.4296142012542824,-0.2693115982239086,0.3394101760612642,0.06707450440762525
3960040100,3.6707700040626214,0.40690230499110075,0.42936611428716154,-0.24808696712086575,0.33957983309078443,0.06732247190031632
3961040100,3.671679233878108,0.4074235997927563,0.4290949883846053,-0.27112590255620794,0.33974955456380584,0.06767404522895043
3962040100,3.6725885765284074,0.4078398352245772,0.4288367313591558,-0.2582570254495239,0.33991933883514847,0.06792049638942871
3963040100,3.673498026595701,0.40830121788865925,0.4285259675720841,-0.31076378707166763,0.34008918770095065,0.0682120301877086
3964040100,3.674407605838747,0.4087713697395826,0.4282672729940275,-0.25869457805661267,0.34025910016621097,0.06851226957337164
3965040100,3.6753172925468447,0.4092071800333014,0.42798545365917173,-0.28181933485577293,0.34042908031423025,0.06877809971907117
3966040100,3.67622709625703,0.40962528375996565,0.42769868322886895,-0.28677043030274674,0.3405991241058892,0.06902615965407644
3967040100,3.67713701895066,0.4099772427221226,0.4274285838659842,-0.2700993628847438,0.34076923334115605,0.06920800938096655
3968040100,3.6780470536423393,0.41037851752376786,0.4271668745194479,-0.2617093465363174,0.34093940840858394,0.06943910911518392
3969040100,3.678957196789777,0.410728478841544,0.4269379069034563,-0.2289676159916071,0.34110964801947574,0.06961883082206827
3970040100,3.679867434773247,0.4111589441953488,0.42668385156907096,-0.2540553343853138,0.3412799515281577,0.06987899266719111
3971040100,3.6807777779279744,0.41156164145970103,0.4264551256098971,-0.22872595917386274,0.3414503164018896,0.07011132505781142
3972040100,3.681688215718099,0.41202262856537625,0.4261856581142737,-0.269467495623374,0.3416207445905748,0.07040188397480146
3973040100,3.6825987649393244,0.41243783156715197,0.42592964178270193,-0.2560163315717702,0.34179123413726487,0.0706465974298871
3974040100,3.683509419968032,0.4127803519102631,0.42564393021435315,-0.2857115683487911,0.3419617882030934,0.07081856370716966
3975040100,3.6844201930063156,0.4132029745346948,0.42538065365965144,-0.26327655470170064,0.34213240575146386,0.07107056878323093
3976040100,3.6853310747218555,0.4136472654639489,0.4251534063699635,-0.2272472896879303,0.34230308908576035,0.07134417637818857
3977040100,3.6862420501914555,0.4139850019755401,0.42488563695399806,-0.26776941596548287,0.3424738364745039,0.0715111655010362
3978040100,3.687153136072712,0.4143147801107057,0.4246065183257639,-0.279118628234174,0.34264464513600146,0.07167013497470426
3979040100,3.6880643369758066,0.41472573160236414,0.424380373687038,-0.22614463872590007,0.3428155182093988,0.07191021339296533
3980040100,3.688975631018659,0.4151584652964956,0.4241579226323513,-0.22245105468673587,0.34298645657669624,0.07217200871979934
3981040100,3.6898870166345645,0.4155539697119543,0.42389443752011946,-0.26348511223183824,0.3431574561490045,0.0723965135629498
3982040100,3.6907985106570447,0.41593353500057634,0.4236195684409128,-0.2748690792065702,0.3433285166467783,0.07260501835379801
3983040100,3.691710117702404,0.416436160368647,0.42336289557594003,-0.2566728649727975,0.3434996412450957,0.07293651912355131
3984040100,3.6926218302263902,0.41671712227621244,0.42311380744327676,-0.24908813266330065,0.3436708308277012,0.07304629144851121
3985040100,3.6935336450546616,0.41714093307074396,0.4228025588914623,-0.31124855181445577,0.34384208399475824,0.07329884907598572
3986040100,3.694445587637935,0.41751345287804076,0.42260195444464516,-0.20060444681711764,0.3440134001661157,0.07350005271192506
3987040100,3.695357612514441,0.41781193796350596,0.42232945206724887,-0.27250237739628647,0.3441847841412944,0.07362715382221158
3988040100,3.696269749119814,0.4181906845515668,0.4220822268137164,-0.24722525353255054,0.34435622739281513,0.0738344571587517
3989040100,3.6971819870315663,0.4185855186020102,0.42187179447560275,-0.2104323381136134,0.3445277354691427,0.07405778313286748
3990040100,3.6980943111290054,0.41906394763699517,0.4216208493215713,-0.2509451540314809,0.3446993064270494,0.07436464120994579
3991040100,3.6990067379519416,0.4195486080342676,0.421361445350953,-0.25940397061828646,0.3448709374373422,0.07467767059692537
3992040100,3.699919270902632,0.42002237291618255,0.42105966031820763,-0.30178503274537305,0.3450426316263382,0.07497974128984436
3993040100,3.700831927242809,0.42040164542059805,0.42075416526125353,-0.30549505695406964,0.3452143896504616,0.07518725577013646
3994040100,3.7017447084047155,0.42082891203010975,0.42045354586582634,-0.3006193954272326,0.3453862147764326,0.07544269725367714
3995040100,3.7026576123130535,0.42120617678299205,0.42019979131531576,-0.2537545505105657,0.34555810729295544,0.0756480694900366
3996040100,3.7035706197681453,0.42156799372850334,0.419921562659347,-0.27822865596874324,0.34573006682822083,0.07583792690028252
3997040100,3.704483740689294,0.421993974267774,0.419667957830629,-0.25360482871799916,0.3459020897831522,0.07609188448462184
3998040100,3.7053969649729344,0.42241058546482735,0.41942172902744834,-0.24622880318067486,0.3460741780434944,0.07633640742133296
3999040100,3.7063102895566002,0.42276913196941,0.41914294329553553,-0.2787857319127939,0.3462463297219145,0.07652280224749552
4000040100,3.707223727635347,0.42311778882385626,0.4188683850247331,-0.2745582708024368,0.34641854425695584,0.07669924456690042
4001040100,3.708137277418767,0.4235280758862818,0.4186225178645375,-0.24586716019556842,0.3465908241532425,0.07693725173303928
4002040100,3.709050927175368,0.4239125443769237,0.41838127545611653,-0.24124240842102018,0.34676316909050797,0.07714937528641574
4003040100,3.7099646749709763,0.4242684518677628,0.41810877457994494,-0.2725008761715676,0.3469355768719993,0.07733287499576352
4004040100,3.7108785334448253,0.42458329707411113,0.41784879029035976,-0.2599842895851694,0.34710804714818977,0.07747524992592136
4005040100,3.7117924974499554,0.424943024403595,0.41760275087359633,-0.24603941676343866,0.3472805823209697,0.0776624420826253
4006040100,3.7127065612690515,0.42537468706679593,0.41737699042730586,-0.2257604462904852,0.34745318143538384,0.07792150563141209
4007040100,3.713620716626603,0.42578795219331933,0.4171284466338346,-0.24854379347128264,0.3476258434277284,0.07816210876559093
4008040100,3.7145349727066272,0.42618756250231005,0.41684344861112826,-0.2849980227063249,0.3477985667497876,0.07838899575252245
4009040100,3.715449344212705,0.42657920481705874,0.4165671989380091,-0.2762496731191637,0.34797135315187333,0.07860785166518541
4010040100,3.7163638275308135,0.4269338682004662,0.4162973545658557,-0.26984437215336476,0.34814420542961955,0.07878966277084665
4011040100,3.7172784200010285,0.42734214308486634,0.4160310895485796,-0.26626501727611884,0.34831712291742534,0.079025020167441
4012040100,3.7181931201102225,0.4278186194902562,0.41578298311021267,-0.24810643836691137,0.34849010512946066,0.07932851436079552
4013040100,3.719107920459332,0.4282369801339246,0.4155076326981195,-0.27535041209322564,0.34866315179639074,0.07957382833753385
4014040100,3.7200228319895348,0.4285973945810512,0.41519760689350194,-0.31002580461761065,0.34883626153461833,0.0797611330464329
4015040100,3.7209378686190533,0.42903848810146805,0.41491618000358294,-0.28142688991901654,0.3490094364310323,0.08002905167043572
4016040100,3.7218530187317116,0.4294852604578326,0.41466338431192656,-0.25279569165636173,0.34918267913833745,0.08030258131949514
4017040100,3.7227682707204135,0.4298968622062072,0.41436974728744447,-0.2936370244821127,0.3493559874756862,0.08054087473052102
4018040100,3.723683640970688,0.43023748908296117,0.4140727567319723,-0.2969905554721878,0.3495293592617159,0.08070812982124526
4019040100,3.7245991307528783,0.4306785637948867,0.41379290674491087,-0.27984998706143493,0.3497027976173541,0.0809757661775326
4020040100,3.7255147330944043,0.43104837860915096,0.41354824310142174,-0.2446636434890873,0.34987630280168247,0.08117207580746849
4021040100,3.7264304337841074,0.431457084867538,0.4132528538156367,-0.2953892857850141,0.3500498735112174,0.08140721135632056
4022040100,3.727346253139287,0.43191698186937666,0.4129927347530762,-0.26011906256051354,0.35022350706839234,0.08169347480098432
4023040100,3.72826217692482,0.43230242652120937,0.41271273124687186,-0.2800035062043369,0.35039720734262403,0.08190521917858534
4024040100,3.7291782130544804,0.43267100702767763,0.41240659333401486,-0.30613791285700076,0.3505709716513188,0.08210003537635885
4025040100,3.7300943719318322,0.4330412081363701,0.4121372902527061,-0.26930308130875835,0.35074480151271104,0.08229640662365906
4026040100,3.7310106387167585,0.4334712735763833,0.41187606251913816,-0.26122773356794016,0.3509186989192159,0.08255257465716742
4027040100,3.73192701011004,0.4339046863992849,0.41161366564961,-0.2623968695281057,0.35109266107190606,0.08281202532737886
4028040100,3.7328434865169027,0.43432694673039157,0.4113208567809395,-0.2928088686704854,0.3512666873609618,0.08306025936942979
4029040100,3.7337600800340054,0.43471297733966546,0.4110258875159399,-0.29496926499958853,0.3514407778797093,0.08327219945995618
4030040100,3.734676791445951,0.4351689421975616,0.41073603027205896,-0.2898572438809369,0.35161493494326734,0.08355400725429424
4031040100,3.735593618631841,0.43549109478868,0.41046389741440825,-0.2721328576507137,0.3517891587189297,0.0837019360697503
4032040100,3.736510554442145,0.435913597018252,0.41015626730633403,-0.3076301080741525,0.3519634488217349,0.08395014819651708
4033040100,3.7374276129641584,0.43625245103824517,0.4099152807702436,-0.24098653609047327,0.35213780391000427,0.0841146471282409
4034040100,3.738344767553559,0.43663916359007304,0.40962365561337577,-0.2916251568678295,0.352312226680386,0.08432693690968707
4035040100,3.739262038325807,0.43705263391520915,0.4093735595398544,-0.2500960735214499,0.35248671208223925,0.0845659218329699
4036040100,3.7401794086736664,0.4374397254383798,0.40909914106185136,-0.27441847800296637,0.3526612639590425,0.08477846147933726
4037040100,3.741096888215067,0.4378323390814484,0.4088108990977726,-0.28824196407875713,0.35283587916735826,0.08499645991409016
4038040100,3.742014482376097,0.4382564915987552,0.4085354532478031,-0.27544584996948374,0.35301055955423166,0.08524593204452352
4039040100,3.742932185997137,0.43868314423850124,0.4082568430606511,-0.2786101871520511,0.3531853061701753,0.08549783806832595
4040040100,3.7438500002648385,0.4391326982572994,0.40796199773911235,-0.29484532153872534,0.3533601180500412,0.0857725802072582
4041040100,3.744767931549196,0.4395690256468484,0.40766543130679533,-0.2965664323170011,0.35353499543704103,0.08603403020980738
4042040100,3.7456859804527753,0.44002124862904596,0.4073568975852557,-0.3085337215396715,0.3537099395626164,0.08631130906642953
4043040100,3.746604151636146,0.44045630593702995,0.40705448778110037,-0.3024098041552763,0.3538849505598307,0.08657135537719923
4044040100,3.747522442587424,0.4407814866068881,0.4067436091924703,-0.310878588630061,0.35406002933576275,0.08672145727112535
4045040100,3.7484408565730907,0.44112609056904795,0.40644082737324183,-0.30278181922851044,0.35423517543021177,0.08689091513883618
4046040100,3.749359390303417,0.4414991970578582,0.4061927174631839,-0.24810991005791783,0.35441038948503234,0.08708880757282583
4047040100,3.750278022093892,0.4419223927106723,0.40593459110734625,-0.25812635583767074,0.3545856708914492,0.08733672181922308
4048040100,3.751196755843282,0.44240628987994757,0.4056618515138168,-0.2727395935294953,0.3547610155284815,0.08764527435146607
4049040100,3.7521155972572484,0.4427626169554131,0.40536360325156146,-0.2982482622553023,0.354936424156044,0.0878261927993691
4050040100,3.753034556327159,0.44306269090775696,0.40503441924925726,-0.32918400230419786,0.3551118978799259,0.08795079302783104
4051040100,3.7539536451619506,0.4434603542228395,0.4047686911353145,-0.2657281139427625,0.3552874386257763,0.08817291559706325
4052040100,3.75487283867456,0.44386703463368443,0.4045308740275037,-0.23781710781072474,0.35546304872585566,0.08840398590782877
4053040100,3.7557921258150153,0.44425287769407246,0.40424385280900815,-0.2870212184955586,0.35563872340502556,0.0886141542890469
4054040100,3.756711525885579,0.44463918749350884,0.40395189332071335,-0.2919594882948201,0.35581446056706767,0.08882472692644117
4055040100,3.757631040751534,0.44503188072573574,0.4036699635372864,-0.2819297834269664,0.3559902639181516,0.08904161680758416
4056040100,3.758550666394919,0.44541197961520473,0.40338741246595944,-0.28255107132694723,0.3561661338327191,0.08924584578248562
4057040100,3.759470402986516,0.44584762090289365,0.4031012693133437,-0.2861431526157212,0.3563420695598971,0.08950555134299654
4058040100,3.7603902518619803,0.4462742256530883,0.4028210479120876,-0.28022140125611195,0.35651807114969714,0.08975615450339114
4059040100,3.7613102106245964,0.44666230278514535,0.4025125689636368,-0.3084789484508388,0.356694138875163,0.08996816390998236
4060040100,3.762230290271859,0.4470546876213868,0.40220814027771656,-0.3044286859202354,0.3568702722949162,0.09018441532647059
4061040100,3.763150489130742,0.44735242205339837,0.40192258436058415,-0.2855559171323957,0.3570464735325274,0.09030594852087098
4062040100,3.764070799733319,0.4477497644514571,0.40163447613309133,-0.2881082274928375,0.3572227422862859,0.09052702216517117
4063040100,3.764991223002306,0.44818077575626936,0.4013934839344306,-0.24099219866075094,0.3573990771437039,0.09078169861256546
4064040100,3.765911740454024,0.44853142411061947,0.4011022787894947,-0.29120514493588123,0.3575754782991325,0.09095594581148697
4065040100,3.7668323716409815,0.4488940967419374,0.4007937631198886,-0.308515669606104,0.35775194222640394,0.09114215451553348
4066040100,3.7677531232389367,0.4491815190287432,0.40052511194258084,-0.268651177307767,0.3579284726901193,0.09125304633862391
4067040100,3.768673979617739,0.44951135272286774,0.4002501096106759,-0.2750023319049356,0.3581050709886142,0.09140628173425352
4068040100,3.769594943185665,0.4499129363080014,0.40001254472044023,-0.23756489023568783,0.3582817341416842,0.0916312021663172
4069040100,3.770515999294451,0.4502697968685284,0.3997535002127506,-0.25904450768965226,0.35845846262801473,0.09181133424051369
4070040100,3.7714371562520084,0.4505780486239568,0.3994581637159891,-0.2953364967615236,0.3586352536524444,0.09194279497151236
4071040100,3.772358428111783,0.45098718919138703,0.39918485986150826,-0.27330385448083705,0.3588121088249423,0.09217508036644473
4072040100,3.773279806230271,0.4513191967548921,0.398935629690445,-0.24923017106327272,0.35898903086060585,0.09233016589428628
4073040100,3.7742012811877896,0.4516756495564815,0.39863552410790015,-0.3001055825449086,0.359166018116877,0.0925096314396045
4074040100,3.7751228726761545,0.4520292755831934,0.39837370759700713,-0.2618165108930134,0.35934306880036004,0.09268620678283335
4075040100,3.7760445657599466,0.45242467678955556,0.3980993413764418,-0.2743662205653917,0.3595201867113893,0.09290449007816626
4076040100,3.776966365241167,0.4529386177849239,0.3978260691408569,-0.2732722355849331,0.35969736899670934,0.09324124878821455
4077040100,3.7778882706265997,0.45330444888466465,0.3975315050647502,-0.2945640761067543,0.3598746165958282,0.09342983228883645
4078040100,3.7788102900906058,0.4537373621906,0.3971770303642473,-0.35447470050292973,0.36005192943061815,0.09368543275998187
4079040100,3.779732446729267,0.4541394055653077,0.3968962661928638,-0.28076417138349796,0.3602293090905633,0.09391009647474441
4080040100,3.7806547119358416,0.4545148173673414,0.3965814832636686,-0.31478292919519135,0.3604067600384866,0.0941080573288548
4081040100,3.7815770987785,0.45485003849758104,0.39628172175922277,-0.29976150444581895,0.3605842767887495,0.09426576170883155
4082040100,3.782499601367815,0.4552711354577332,0.39599491315218016,-0.2868086070425905,0.36076186187473525,0.09450927358299793
4083040100,3.7834222146246983,0.4557140311649762,0.3957279187768076,-0.26699437537263904,0.3609395141811227,0.09477451698385353
4084040100,3.7843449308354478,0.45610265284816914,0.395417533207372,-0.3103855694355663,0.36111723274757423,0.09498542010059491
4085040100,3.7852677666491634,0.4564827661807437,0.39509575104014144,-0.3217821672305514,0.361295016105057,0.0951877500756867
4086040100,3.786190726363511,0.4568369162764703,0.3948007166038001,-0.2950344363413103,0.3614728674789127,0.09536404879755755
4087040100,3.7871137995954287,0.45722454407601815,0.39450956582703706,-0.2911507767630659,0.36165078771642456,0.09557375635959359
4088040100,3.788036984771868,0.45756830921891556,0.3942310786408096,-0.27848718622746604,0.36182877483460985,0.09573953438430571
4089040100,3.7889602769505815,0.45795683045609553,0.3939354667616455,-0.2956118791641108,0.3620068285478695,0.09595000190822606
4090040100,3.7898836826329907,0.4583581657575601,0.39366148808548446,-0.2739786761609835,0.3621849479202375,0.09617321783732263
4091040100,3.7908071934407186,0.4586598898471992,0.39336474338800675,-0.2967446974777016,0.3623631342232976,0.09629675562390161
4092040100,3.7917308180308607,0.45902595687997416,0.393061178825736,-0.30356456227076334,0.3625413858575328,0.09648457102244135
4093040100,3.7926545589342364,0.45951927336927056,0.3928072055900547,-0.2539732356812523,0.36271970451113944,0.09679956885813112
4094040100,3.7935783970841257,0.459824301299015,0.39252071889573287,-0.2864866943218449,0.36289809069079126,0.09692621060822376
4095040100,3.7945023448584303,0.46021385386772806,0.3921700113755537,-0.350707520179248,0.36307654073132056,0.0971373131364075
4096040100,3.7954264267280755,0.4604825069009374,0.39191322690981073,-0.2567844657429702,0.3632550570400319,0.09722744986090548
4097040100,3.796350606708885,0.46085089923727873,0.3916137911861545,-0.2994357236562346,0.36343364436404,0.09741725487323871
4098040100,3.797274901019915,0.4611918284483738,0.39137466060648013,-0.23913057967440765,0.3636122957673038,0.09757953268107
4099040100,3.7981992865760033,0.46156162131555895,0.3910853129330014,-0.2893476734787266,0.3637910144018832,0.09777060691367573
4100040100,3.799123782467811,0.46192622914439335,0.39080940601665054,-0.27590691635081344,0.3639697958203989,0.09795643332399445
4101040100,3.8000483834979395,0.46231636735236475,0.3905187166413255,-0.2906893753250469,0.3641486437310917,0.09816772362127307
4102040100,3.8009730952233167,0.46264058738631386,0.3902302815114281,-0.28843512989741626,0.364327557145522,0.09831303024079185
4103040100,3.8018979167082882,0.46291304230843017,0.38992869149424386,-0.3015900171842235,0.364506537156025,0.09840650515240518
4104040100,3.802822852876462,0.46335991405592225,0.38965980338206024,-0.26888811218364017,0.3646855835988916,0.09867433045703067
4105040100,3.803747891221608,0.4637695886681746,0.3894166442250163,-0.24315915704393343,0.3648646974450287,0.09890489122314589
4106040100,3.8046730219091853,0.4641617699333186,0.38908577484111706,-0.33086938389927223,0.3650438762897359,0.0991178936435827
4107040100,3.8055982781602853,0.4644643698766119,0.3887730755325876,-0.3126993085294453,0.36522311824358056,0.09924125163303132
4108040100,3.8065236529863413,0.46493021858943656,0.38846872857355846,-0.30434695902914743,0.36540242976028026,0.0995277888291563
4109040100,3.8074491431332684,0.4653042900484794,0.388208960480029,-0.25976809352945973,0.36558180950462926,0.09972248054385013
4110040100,3.8083747316417664,0.465649329369032,0.38786702917762156,-0.34193130240745095,0.36576125686422856,0.09988807250480342
4111040100,3.8093004495278393,0.4660237759082949,0.38757063106153133,-0.2963981160902722,0.3659407685676861,0.10008300734060882
4112040100,3.8102262794753865,0.46640585738732493,0.38728845013138113,-0.28218093015021195,0.36612035064829485,0.10028550673903008
4113040100,3.8111522160336313,0.4667366348820443,0.38699121105153406,-0.29723907984709363,0.3662999997658325,0.10043663511621181
4114040100,3.812078264811954,0.4671375215713571,0.38668978315554486,-0.30142789598916797,0.3664797148799117,0.10065780669144536
4115040100,3.8130044273082517,0.46756550018639154,0.3864137381252205,-0.276045030324348,0.3666594970965704,0.10090600308982112
4116040100,3.8139306938726567,0.46784414238854527,0.38610222983994386,-0.31150828527660057,0.36683934672443996,0.1010047956641053
4117040100,3.814857077789938,0.46822664661305335,0.3857767130394375,-0.3255168005063629,0.36701926190686507,0.10120738470618829
4118040100,3.815783584241401,0.46869091113941846,0.38552569976860984,-0.25101327082767455,0.3671992452417534,0.10149166589766506
4119040100,3.816710185114667,0.46906364351401936,0.38522238452105734,-0.3033152475524752,0.36737929775462064,0.10168434575939872
4120040100,3.817636900005885,0.4693750318329193,0.38487765528753876,-0.34472923351853335,0.3675594139994409,0.10181561783347837
4121040100,3.8185637443792966,0.469675449818887,0.3845783387636193,-0.2993165239194616,0.3677395978019504,0.10193585201693656
4122040100,3.8194907010883035,0.47004484055524487,0.3843094656373621,-0.2688731262571509,0.36791985218805223,0.10212498836719264
4123040100,3.820417758636479,0.47044005065145345,0.3840458726421675,-0.2635929951946123,0.3681001738420626,0.10233987680939083
4124040100,3.821344914978485,0.47084479643511895,0.3837474487675674,-0.29842387460011643,0.3682805605444983,0.10256423589062064
4125040100,3.8222721830910746,0.47109965112843405,0.38343571809046706,-0.3117306771003494,0.36846101191330405,0.10263863921513
4126040100,3.823199567869944,0.47155911501805037,0.38311880331399356,-0.3169147764735155,0.3686415304908621,0.10291758452718824
4127040100,3.8241270711628808,0.47195839095737596,0.38287671901483983,-0.24208429915365548,0.3688221172483104,0.10313627370906558
4128040100,3.8250546649233765,0.47231858037195257,0.3825318064532163,-0.34491256162351247,0.36900277256401637,0.1033158078079362
4129040100,3.8259823874847294,0.47268741991207947,0.3822165849046198,-0.31522154859652074,0.36918349099182635,0.10350392892025312
4130040100,3.8269102276628866,0.47311078480304497,0.38192057923247624,-0.2960056721435663,0.36936428001740396,0.10374650478564101
4131040100,3.8278381782040034,0.47352566071142366,0.38161990769541226,-0.30067153706399463,0.3695451374806602,0.10398052323076346
4132040100,3.828766240764465,0.4738339762990687,0.38129152268691285,-0.32838500849939944,0.36972606198569125,0.10410791431337746
4133040100,3.829694425573453,0.47421315135711395,0.38096694778778756,-0.32457489912528636,0.3699070538730673,0.10430609748404662
4134040100,3.8306227311142127,0.4745875354296185,0.38069543209280104,-0.271515694986486,0.3700881151562072,0.1044994202734113
4135040100,3.8315511375752487,0.4748633118628379,0.38038812513294656,-0.3073069598544944,0.3702692455583829,0.104594066304455
4136040100,3.832479658177325,0.47519674493311337,0.3800828617180397,-0.30526341490689735,0.3704504412315721,0.10474630370154125
4137040100,3.8334082920746058,0.4756168717956422,0.379826745596762,-0.2561161212776397,0.37063170477314955,0.10498516702249266
4138040100,3.8343370209598486,0.475925833908469,0.37954153075209307,-0.28521484466893243,0.3708130360360151,0.10511279787245387
4139040100,3.835265855553448,0.4763852725391226,0.3792125252807421,-0.32900547135089286,0.37099443146197686,0.10539084107714575
4140040100,3.8361948119915463,0.47674711926655927,0.37893887913241664,-0.2736461483255006,0.3711758931609488,0.10557122610561048
4141040100,3.8371238696956715,0.47719715348883807,0.37858947190781944,-0.3494072245971923,0.371357424303401,0.10583972918543705
4142040100,3.838053056600986,0.4775569125055832,0.3782885347254009,-0.3009371824185346,0.3715390208857272,0.10601789161985598
4143040100,3.838982354693674,0.47791986446848805,0.37794299964021844,-0.3455350851825223,0.37172068838646766,0.1061991760820204
4144040100,3.839911780347546,0.47832284072511305,0.3776422814339778,-0.30071820624056844,0.3719024233026964,0.10642041742241665
4145040100,3.8408413169272433,0.4787083252090988,0.37733963802830817,-0.30264340566964265,0.3720842288553676,0.10662409635373116
4146040100,3.841770965058045,0.47905538833427,0.37701657545259176,-0.3230625757163793,0.3722661018092914,0.1067892865249786
4147040100,3.8427007321722773,0.4794144175921404,0.3767018852407612,-0.3146902118305803,0.37244804230448736,0.10696637528765301
4148040100,3.843630615093112,0.4796974010798272,0.37640610923371404,-0.2957760070472212,0.37263005181380393,0.10706734926602329
4149040100,3.8445606067761355,0.4800390786486388,0.3761040306278805,-0.3020786058335604,0.3728121297339442,0.10722694891469464
4150040100,3.8454907094549498,0.48042650491543254,0.3758398073014154,-0.26422332646506874,0.37299427470340873,0.1074322302120238
4151040100,3.8464209091504213,0.4808031950164291,0.37554595139385144,-0.2938559075639773,0.37317648717715457,0.10762670783927453
4152040100,3.847351216666671,0.4810124946379854,0.37522884446185095,-0.31710693200049944,0.3733587644332168,0.1076537302047686
4153040100,3.848281640444779,0.48135383405303994,0.3749167491782174,-0.3120952836335855,0.37354110860511014,0.1078127254479298
4154040100,3.849212178555956,0.481680503305254,0.3746883286813202,-0.22842049689723487,0.3737235213651502,0.10795698194010384
4155040100,3.8501428002893143,0.4820143368337228,0.37439360472843713,-0.2947239528830249,0.37390600235348614,0.10810833448023666
4156040100,3.8510735298460617,0.4824172297891199,0.3741059615945945,-0.2876431338426013,0.3740885455635379,0.108328684225582
4157040100,3.8520043645577586,0.48279511304551015,0.37381446485284564,-0.2914967417488904,0.37427115575783176,0.10852395728767839
4158040100,3.8529353057546145,0.48316042632728207,0.3734880313242315,-0.3264335286141745,0.3744538324298361,0.10870659389744597
4159040100,3.8538663661053136,0.4835003399101589,0.37317374547080717,-0.31428585342431403,0.3746365758575152,0.1088637640526437
4160040100,3.854797541082003,0.48387345678789984,0.3728654128428212,-0.30833262798594263,0.3748193885456885,0.10905406824221131
4161040100,3.855728828424047,0.48427322323299193,0.3725695004927405,-0.2959123500806903,0.37500226962387373,0.1092709536091182
4162040100,3.856660223521879,0.4846511940963235,0.3722566402186345,-0.3128602741059212,0.3751852186661466,0.10946597543017689
4163040100,3.8575917324583475,0.485040755572579,0.3719300555080912,-0.32658471054329197,0.37536823478452774,0.10967252078805123
4164040100,3.858523360130018,0.48538082562334633,0.3716140122169924,-0.31604329109882134,0.3755513191919455,0.10982950643140083
4165040100,3.85945510260978,0.485731677471467,0.3712917948098123,-0.32221740718011493,0.3757344728692864,0.1099972046021806
4166040100,3.8603869620446747,0.4859996763818518,0.37099404391759094,-0.29775089222135154,0.3759176950630554,0.11008198131879643
4167040100,3.861318929468092,0.4863831753654639,0.37069060112559826,-0.30344279199266644,0.37610098621388843,0.11028218915157545
4168040100,3.862251006859366,0.4866683021212298,0.37042844986548645,-0.2621512601118128,0.37628434457604243,0.11038395754518737
4169040100,3.86318317918532,0.4870597781904051,0.37010818189317857,-0.3202679723078764,0.3764677705563457,0.11059200763405935
4170040100,3.8641154674052287,0.487393466993671,0.36983693044231747,-0.2712514508610786,0.37665126121283876,0.11074220578083221
4171040100,3.865047853706907,0.48774241567573756,0.3695121207020212,-0.3248097402962543,0.37683482068808516,0.1109075949876524
4172040100,3.86598035736623,0.48813760116846433,0.3692159387454003,-0.2961819566209213,0.37701844549214414,0.11111915567632019
4173040100,3.866912967953881,0.48844812829689666,0.3689118288660293,-0.3041098793709899,0.37720213943846304,0.11124598885843362
4174040100,3.8678456882468923,0.4888606276197668,0.36858421216936543,-0.32761669666393833,0.3773859004904736,0.11147472712929318
4175040100,3.868778526628651,0.489208477419156,0.3682987046755417,-0.2855074938237252,0.37756972921269494,0.11163874820646108
4176040100,3.8697114678393376,0.4895939813944281,0.36796178757840314,-0.3369170971385411,0.3777536272755704,0.11184035411885773
4177040100,3.870644530296911,0.4899019299624251,0.36765690200985907,-0.30488556854406623,0.37793759168846464,0.11196433827396046
4178040100,3.8715777023828455,0.4902801440446578,0.3673328194492583,-0.3240825606008466,0.37812162610106625,0.11215851794359155
4179040100,3.8725109909047375,0.4907017279526035,0.3670473017638379,-0.2855176854204007,0.3783057282401856,0.11239599971241787
4180040100,3.8734443819258293,0.4910926805832596,0.36672629696067227,-0.3210048031656254,0.3784898994669099,0.11260278111634969
4181040100,3.8743778880949264,0.49139583600376885,0.3663831669630902,-0.34312999758206186,0.3786741370485558,0.11272169895521306
4182040100,3.8753115172422175,0.49175973674428125,0.3660549723515157,-0.3281946115745398,0.37885844349924014,0.11290129324504111
4183040100,3.8762452639119913,0.49212531312695584,0.3657704730815942,-0.2844992699215033,0.3790428203838694,0.11308249274308646
4184040100,3.877179112376099,0.4925505733697059,0.36545527732093175,-0.3151957606624022,0.37922726664416473,0.1133233067255412
4185040100,3.8781130735295393,0.49293582625519333,0.36513891616677646,-0.3163611541552058,0.3794117791908569,0.11352404706433644
4186040100,3.879047147695663,0.4933206275143042,0.3647922647303898,-0.34665143638665763,0.37959636019382614,0.11372426732047808
4187040100,3.8799813455876295,0.49369805963692037,0.36446524985700796,-0.327014873381812,0.37978100973503004,0.11391704990189033
4188040100,3.8809156600939114,0.494062650238002,0.3641380947624959,-0.32715509451204505,0.379965729951131,0.11409692028687102
4189040100,3.8818500911645333,0.49440269085141747,0.36381427414986667,-0.32382061262918294,0.38015051945510336,0.1142521713963141
4190040100,3.8827846375129407,0.49475608409436367,0.3634965493397463,-0.31772481012041953,0.38033537825567265,0.11442070583869102
4191040100,3.883719296873826,0.4951256179194863,0.3631908238081317,-0.3057255316145814,0.38052030611684273,0.11460531180264355
4192040100,3.8846540648900554,0.4954895441296032,0.3628781195612886,-0.3127042468431005,0.3807053026086109,0.11478424152099231
4193040100,3.8855889439514897,0.4958182150603016,0.3625570102639897,-0.32110929729897064,0.3808903668863408,0.11492784817396079
4194040100,3.8865239369477327,0.49614431518987095,0.3622383809433096,-0.31862932068004035,0.3810754994408043,0.11506881574906663
4195040100,3.8874590429035547,0.49645838183305535,0.3619371263239532,-0.30125461935643216,0.3812607008622422,0.11519768097081318
4196040100,3.8883942555720123,0.4968622903720657,0.3616369097412322,-0.3002165827210067,0.3814459709756548,0.1154163193964109
4197040100,3.8893295745009686,0.49719567651888485,0.36134248665463153,-0.2944230866006854,0.3816313085609835,0.11556436795790137
4198040100,3.890264997557962,0.4976106624005026,0.3610027392141685,-0.33974744046299576,0.3818167135457706,0.11579394885473199
4199040100,3.891200540671996,0.4979957677644159,0.3606979907072063,-0.30474850696223754,0.38200218552425014,0.11599358224016576
4200040100,3.8921361913835724,0.49839964490983213,0.36035201680188467,-0.34597390532162764,0.38218772767274345,0.11621191723708868
4201040100,3.8930719641428175,0.4987859863628462,0.3600206191139914,-0.33139768789333157,0.3823733375384535,0.11641264882439273
4202040100,3.894007853702714,0.4991511218152415,0.3596794328593956,-0.3411862545958557,0.38255901800631875,0.11659210380892276
4203040100,3.894943863405846,0.499483193421942,0.3593466484301081,-0.33278442928746244,0.3827447680542839,0.11673842536765805
4204040100,3.8958799901886785,0.49985411749507896,0.35902414302037117,-0.3225054097369814,0.3829305883647045,0.11692352913037446
4205040100,3.8968162303359453,0.5001933929485939,0.35871791216211674,-0.30623085825441276,0.3831164783483665,0.1170769146002274
4206040100,3.89775257803682,0.5005620255900768,0.3583919198390858,-0.3259923230309306,0.3833024372859768,0.1172595883041
4207040100,3.8986890401353818,0.5008331688696789,0.35808147966980824,-0.3104401692775398,0.38348846404113246,0.11734470482854642
4208040100,3.899625611081537,0.5012112633092283,0.35775602960354674,-0.32545006626150674,0.38367455999140887,0.1175367033178194
4209040100,3.9005622960411945,0.5015865630190571,0.3574791887211274,-0.2768408824193813,0.3838607240518144,0.11772583896724276
4210040100,3.901499077907221,0.5019198268522517,0.35714852245304063,-0.3306662680867727,0.38404695726710614,0.11787286958514553
4211040100,3.9024359754267537,0.5022404744861106,0.3568189099942682,-0.3296124587724487,0.3842332562530437,0.11800721823306692
4212040100,3.9033729881292625,0.5025655320900791,0.3565100544294413,-0.30885556482689513,0.38441962475504354,0.1181459073350356
4213040100,3.90431010866887,0.5028519676601096,0.35620727316404965,-0.302781265391709,0.38460606269802966,0.11824590496207998
4214040100,3.9052473348379575,0.5032069494434086,0.35590204439477435,-0.3052287692752922,0.38479256863832845,0.11841438080508015
4215040100,3.9061846674034046,0.503593853353615,0.3556159607818649,-0.2860836129094173,0.38497914215381,0.11861471119980493
4216040100,3.9071220996123293,0.5038969951064476,0.35529530103337703,-0.32065974848789125,0.38516578341426566,0.11873121169218193
4217040100,3.9080596434164736,0.5042734113254429,0.354958313568623,-0.3369874647540507,0.38535249109174075,0.11892092023370215
4218040100,3.9089973043942803,0.5046878526697063,0.3546630075229148,-0.29530604570818975,0.3855392675837379,0.11914858508596837
4219040100,3.9099350679651943,0.5049962209063713,0.35433071937193233,-0.33228815098248377,0.3857261140199668,0.11927010688640449
4220040100,3.910872946879491,0.5053640554423622,0.3539789984406156,-0.3517209313167182,0.38591302751270007,0.11945102792966211
4221040100,3.911810947769832,0.5057255418451572,0.35368010468186234,-0.29889375875322766,0.3861000106208827,0.11962553122427444
4222040100,3.9127490522246657,0.5060058389686267,0.35335115087831526,-0.3289538035470665,0.386287064685888,0.1197187742827387
4223040100,3.913687270562703,0.5063653807657694,0.3530250577551019,-0.3260931232133819,0.38647418605428285,0.11989119471148657
4224040100,3.914625601693376,0.5066236537026947,0.35273940657173586,-0.28565118336605066,0.3866613768018716,0.11996227690082306
4225040100,3.9155640315462032,0.5069674062561604,0.352413823039031,-0.32558353270476137,0.38684863672931513,0.1201187695268453
4226040100,3.916502573828581,0.5072763213499909,0.35213876650034337,-0.2750565386876378,0.3870359630457294,0.1202403583042615
4227040100,3.917441211015148,0.5076541326443914,0.35182069049539677,-0.3180760049466005,0.387223358504432,0.1204307741399594
4228040100,3.918379957860592,0.5079232009249341,0.3515198247521417,-0.30086574325504456,0.38741081962302104,0.12051238130191311
4229040100,3.9193188083441517,0.5083385316592195,0.3511841630381933,-0.3356617139484819,0.3875983493648505,0.120740182294369
4230040100,3.9202577743515707,0.5087420111510337,0.3509027440657165,-0.28141897247681147,0.3877859465444402,0.12095606460659347
4231040100,3.92119683713273,0.5090486264393401,0.3505477721181391,-0.3549719475773738,0.38797361355446114,0.12107501288487899
4232040100,3.922136021874797,0.5093586341413409,0.35019832908204934,-0.349443036089772,0.38816134666460655,0.1211972874767343
4233040100,3.9230753265625626,0.5097027121688246,0.34989711343341934,-0.3012156486299813,0.38834915092785494,0.12135356124096963
4234040100,3.924014734550016,0.5100353576455613,0.3495939927476162,-0.30312068580314944,0.38853702596065887,0.12149833168490243
4235040100,3.9249542464044325,0.5103798739092265,0.34927355987786,-0.32043286975622,0.38872496845158366,0.12165490545764279
4236040100,3.925893867964122,0.5108192444010203,0.3489585876065661,-0.3149722712939196,0.38891297853094997,0.12190626587007036
4237040100,3.9268335972655377,0.5111051395451784,0.3486374007236601,-0.3211868829059803,0.3891010573843978,0.12200408216078062
4238040100,3.927773436338489,0.5114590412997694,0.34826831853045387,-0.3690821932062598,0.38928920463649774,0.12216983666327164
4239040100,3.928713401432361,0.5117748433746753,0.3479758127146074,-0.29250581584645463,0.3894774207112519,0.12229742266342336
4240040100,3.929653466309655,0.5120588539019688,0.347649006633512,-0.3268060810954194,0.3896657088818145,0.1223931450201543
4241040100,3.9305936425761954,0.5123250297426509,0.3473410314123546,-0.30797522115736675,0.3898540639106791,0.12247096583197181
4242040100,3.9315339237217333,0.5126980002918075,0.3470487940831576,-0.2922373291970479,0.39004248814037723,0.12265551215143022
4243040100,3.932474304304365,0.5130556772272263,0.34676535319446106,-0.2834408886965476,0.3902309802837003,0.12282469694352605
4244040100,3.93341478125428,0.5133936996601102,0.34642817995152814,-0.33717324293294726,0.3904195392663752,0.12297416039373499
4245040100,3.9343553727415816,0.5137407721158644,0.34609834869923445,-0.3298312522936979,0.39060816448887437,0.12313260762699008
4246040100,3.93529607616874,0.5140849339584411,0.34577807902369967,-0.32026967553479646,0.3907968596125926,0.12328807434584854
4247040100,3.9362368881927656,0.5144375495596152,0.3454530025326751,-0.32507649102457004,0.3909856241347285,0.1234519254248867
4248040100,3.9371778103448665,0.5147867956015881,0.34512910525280727,-0.3238972798678186,0.3911744574023359,0.12361233819925221
4249040100,3.9381188421266624,0.5150838516059647,0.3448006879017094,-0.3284173510978685,0.39136335974048464,0.12372049186548006
4250040100,3.9390599849672654,0.515515967337196,0.3444736691780751,-0.32701872363432116,0.3915523310669258,0.12396363627027018
4251040100,3.9400012382928487,0.515831660270598,0.3441725637980293,-0.301105380045797,0.39174137168652834,0.12409028858406967
4252040100,3.9409425932594435,0.5161657503861478,0.3438034770509136,-0.3690867471156791,0.39193048150198706,0.1242352688841607
4253040100,3.941884072698386,0.5164887161255487,0.34349238313440467,-0.3110939165088895,0.39211965875368904,0.12436905737185966
4254040100,3.9428256569523246,0.5168111144596063,0.3431718345192159,-0.3205486151888015,0.39230890804817875,0.12450220641142751
4255040100,3.943767349111452,0.5171788035758573,0.3428566166806056,-0.31521783861035235,0.3924982254526235,0.12468057812323385
4256040100,3.9447091472869276,0.5175505992387461,0.34254145043778517,-0.31516624282038497,0.3926876116056519,0.12486298763309422
4257040100,3.9456510513678413,0.5177991666238072,0.34220331657223346,-0.33813386555172675,0.39287706614479134,0.12492210047901586
4258040100,3.946593068967978,0.5181608223991897,0.3418627989441709,-0.3405176280625968,0.3930665890649827,0.125094233334207
4259040100,3.9475352007787743,0.5185017573603891,0.3415838115566184,-0.2789873875525022,0.39325618191602985,0.12524557544435921
4260040100,3.9484774260813826,0.5188223379161631,0.3412479708134844,-0.33584074313399914,0.39344584485553824,0.12537649306062482
4261040100,3.949419763830724,0.5192016375413463,0.3409222229776292,-0.32574783585518285,0.3936355737294903,0.12556606381185598
4262040100,3.9503622105459324,0.519588982057828,0.34060642360834487,-0.3157993692843053,0.3938253723715093,0.12576360968631872
4263040100,3.9513047628036784,0.5199270309611025,0.34026092058642304,-0.3455030219218147,0.3940152400984793,0.12591179086262316
4264040100,3.9522474304234687,0.5202992476942584,0.3399110347077485,-0.3498858786745236,0.39420517623820217,0.12609407145605622
4265040100,3.9531902147540428,0.5206052741637487,0.3395855346165269,-0.3255000912216228,0.3943951827873704,0.12621009137637829
4266040100,3.954133107557449,0.5209259183286408,0.3392426213947193,-0.3429132218076132,0.3945852600366315,0.12634065829200924
4267040100,3.9550761145285493,0.5213279442015374,0.33893260675635045,-0.3100146383688205,0.39477540634338837,0.12655253785814902
4268040100,3.9560192246188257,0.5216278264050449,0.33861505680331233,-0.31754995303812317,0.3949656228741638,0.1266622035308811
4269040100,3.956962440240752,0.5219957101908687,0.338256427489597,-0.35862931371533313,0.395155907418026,0.12683980277284268
4270040100,3.957905774931904,0.5223595288204762,0.3379486848218003,-0.30774266779671544,0.39534626047876387,0.12701326834171234
4271040100,3.9588492117005813,0.5226490316762579,0.33760662055983315,-0.34206426196714035,0.3955366848066788,0.12711234686957906
4272040100,3.9597927618263244,0.5229527557675983,0.33726627772095924,-0.34034283887389916,0.3957271769897659,0.12722557877783236
4273040100,3.9607364246290984,0.5233045035253447,0.33696292867523897,-0.30334904572027255,0.39591773932307106,0.12738676420227368
4274040100,3.9616801877692667,0.5236444973293114,0.3366522777633323,-0.3106509119066636,0.3961083716876175,0.12753612564169392
4275040100,3.9626240535720276,0.5240039977811308,0.33631732780305673,-0.33494996027549107,0.39629907160802347,0.12770492617310736
4276040100,3.963568029965575,0.5243709958637802,0.3359879900098338,-0.3293377932229078,0.3964898395707621,0.1278811562930181
4277040100,3.964512114993674,0.5246744993242652,0.3356485954488727,-0.33939456096112774,0.39668067719563993,0.1279938221286253
4278040100,3.965456311866489,0.525056005060436,0.33530513458265065,-0.34346086622207017,0.39687158410504253,0.1281844209553935
4279040100,3.9664006218133143,0.5253220807898906,0.334993230476671,-0.31190410597965657,0.3970625609660665,0.1282595198238241
4280040100,3.967345034348536,0.525637744287314,0.3346419791509089,-0.3512513257621448,0.39725360804565923,0.1283841362416548
4281040100,3.9682895623038568,0.5259073694288282,0.3343483278804894,-0.29365127041939454,0.3974447232400351,0.1284626461887931
4282040100,3.9692341866626415,0.5262610095133194,0.3340296676868711,-0.31866019361832465,0.3976359091636539,0.12862510034966557
4283040100,3.970178915542971,0.5266974780229483,0.33373390515739304,-0.2957625294780535,0.39782716198460477,0.12887031603834354
4284040100,3.9711237413485,0.5269814769619242,0.3333958438305654,-0.3380613268276005,0.39801848336301404,0.12896299359891017
4285040100,3.9720686778398653,0.5272961956684891,0.3330159122756358,-0.37993155492966446,0.398209871777059,0.12908632389143004
4286040100,3.97301373859706,0.5276049290715724,0.3327120638028006,-0.3038484728351929,0.3984013300311773,0.12920359904039513
4287040100,3.973958898637092,0.5279238366782091,0.3323926438453027,-0.3194199574979206,0.39859286089595614,0.12933097578225294
4288040100,3.9749041629538784,0.5282788899210896,0.3320760184397992,-0.31662540550348006,0.39878445932643203,0.1294944305946576
4289040100,3.975849530539937,0.5286426492564418,0.33175408509701526,-0.32193334278394037,0.39897612635166624,0.12966652290477554
4290040100,3.976795003029312,0.5289494295973242,0.33141378646105324,-0.34029863596201326,0.39916786178440233,0.12978156781292183
4291040100,3.9777405862998756,0.5293370945925916,0.3310688249348011,-0.3449615262521082,0.399359665973126,0.1299774286194656
4292040100,3.9786862817578283,0.5296834261501262,0.3307521573314733,-0.3166676033277558,0.3995515401278986,0.13013188602222758
4293040100,3.9796320801024327,0.5299632334052539,0.3303946908022965,-0.3574665291767929,0.39974348455224984,0.13021974885300402
4294040100,3.980577994475474,0.5302049280824007,0.33005761735250905,-0.33707344978744613,0.3999354973760454,0.13026943070635533
4295040100,3.9815240181469305,0.5305191028639172,0.3297536646647845,-0.3039526877244725,0.40012758128518655,0.13039152157873068
4296040100,3.9824701402850025,0.530861906618144,0.32946870458718724,-0.2849600775972745,0.4003197349314114,0.13054217168673266
4297040100,3.9834163546575754,0.5312184668895562,0.3291472952836764,-0.32140930351085895,0.4005119561316519,0.1307065107579043
4298040100,3.984362672970153,0.531512446365358,0.3288113041057103,-0.3359911779661122,0.4007042436355235,0.1308082027298345
4299040100,3.98530909983383,0.5317613388784992,0.32846813927543195,-0.3431648302783692,0.40089659983798853,0.13086473904051066
4300040100,3.9862556374559626,0.532140501106502,0.3281560959457088,-0.31204332972310755,0.40108902569375715,0.13105147541274487
4301040100,3.987202275695143,0.5324404492044349,0.3278665179906531,-0.2895779550557731,0.40128152166957065,0.13115892753486424
4302040100,3.988149007225047,0.5328254801871388,0.32751146690568456,-0.3550510849685262,0.4014740857203378,0.131351394466801
4303040100,3.989095853030221,0.5331609976123526,0.32719584215513353,-0.3156247505510461,0.40166671637177487,0.13149428124057772
4304040100,3.990042800320853,0.5334573828116584,0.32683732446186936,-0.35851769326417005,0.4018594179106607,0.13159796490099773
4305040100,3.9909898627742337,0.5337436159177081,0.326503313359302,-0.3340111025673429,0.40205218775170337,0.13169142816600476
4306040100,3.991937032408844,0.5340064131810008,0.3261886952900505,-0.31461806925150926,0.402245028696953,0.13176138448404784
4307040100,3.992884302904985,0.5343571836876431,0.325879002035209,-0.309693254841543,0.4024379391393964,0.13191924454824666
4308040100,3.993831672592265,0.5346152339040491,0.32558092167670105,-0.2980803585078571,0.40263091780902016,0.13198431609502892
4309040100,3.994779137665393,0.5348392231549385,0.32523857322643457,-0.3423484502664822,0.4028239643820406,0.13201525877289788
4310040100,3.9957267121863125,0.5351578745278985,0.3249424888656977,-0.29608436073680444,0.403017078099154,0.13214079642874454
4311040100,3.9966743812749708,0.5355111983689437,0.32466340680869815,-0.27908205699957356,0.4032102618433768,0.13230093652556685
4312040100,3.9976221394248648,0.5357900760103946,0.32433677776896047,-0.326629039737653,0.40340351259790097,0.13238656341249366
4313040100,3.998570001715531,0.5361432951525359,0.3239925258541579,-0.3442519148025831,0.40359682925511464,0.13254646589742125
4314040100,3.9995179736563027,0.5364408613805666,0.32368535886852867,-0.30716698562920364,0.4037902149068451,0.1326506464737215
4315040100,4.000466043340157,0.5367800414569109,0.32334073596283186,-0.3446229056967922,0.40398367069469643,0.1327963707622145
4316040100,4.001414222579398,0.5370586658908428,0.3230237663613705,-0.3169696014614043,0.4041771942058432,0.13288147168499964
4317040100,4.002362502483642,0.5373778013845525,0.32268573238426956,-0.33803397710093797,0.4043707878685545,0.13300701351599797
4318040100,4.003310889637651,0.5376828036785309,0.3223778412426147,-0.3078911416548633,0.40456444988494766,0.13311835379358328
4319040100,4.004259374383548,0.5380178972982751,0.3220494778009572,-0.328363441657463,0.40475818161693056,0.13325971568134454
4320040100,4.005207963111335,0.5383914295166786,0.32172799327583623,-0.3214845251209797,0.4049519811085567,0.13343944840812194
4321040100,4.006156653543597,0.5386863795620015,0.32139121437939777,-0.33677889643845194,0.4051458496821283,0.1335405298798732
4322040100,4.007105450413686,0.539038013064735,0.3210348913973127,-0.356322982085054,0.4053397868891757,0.13369822617555926
4323040100,4.008054359781283,0.539282464069328,0.32071769179282933,-0.3171996044833818,0.4055337937144863,0.13374867035484173
4324040100,4.0090033691930795,0.5397066543754973,0.3203718700154174,-0.3458217774119561,0.40572787141512023,0.13397878296037702
4325040100,4.009952487567659,0.5400157296338811,0.3200795741781295,-0.29229583728795183,0.40592201746153833,0.13409371217234278
4326040100,4.010901697951361,0.5403651733272795,0.319696982774426,-0.38259140370349276,0.40611623369552774,0.13424893963175177
4327040100,4.01185102864495,0.540658797092343,0.319371754270352,-0.32522850407393356,0.4063105166645329,0.1343482804278101
4328040100,4.012800461500789,0.5410503248921219,0.3190260645948299,-0.3456896755221208,0.406504872178612,0.13454545271350993
4329040100,4.013750002836135,0.541497435127357,0.31870812261951026,-0.31794197531965485,0.40669929654069037,0.13479813858666667
4330040100,4.014699643843417,0.5417694917929532,0.3183408688439571,-0.36725377555312244,0.40689379106179047,0.13487570073116273
4331040100,4.015649399861954,0.5420324849322723,0.31794535369875854,-0.3955151451986534,0.40708835395505716,0.13494413097721514
4332040100,4.01659927959897,0.5422588999090979,0.31763724453691794,-0.30810916184052317,0.4072829883809028,0.1349759115281951
4333040100,4.017549255610614,0.5424967628929325,0.3173335661870785,-0.30367834983945774,0.4074776961432285,0.135019066749704
4334040100,4.018499326424148,0.5428781067246228,0.31704815017229676,-0.2854160147817215,0.4076724716346547,0.13520563508996808
4335040100,4.0194494862585906,0.5432620709086032,0.31675695784357605,-0.2911923287207223,0.40786731456913117,0.13539475633947207
4336040100,4.020399736835799,0.5435663635325418,0.31639368581065813,-0.3632720329179018,0.40806222377644374,0.1355041397560981
4337040100,4.021350100504638,0.543900203464568,0.31602875862805985,-0.36492718259825874,0.4082571996248703,0.13564300383969774
4338040100,4.022300577654105,0.5442226976888066,0.3157034819124885,-0.32527671557137783,0.4084522467169194,0.13577045097188722
4339040100,4.023251155847485,0.5445405496435082,0.31536318957900467,-0.3402923334838406,0.4086473651510367,0.13589318449247145
4340040100,4.02420183964158,0.5448182053546883,0.3150283510188685,-0.3348385601361554,0.4088425523918602,0.1359756529628281
4341040100,4.0251526272364995,0.5450915782610364,0.3146956226674261,-0.3327283514423549,0.4090378093921778,0.13605376886885856
4342040100,4.02610351787248,0.5454572826494651,0.31438286252006986,-0.3127601473562527,0.4092331357996315,0.13622414684983364
4343040100,4.027054505269679,0.5458103466304837,0.3140721223856998,-0.3107401343700218,0.40942853147527813,0.13638181515520553
4344040100,4.028005588711022,0.5461883056576043,0.3137149105269604,-0.3572118587394335,0.4096239951452887,0.13656431051231566
4345040100,4.028956782446614,0.5464885639498976,0.313363737668486,-0.3511728584743785,0.4098195266783513,0.13666903727154633
4346040100,4.029908084493514,0.5467046421012832,0.3129997863634985,-0.3639513049875347,0.4100151290212217,0.1366895130800615
4347040100,4.030859498669147,0.5470540329084815,0.3126745115189297,-0.3252748445687932,0.4102108017841637,0.13684323112431784
4348040100,4.0318110129511435,0.5473284779228487,0.3123913211440737,-0.2831903748560449,0.41040654577056657,0.1369219321522821
4349040100,4.032762614305638,0.5476409643014901,0.31204120275940017,-0.3501183846735494,0.4106023585244998,0.13703860577699034
4350040100,4.033714323205474,0.5479080460118766,0.3117284343903865,-0.31276836901365757,0.4107982373793817,0.1371098086324949
4351040100,4.034666128079243,0.5482623876142939,0.31139644517466253,-0.3319892157239801,0.41099418656559195,0.13726820104870197
4352040100,4.035618034723053,0.5486055455114411,0.3110870511936818,-0.30939398098068516,0.41119020371758097,0.13741534179386017
4353040100,4.036570036115973,0.5488833443798138,0.3107337446006742,-0.3533065930075725,0.41138629004548477,0.13749705433432902
4354040100,4.037522145594392,0.5492143040412916,0.3103857703051206,-0.34797429555362713,0.41158244411941425,0.13763185992187732
4355040100,4.038474361410855,0.5495837857157378,0.3100703461073782,-0.31542419774238395,0.4117786687041196,0.13780511701161824
4356040100,4.0394266735186966,0.5499335242657589,0.3097281072983177,-0.34223880906055326,0.4119749634572081,0.13795856080855085
4357040100,4.0403790899965975,0.5502659605286462,0.3093662961931217,-0.36181110519596715,0.4121713263244615,0.13809463420418466
4358040100,4.04133161669207,0.5505635640029762,0.30901408395585533,-0.3522122372664105,0.4123677589883705,0.1381958050146057
4359040100,4.042284250561263,0.5508322696803328,0.30867028575328564,-0.3437982025696771,0.41256426267274193,0.1382680070075909
4360040100,4.043236988929914,0.551142793401906,0.30834373725564584,-0.3265484976397923,0.41276083676761743,0.13838195663428854
4361040100,4.0441898264506,0.5513837517294436,0.30803152859857985,-0.3122086570659779,0.41295748073872574,0.13842627099071791
4362040100,4.045142758674211,0.5517069019203693,0.30769821809802106,-0.33331050055878064,0.41315419349931304,0.13855270842105627
4363040100,4.046095791899099,0.5518854738984158,0.30739963619808564,-0.29858189993544815,0.41335097414706823,0.13853449975134757
4364040100,4.04704891551174,0.5520862046075573,0.3070597395709538,-0.3398966271318362,0.41354782399894674,0.13853838060861057
4365040100,4.048002141915649,0.5524320372289482,0.3067922032080709,-0.26753636288292926,0.41374474087873736,0.13868729635021082
4366040100,4.048955449150239,0.5527968866899549,0.30651361336593774,-0.27858984213308235,0.4139417273651951,0.13885515932475978
4367040100,4.049908840482573,0.5531141572085885,0.30616220967874364,-0.3514036871940842,0.4141387789355413,0.13897537827304718
4368040100,4.050862337787389,0.5534079024003234,0.30580099451790466,-0.3612151608390568,0.41433589627910905,0.1390720061212144
4369040100,4.051815943900805,0.5536835134604802,0.3054633614085127,-0.33763310939189006,0.41453308393451493,0.13915042952596524
4370040100,4.052769651606712,0.5539872072682148,0.30513733300341656,-0.3260284050961617,0.4147303425061004,0.1392568647621144
4371040100,4.053723457310121,0.5543011501628851,0.30482025041722216,-0.3170825861943809,0.41492767051866153,0.13937347964422353
4372040100,4.054677358224852,0.5546442434125193,0.3044889484461363,-0.3313019710858742,0.4151250672450395,0.13951917616747977
4373040100,4.055631358518148,0.5549931574230363,0.30415232319615443,-0.3366252499818232,0.41532253212479375,0.1396706252982426
4374040100,4.056585459679548,0.5553744062013458,0.303800865588639,-0.3514576075154354,0.4155200660368763,0.13985434016446951
4375040100,4.05753966603813,0.5557061145985087,0.30344622935664944,-0.3546362319895786,0.41571766930642795,0.13998844529208077
4376040100,4.05849397842584,0.5560234626843562,0.3030750931284807,-0.3711362281687476,0.41591534284721376,0.14010811983714244
4377040100,4.05944840164732,0.5563607039892761,0.30272849415678954,-0.34659897169113263,0.4161130868491476,0.14024761714012846
4378040100,4.060402928256203,0.5566482571429145,0.3023888713631623,-0.3396227936272418,0.41631090232580803,0.14033735481710652
4379040100,4.06135755606033,0.5569887692934998,0.30203905884570564,-0.349812517456652,0.4165087877516491,0.1404799815418507
4380040100,4.0623122879807525,0.5572953293065076,0.30171394604302443,-0.32511280268122755,0.41670674268927854,0.14058858661722906
4381040100,4.063267116561234,0.5575489037570087,0.3013621033833381,-0.35184265968637396,0.41690476776154384,0.14064413599546488
4382040100,4.064222049635181,0.5579279683127277,0.30102705478987685,-0.3350485934611662,0.41710286143870334,0.14082510687402439
4383040100,4.065177082105052,0.5581952632708391,0.3007184223185695,-0.30863247130741556,0.4173010253627396,0.14089423790809952
4384040100,4.066132206039344,0.5585920962111384,0.3003467181168281,-0.371704201741349,0.4174992584928532,0.14109283771828518
4385040100,4.06708744000884,0.5589470962140559,0.3000307951932733,-0.31592292355488105,0.4176975591987748,0.1412495370152811
4386040100,4.068042767396911,0.5592228895353271,0.2996497400020598,-0.38105519121352804,0.41789593135297665,0.14132695818235042
4387040100,4.06899820733634,0.5595030506679889,0.2992893237479798,-0.3604162540800231,0.41809437152171114,0.14140867914627775
4388040100,4.069953753603389,0.5598175239166848,0.2989683901356842,-0.32093361229555795,0.41829288369643436,0.14152464022025046
4389040100,4.070909394445677,0.5601683948778325,0.29864514532277187,-0.3232448129124126,0.41849146660223013,0.1416769282756024
4390040100,4.071865130444792,0.5604979383875208,0.2983045480366929,-0.3405972860789894,0.4186901178135187,0.1418078205740021
4391040100,4.072820966600907,0.560852457818673,0.2979454816076347,-0.35906642905819175,0.41888883746716843,0.14196362035150456
4392040100,4.073776908225047,0.5611763905237359,0.2975968514777747,-0.34863012985999253,0.41908762661923404,0.14208876390450187
4393040100,4.074732952133846,0.5614299464595243,0.29723545667583257,-0.361394801942154,0.41928648639145294,0.14214346006807133
4394040100,4.075689101949672,0.5617707264234826,0.296889140401146,-0.34631627468658,0.4194854161389685,0.14228531028451408
4395040100,4.076645353136581,0.5620686190096018,0.2965779382463685,-0.3112021547775057,0.4196844166328937,0.14238420237670812
4396040100,4.077601695318398,0.5623342674571034,0.29622287589177076,-0.3550623545977438,0.41988348694651023,0.14245078051059312
4397040100,4.078558141206641,0.5625521557132871,0.2958890944913933,-0.3337814003775259,0.42008262493591175,0.14246953077737534
4398040100,4.079514684475626,0.5628285867504823,0.29557133597730095,-0.3177585140923942,0.42028183326437585,0.14254675348610646
4399040100,4.080471320351657,0.5630997252086266,0.29527745536854333,-0.2938806087576449,0.4204811106312505,0.14261861457737612
4400040100,4.081428041789819,0.5633832208415759,0.2949541835811446,-0.3232717873987503,0.42068045605804016,0.14270276478353572
4401040100,4.082384857251795,0.5636796599705756,0.29463344852716605,-0.3207350539784868,0.42087986809183064,0.14279979187874492
4402040100,4.083341765900956,0.5639340351720531,0.2943064000220872,-0.32704850507888583,0.4210793485115403,0.14285468666051282
4403040100,4.084298769470265,0.5642079823898756,0.29397272004452407,-0.3336799775630963,0.42127889715855815,0.14292908523131742
4404040100,4.085255869778895,0.5645012979631586,0.2936599964912673,-0.3127235532568162,0.4214785144101434,0.14302278355301523
4405040100,4.086213060654497,0.5648095775183446,0.2933373725721892,-0.32262391907808485,0.4216782006619084,0.14313137685643618
4406040100,4.087170344866187,0.565048052076426,0.29300491171682774,-0.3324608553615096,0.42187795464190714,0.14317009743451892
4407040100,4.088127725155576,0.5653837701776897,0.29266478568348125,-0.3401260333465035,0.4220777769435813,0.14330599323410842
4408040100,4.089085203628312,0.5656624713733583,0.2923595190050119,-0.30526667846934563,0.42227766815520695,0.1433848032181514
4409040100,4.0900427701273125,0.5661065298966077,0.29200539335614795,-0.3541256488639555,0.4224776287327927,0.143628901163815
4410040100,4.091000438629679,0.5664215403004632,0.2916796533618254,-0.3257399943225734,0.42267765657087253,0.14374388372959068
4411040100,4.091958200853086,0.5666994940379062,0.2912707802725891,-0.40887308923623955,0.42287775460520294,0.14382173943270327
4412040100,4.092916080572524,0.5668432928786842,0.29092623651643607,-0.3445437561530704,0.42307792112173814,0.14376537175694604
4413040100,4.093874059177637,0.5671024189884458,0.29060009976014983,-0.32613675628623007,0.4232781611069818,0.14382425788146402
4414040100,4.094832131280756,0.5674035866698737,0.2903411900688393,-0.25890969131056485,0.42347847068860744,0.14392511598126623
4415040100,4.0957902775364365,0.5677675372923294,0.2900245339081716,-0.316656160667675,0.423678848756321,0.14408868853600842
4416040100,4.096748514396135,0.5680170775414608,0.28968668962548744,-0.33784428268425115,0.4238792912784177,0.14413778626304308
4417040100,4.097706847816413,0.5683714693093742,0.2893171590832801,-0.36953054220734005,0.4240798017106471,0.14429166759872714
4418040100,4.098665286728389,0.568634938684284,0.28900476962316746,-0.31238946011263957,0.42428038131526336,0.1443545573690207
4419040100,4.099623814717633,0.5689012615474451,0.2886396813655307,-0.3650882576367862,0.4244810319785479,0.14442022956889722
4420040100,4.1005824466925676,0.5691891741856087,0.28831996419630657,-0.31971716922411164,0.4246817502805307,0.14450742390507798
4421040100,4.1015411696254995,0.5694415632777375,0.28799872289318357,-0.3212413031229904,0.42488253935939113,0.1445590239183464
4422040100,4.102499983851336,0.5697532553158495,0.2876665478438796,-0.33217504930397035,0.4250833965028846,0.1446698588129649
4423040100,4.103458892373262,0.5700059358074184,0.2873520655360122,-0.31448230786739884,0.42528432179665643,0.144721614010762
4424040100,4.104417890071253,0.570215003665658,0.28700774429680376,-0.3443212392084787,0.4254853158857905,0.1447296877798675
4425040100,4.105376985297805,0.5704447863034553,0.2866928598557431,-0.31488444106065727,0.42568637771267603,0.14475840859077926
4426040100,4.106336169615441,0.5706389451156758,0.2863997995881601,-0.2930602675830094,0.4258875090443226,0.1447514360713532
4427040100,4.107295436763943,0.5708687777398659,0.2860963593805665,-0.30344020759361867,0.4260887081271356,0.14478006961273027
4428040100,4.108254789590294,0.5711678176040917,0.2858107790418857,-0.2855803386808271,0.42628997366267996,0.1448778439414118
4429040100,4.1092142229709845,0.571521822948765,0.28550733788940846,-0.30344115247724024,0.4264913062627329,0.14503051668603206
4430040100,4.110173741858316,0.5719327591453217,0.2851691312346393,-0.3382066547691718,0.4266927048663298,0.1452400542789919
4431040100,4.111133355944741,0.5722486814603279,0.2848031696279362,-0.3659616067030258,0.4268941705272944,0.14535451093303353
4432040100,4.112093072919134,0.5725368427563274,0.2844083571829041,-0.3948124450321402,0.42709570529609664,0.1454411374602308
4433040100,4.113052900748607,0.5727651931880033,0.2840608574574736,-0.34749972543044483,0.4272973108042528,0.14546788238375052
4434040100,4.114012826024944,0.5730471641515337,0.2837271004996478,-0.3337569578258164,0.42749898874332715,0.14554817540820653
4435040100,4.114972844785227,0.5733509626655509,0.28342323184445756,-0.3038686551901404,0.4277007363135219,0.14565022635202896
4436040100,4.115932948564863,0.573618789241842,0.2830924272921138,-0.3308045523438119,0.4279025526981357,0.14571623654370625
4437040100,4.116893144799452,0.573888192463171,0.2827505394074773,-0.341887884636519,0.42810443613296556,0.14578375633020546
4438040100,4.117853436476205,0.5741819649113789,0.2824265391305289,-0.32400027694837497,0.42830638819667044,0.1458755767147084
4439040100,4.118813818497988,0.5743721582778901,0.2821016499431838,-0.324889187345095,0.4285084095334959,0.14586374874439423
4440040100,4.119774291011435,0.5746278107298136,0.28176442727673684,-0.3372226664469542,0.4287104990869324,0.14591731164288124
4441040100,4.120734857344575,0.5749177833254269,0.2814790520518175,-0.2853752249193111,0.42891265690326463,0.14600512642216223
4442040100,4.121695502987445,0.5751970041819173,0.28116087442636883,-0.31817762544871475,0.42911488369865936,0.14608212048325797
4443040100,4.12265623696405,0.5754367239746963,0.28082539572700604,-0.3354786993628003,0.42931717643318734,0.1461195475415089
4444040100,4.123617063972242,0.5757002400662148,0.28049517201052737,-0.33022371647869586,0.42951953702154455,0.14618070304467023
4445040100,4.1245779824491535,0.5759540617735909,0.28018465803441023,-0.3105139761171616,0.4297219664687191,0.1462320953048718
4446040100,4.125538986839788,0.5761726091100641,0.27986215816504323,-0.3224998693669967,0.4299244644611626,0.14624814464890146
4447040100,4.126500080362338,0.5764638507219121,0.279544437112952,-0.31772105209113133,0.4301270298434261,0.14633682087848598
4448040100,4.127461261598294,0.5767451675989866,0.27924435497731387,-0.3000821356381307,0.4303296633088465,0.14641550429014016
4449040100,4.128422525588975,0.5770186439927637,0.27890778252927384,-0.3365724480399501,0.43053236457349797,0.14648627941926573
4450040100,4.129383882294452,0.5772976808564648,0.27857604911701134,-0.33173341226250774,0.43073513260629426,0.14656254825017057
4451040100,4.130345330275165,0.5776710651856471,0.27824812791374803,-0.32792120326332674,0.43093796952324936,0.14673309566239778
4452040100,4.131306868378209,0.5779750746962079,0.2779173085177086,-0.3308193960394379,0.4311408750363235,0.14683419965988442
4453040100,4.13226849729532,0.5782775926325366,0.2775390087293558,-0.3782997883527526,0.4313438489177024,0.14693374371483425
4454040100,4.133230229931479,0.5785674121872345,0.2771952284632078,-0.34378026614793344,0.4315468913288747,0.14702052085835982
4455040100,4.1341920567030455,0.5787851180712453,0.2768520292980223,-0.34319916518554083,0.431750005011164,0.14703511306008132
4456040100,4.135153977337513,0.5791105683504181,0.27651504154746587,-0.3369877505564183,0.4319531879573262,0.1471573803930919
4457040100,4.136115990025855,0.5794614507645299,0.2762141162183137,-0.30092532915216275,0.4321564401258122,0.1473050106387177
4458040100,4.1370780848246795,0.5797426178992792,0.27585910890652116,-0.3550073117925616,0.4323597611502379,0.14738285674904128
4459040100,4.138040276378777,0.5799694279433965,0.2754911248324495,-0.3679840740716793,0.43256314894402337,0.14740627899937309
4460040100,4.139002568096896,0.5802396233430154,0.2751578762240571,-0.33324860839239023,0.43276660661842214,0.14747301672459323
4461040100,4.139964950411725,0.5805345954404967,0.2748517943965479,-0.30608182750920365,0.4329701349109385,0.14756446052955818
4462040100,4.140927415843561,0.5808374251377456,0.27452392186613245,-0.3278725304154384,0.4331737318142892,0.1476636933234564
4463040100,4.141889970209676,0.5810878499838323,0.2741835125418147,-0.34040932431771753,0.43337739576103473,0.1477104542227976
4464040100,4.142852616801147,0.5814250276027169,0.27383900960780955,-0.34450293400511867,0.43358112799696613,0.14784389960575073
4465040100,4.143815356613463,0.5816439208425116,0.2735206498587581,-0.3183597490513974,0.43378492923417156,0.14785899160834004
4466040100,4.144778182470822,0.581843020757637,0.2731586814711815,-0.3619683875766384,0.4339887996992502,0.14785422105838686
4467040100,4.145741106041045,0.5821429168864752,0.27285585984153693,-0.30282162964457293,0.4341927378880186,0.14795017899845664
4468040100,4.146704111260624,0.582424494125676,0.2725629784126192,-0.2928814289177626,0.43439674628759306,0.14802774783808292
4469040100,4.147667195365389,0.5827902768413092,0.27221954220678957,-0.3434362058296252,0.43460082151007384,0.1481894553312354
4470040100,4.1486303718666155,0.5830700626101728,0.2718851438531984,-0.3343983535911872,0.4348049629836339,0.1482650996265389
4471040100,4.149593638223642,0.5832967298660511,0.27150835260444645,-0.37679124875194314,0.4350091735869732,0.14828755627907786
4472040100,4.150557005698753,0.5836529029459806,0.27117444324363793,-0.33390936080852684,0.43521345279703993,0.14843945014894067
4473040100,4.151520462669584,0.5838538717251919,0.27086708266659415,-0.3073605770438028,0.43541780301850963,0.14843606870668224
4474040100,4.152484001925477,0.5841112506413864,0.2704947010375093,-0.3723816290848554,0.4356222218023049,0.14848902883908144
4475040100,4.153447640751598,0.5843794772780995,0.2701999627399555,-0.294738297553766,0.4358267076333391,0.14855276964476039
4476040100,4.154411358292347,0.5847151810414462,0.26987694711135923,-0.3230156285962553,0.43603126419552396,0.1486839168459222
4477040100,4.15537516200349,0.5849955789620067,0.26954841564793,-0.3285314634292673,0.4362358870770606,0.1487596918849461
4478040100,4.156339053253324,0.5852431833355506,0.2691859166190962,-0.3624990288337808,0.4364405778752918,0.1488026054602588
4479040100,4.157303040971935,0.5854961271913379,0.26885095305575807,-0.33496356333813226,0.4366453368957899,0.14885079029554804
4480040100,4.158267117718938,0.5857195889481898,0.2685323346863557,-0.31861836940240784,0.43685016605133953,0.14886942289685023
4481040100,4.15923127904964,0.5860352884164651,0.2682109854139568,-0.32134927239884137,0.43705506377688863,0.1489802246395765
4482040100,4.160195525589874,0.5863101126420917,0.2679043743479629,-0.3066110659939707,0.4372600291427702,0.14905008349932147
4483040100,4.161159853338802,0.5866682449942542,0.26755145677821857,-0.35291756974429833,0.437465062296706,0.14920318269754818
4484040100,4.16212427444889,0.5869573675348414,0.26721887114168247,-0.3325856365361186,0.437670162402398,0.14928720513244342
4485040100,4.1630887834315695,0.5871538576671319,0.26684435885326346,-0.3745122884189942,0.4378753320595763,0.1492785256075556
4486040100,4.16405339123659,0.5873887761741918,0.26650421834060856,-0.34014051265498013,0.4380805701161776,0.1493082060580142
4487040100,4.1650180886770505,0.5876852446529595,0.26621044572766206,-0.2937726129464957,0.4382858789182009,0.14939936573475854
4488040100,4.165982863444038,0.5879550427429464,0.26589743508063174,-0.3130106470302949,0.4384912565264294,0.14946378621651701
4489040100,4.166947720509747,0.588252898513304,0.2655535016691091,-0.34393341152263845,0.43869670033485164,0.14955619817845234
4490040100,4.1679126678955845,0.5885879815369786,0.26522280784351066,-0.3306938255985419,0.4389022114161847,0.14968577012079387
4491040100,4.168877702017072,0.5888571376722885,0.26487793412480415,-0.34487371870650163,0.43910779149387835,0.14974934617841018
4492040100,4.169842826480948,0.5891198273815942,0.2645142222717275,-0.36371185307665455,0.43931343981952864,0.14980638756206555
4493040100,4.170808046097642,0.5894522843231207,0.26418338097119215,-0.3308413005353652,0.4395191571770063,0.1499331271461144
4494040100,4.171773352156798,0.5896416134324686,0.263855693454869,-0.3276875163231756,0.4397249446075726,0.14991666882489596
4495040100,4.17273874373024,0.5898906249613088,0.2634929040199578,-0.36278943491118953,0.4399308002697886,0.14995982469152025
4496040100,4.173704229857352,0.5901607018411996,0.2632017456700665,-0.2911583498913093,0.44013672398059356,0.15002397786060606
4497040100,4.174669791777037,0.5904109511555807,0.2628806939590874,-0.32105171097908225,0.4403427176836523,0.15006823347192844
4498040100,4.175635437176061,0.5906672861670053,0.2625490164023563,-0.33167755673111543,0.4405487773909087,0.15011850877609656
4499040100,4.1766011687128115,0.5908652934801413,0.2622271972512646,-0.3218191510916999,0.440754904756691,0.15011038872345028
4500040100,4.177566983725478,0.5911111822222558,0.26190226866562283,-0.3249285856417439,0.44096110036316816,0.15015008185908763
4501040100,4.178532882919127,0.591409454592918,0.26160655442605946,-0.2957142395633716,0.4411673636567244,0.15024209093619367
4502040100,4.179498858636406,0.5916322398311946,0.2612868540646493,-0.3197003614102074,0.44137369480250044,0.15025854502869418
4503040100,4.180464916989311,0.5918770687606982,0.26094081193262536,-0.34604213202393774,0.44158009217878913,0.1502969765819091
4504040100,4.181431064675341,0.5921983911696489,0.2606325137063266,-0.30829822629874926,0.4417865571054378,0.1504118340642111
4505040100,4.1823972918532,0.592531496927619,0.2603131506815886,-0.3193630247379966,0.44199309102872775,0.15053840589889123
4506040100,4.1833636012790025,0.5928655338453213,0.2599553458384764,-0.3578048431121976,0.442199691859539,0.15066584198578226
4507040100,4.18433000273589,0.5931444024022612,0.25959142976476085,-0.36391607371557066,0.4424063602013142,0.150738042200947
4508040100,4.185296497668824,0.5933603233739566,0.2592268271295093,-0.36460263525156433,0.4426130981614982,0.15074722521245842
4509040100,4.186263086125795,0.5937119085936242,0.25888969922264987,-0.337127906859489,0.44281990606516075,0.15089200252846346
4510040100,4.18722976094494,0.5938837789966249,0.25858406185401583,-0.3056373686340228,0.443026783938663,0.1508569950579619
4511040100,4.188196513964365,0.5940692632155941,0.25821033793162323,-0.37372392239259256,0.4432337302646836,0.15083553295091046
4512040100,4.1891633624819455,0.5943831954321638,0.2579265757956693,-0.2837621359539435,0.4434407433102727,0.15094245212189106
4513040100,4.19013028341944,0.5946284919125088,0.25763608316916864,-0.2904926265006489,0.4436478267945141,0.15098066511799468
4514040100,4.19109727841391,0.5949290492847745,0.25728118806572914,-0.35489510343947805,0.44385497578903355,0.15107407349574098
4515040100,4.1920643637731105,0.5950521346190707,0.2569605672905694,-0.3206207751597179,0.4440621906575011,0.15098994396156962
4516040100,4.193031530665255,0.5953568591533573,0.2566121623214157,-0.3484049691536577,0.4442694749088041,0.15108738424455326
4517040100,4.193998786043066,0.595675775164098,0.25635269646049863,-0.25946586091711366,0.44447682666487864,0.15119894849921933
4518040100,4.194966107242078,0.5958964972635065,0.25600225000641563,-0.35044645408300257,0.4446842474311019,0.15121224983240455
4519040100,4.195933517238836,0.5961484992006083,0.255644519328691,-0.35773067772467604,0.44489173236081925,0.15125676683978906
4520040100,4.196901017756508,0.5963980491236954,0.2553358912140401,-0.3086281146509491,0.44509928639596197,0.15129876272773346
4521040100,4.197868596270594,0.5967362321815113,0.25501156883745124,-0.32432237658885343,0.44530690992174016,0.15142932225977113
4522040100,4.198836256648032,0.5970029651296732,0.2546884233603929,-0.32314547705837726,0.44551460026510625,0.15148836486456696
4523040100,4.199803998490525,0.5973043603703377,0.25432073373933517,-0.36768962105768965,0.4457223582700962,0.15158200210024153
4524040100,4.2007718329047545,0.5974752874351573,0.25398868505403005,-0.3320486853051412,0.44593018386548167,0.15154510356967565
4525040100,4.201739750805109,0.5976513764938108,0.2536391518783808,-0.34953317564924613,0.44613807945156836,0.15151329704224248
4526040100,4.20270775647237,0.5979908633570011,0.2533549617230472,-0.28419015533362235,0.44634604309199233,0.1516448202650088
4527040100,4.203675833411903,0.5981920330056535,0.2530682883471288,-0.2866733759184108,0.44655407572141215,0.15163795728424134
4528040100,4.204643982167261,0.5984896335155119,0.2526996876549724,-0.3686006921564171,0.446762173808942,0.15172745970656987
4529040100,4.205612223145502,0.5987278693984562,0.2524002921560177,-0.29939549895466944,0.44697033748415294,0.1517575319143033
4530040100,4.206580538934855,0.5990422935788794,0.2520525351466313,-0.34775700938644816,0.44717857114914494,0.15186372242973445
4531040100,4.207548941510635,0.5992342530617037,0.2517344354411565,-0.3180997054747985,0.4473868710738671,0.15184738198783665
4532040100,4.208517423368993,0.5994738039995612,0.25137806246829597,-0.35637297286052516,0.4475952398485603,0.15187856415100087
4533040100,4.209485993932692,0.5996665321066791,0.25108298908780413,-0.29507338049185816,0.4478036758731463,0.1518628562335328
4534040100,4.210454637850464,0.5999913941745607,0.25076409137491557,-0.3188977128885584,0.44801218119025776,0.15197921298430295
4535040100,4.2114233609501195,0.6002438196006414,0.25046867127807954,-0.2954200968360563,0.44822075250941396,0.15202306709122748
4536040100,4.212392157314293,0.600427342927449,0.25010698462038655,-0.36168665769301045,0.4484293910989443,0.15199795182850473
4537040100,4.21336104326204,0.6006134635248207,0.24978146234510798,-0.3255222752785816,0.4486380956978593,0.15197536782696142
4538040100,4.214330009727695,0.6008243621888149,0.24949047448670253,-0.2909878584054908,0.4488468698359931,0.15197749235282176
4539040100,4.215299048082256,0.6010996427306874,0.24919826806970594,-0.2922064169965848,0.4490557115747329,0.1520439311559545
4540040100,4.216268158544204,0.6013338247790537,0.2488937023058506,-0.30456576385533674,0.44926461906772985,0.15206920571132387
4541040100,4.217237344075365,0.6015883980091372,0.24855684573408687,-0.3368565717637044,0.44947359237490403,0.15211480563423319
4542040100,4.218206612530057,0.601801211342738,0.24824052089868248,-0.3163248354043804,0.449682632147983,0.15211857919475502
4543040100,4.219175958753876,0.6020372811752444,0.2479139426384579,-0.32657826022457437,0.44989174009494803,0.15214554108029632
4544040100,4.220145385165887,0.6022035721850773,0.2476082710026444,-0.3056716358134519,0.4501009151179183,0.15210265706715898
4545040100,4.221114886538991,0.6024473146389379,0.2472909508657617,-0.31732013688270433,0.45031015775280636,0.1521371568861315
4546040100,4.222084465633967,0.6026981197425018,0.24700863984942473,-0.282311016336948,0.4505194668850869,0.15217865285741483
4547040100,4.223054113793894,0.6029361120381918,0.246687567493127,-0.32107235629772224,0.4507288431242955,0.15220726891389624
4548040100,4.224023840407472,0.6033027487070332,0.24636291450771294,-0.3246529854140723,0.45093828461405394,0.1523644640929792
4549040100,4.224993646247981,0.603467032398551,0.24604464344989888,-0.3182710578140555,0.4511477933954069,0.15231923900314415
4550040100,4.225963529658778,0.6037558959297519,0.24566176959553138,-0.3828738543674779,0.45135736964931183,0.15239852628044004
4551040100,4.226933506254931,0.6039968472327026,0.24538019655122642,-0.28157304430495045,0.4515670130316103,0.15242983420109235
4552040100,4.227903551290711,0.6042483814220744,0.24503620871097898,-0.34398784024747386,0.4517767269324615,0.15247165448961286
4553040100,4.228873679832396,0.6044694614042746,0.2447161497693287,-0.32005894165025106,0.4519865060159276,0.152482955388347
4554040100,4.229843885967954,0.6047334956603231,0.24439074846556358,-0.32540130376511844,0.45219635355365995,0.15253714210666314
4555040100,4.230814170890679,0.6049587650011582,0.24408058602762842,-0.31016243793516884,0.4524062682810097,0.15255249672014848
4556040100,4.231784530815255,0.6051567147856663,0.24374887180852042,-0.33171421910798427,0.45261625046997267,0.15254046431569368
4557040100,4.232754970849916,0.6054459318760312,0.24343654320352198,-0.3123286049984493,0.4528262993149639,0.15261963256106736
4558040100,4.233725486215368,0.6056634332026678,0.24313793190282207,-0.2986113006998796,0.4530364159354576,0.15262701726721017
4559040100,4.234696073514597,0.6058347634505254,0.24279356263600535,-0.34436926681671753,0.45324659931040046,0.152588164140125
4560040100,4.235666743662982,0.6060829890163246,0.24248506999237399,-0.30849264363139994,0.45345684871721303,0.1526261402991116
4561040100,4.236637487931495,0.6063640926759777,0.24219977374238483,-0.28529624998915937,0.45366716653409256,0.15269692614188513
4562040100,4.237608300664619,0.6065800019247459,0.24187598822296053,-0.32378551942429024,0.45387755088356485,0.15270245104118108
4563040100,4.238579191003176,0.6068222156738295,0.24153565548428532,-0.3403327386752091,0.45408800055269083,0.15273421512113872
4564040100,4.239550162803506,0.6070973457898424,0.24122794169172007,-0.30771379256524223,0.4542985175360137,0.15279882825382873
4565040100,4.240521208161155,0.607394931262106,0.24090704591256407,-0.32089577915601075,0.45450910268374045,0.15288582857836552
4566040100,4.241492330129265,0.6076941004390051,0.2405695969422088,-0.3374489703552628,0.45471975429527234,0.15297434614373273
4567040100,4.242463532551865,0.6079376318154708,0.2402207796579093,-0.3488172842994992,0.45493047304628575,0.15300715876918503
4568040100,4.24343481802314,0.608227362003599,0.23987102719018102,-0.3497524677282775,0.4551412597847744,0.15308610221882457
4569040100,4.244406186647089,0.6084585066558723,0.2395490621271311,-0.32196506304993733,0.4553521150881572,0.1531063915677151
4570040100,4.245377631712295,0.6086799511830308,0.23920387419092753,-0.34518793620355304,0.45556303899363115,0.1531169121893996
4571040100,4.246349158620498,0.6088731766280189,0.23888797288220334,-0.31590130872419,0.4557740300579596,0.1530991465700593
4572040100,4.247320760326482,0.6091403012972548,0.23857693430853819,-0.3110385736651513,0.4559850894683599,0.1531552118288949
4573040100,4.248292435584136,0.6093724564537985,0.23828007511692498,-0.2968591916132093,0.45619621570816804,0.1531762407456304
4574040100,4.249264180952771,0.6095907568591985,0.23794618773103288,-0.33388738589208766,0.45640740851982997,0.15318334833936853
4575040100,4.250236005075229,0.60977391733273,0.2376297764627241,-0.31641126830878297,0.45661866716837096,0.15315525016435905
4576040100,4.251207903729446,0.6100037519459223,0.23732031140491294,-0.3094650578111855,0.4568299935460267,0.15317375839989555
4577040100,4.252179875185097,0.6102028456175551,0.2370285065094017,-0.2918048955112844,0.4570413867483154,0.1531614588692397
4578040100,4.2531519152023725,0.6103818368177576,0.2367133610735547,-0.3151454358469983,0.45725284641202535,0.15312899040573225
4579040100,4.254124029172334,0.6105545922677005,0.2364136440711822,-0.29971700237250887,0.45746437162745224,0.15309022064024824
4580040100,4.255096213384939,0.6107877321635451,0.2361240761484138,-0.2895679227684078,0.4576759635805203,0.15311176858302478
4581040100,4.256068465378672,0.6110546000159369,0.23583773714260203,-0.28633900581176297,0.45788762147660833,0.1531669785393286
4582040100,4.257040784317553,0.6113471060985454,0.23552119592134985,-0.3165412212521739,0.45809934479224523,0.15324776130630013
4583040100,4.258013177169987,0.6116165050323242,0.235187713142525,-0.333482778824846,0.4583111333575616,0.15330537167476266
4584040100,4.258985647786497,0.6118605758489424,0.234841282438397,-0.3464307041280206,0.4585229887030593,0.15333758714588308
4585040100,4.259958199071852,0.6121481054106795,0.2345063236115979,-0.3349588267990995,0.4587349116811623,0.15341319372951723
4586040100,4.260930828243755,0.6124106739262976,0.23418399836400478,-0.3223252475931244,0.45894690293891927,0.1534637709873783
4587040100,4.261903532261544,0.6126689521707711,0.23383982680707113,-0.34417155693362855,0.45915896188390803,0.15350999028686307
4588040100,4.262876316086503,0.6129148867988714,0.23350806859767173,-0.33175820939940026,0.45937108786678493,0.15354379893208647
4589040100,4.263849176731129,0.6131783532667799,0.23317839673826543,-0.3296718594062997,0.4595832819832424,0.15359507128353755
4590040100,4.264822113606252,0.6134373905200263,0.23285486327281274,-0.3235334654526798,0.45979554359552566,0.15364184692450067
4591040100,4.265795125189676,0.6137242018303394,0.2325224952256576,-0.3323680471551407,0.46000787258871156,0.1537163292416278
4592040100,4.266768213415367,0.6138708877260014,0.2321922820597647,-0.3302131658928693,0.46022026864407195,0.15365061908192945
4593040100,4.267741377679969,0.6139860381394029,0.23184806656591583,-0.34421549384886707,0.4604327321972619,0.153553305942141
4594040100,4.26871462109487,0.6141349287354124,0.23157407908362232,-0.273987482293524,0.4606452631301501,0.15348966560526234
4595040100,4.269687927429134,0.6143178049826146,0.23131608779334714,-0.2579912902751498,0.46085786213604507,0.1534599428465695
4596040100,4.2706612929425525,0.6145421521605551,0.23104138786509115,-0.2746999282560074,0.46107052568217455,0.15347162647838053
4597040100,4.271634721396609,0.6148334298648112,0.23074978695595394,-0.2916009091372147,0.4612832529625379,0.15355017690227324
4598040100,4.272608216583369,0.6151363891607716,0.23043745920876935,-0.3123277471846053,0.46149604481041706,0.15364034435035456
4599040100,4.273581783154345,0.6153542529151268,0.2300915415104721,-0.3459176982972536,0.46170890206657944,0.15364535084854736
4600040100,4.274555428675864,0.6155797758430263,0.22973963551638465,-0.3519059940874294,0.46192182576056595,0.1536579500824603
4601040100,4.275529154395117,0.6158237593013522,0.2294303006318912,-0.30933488449345337,0.46213481756060304,0.1536889417407492
4602040100,4.276502950510761,0.6160354187536191,0.22911714515139517,-0.31315548049603126,0.46234787775364694,0.15368754099997217
4603040100,4.277476817797348,0.6162736601874045,0.2287947317556587,-0.32241339573645567,0.46256100420854196,0.15371265597886252
4604040100,4.278450758259148,0.6164843549207545,0.22848851642788262,-0.30621532777607796,0.4627741971075565,0.15371015781319797
4605040100,4.279424768126094,0.6166467673374357,0.2281689932343375,-0.3195231935451013,0.46298745690243237,0.15365931043500336
4606040100,4.280398850317105,0.6167793372808187,0.2278632819690638,-0.3057112652737193,0.46320078278048626,0.15357855450033242
4607040100,4.281373001612757,0.6170336137674646,0.22758184673063625,-0.2814352384275749,0.4634141753937975,0.1536194383736671
4608040100,4.28234721644508,0.6173377577567942,0.22731552774182637,-0.26631898880991245,0.463627634049832,0.15371012370696224
4609040100,4.28332149133038,0.6175039484021007,0.22698830686708543,-0.32722087474095707,0.46384115754058897,0.1536627908615117
4610040100,4.284295839906972,0.617724608485694,0.22663600341736673,-0.35230344971874494,0.46405474511388434,0.15366986337180966
4611040100,4.285270267706911,0.6179840353738795,0.22635280347478476,-0.28319994258196224,0.4642683997717718,0.15371563560210766
4612040100,4.286244759103036,0.6182231229511927,0.226042388344504,-0.3104151302807763,0.46448212274097145,0.1537410002102213
4613040100,4.287219320117083,0.6184565782888103,0.22571253255974522,-0.329855784758736,0.46469591060682447,0.15376066768198582
4614040100,4.288193955006165,0.6186183155535082,0.22539282827932636,-0.31970428041886567,0.4649097647025222,0.153708550850986
4615040100,4.289168661395536,0.6187876420019077,0.22507593403119389,-0.316894248132475,0.46512368597516485,0.15366395602674288
4616040100,4.290143438558429,0.618941616523931,0.22479503677600957,-0.2808972551843312,0.46533767391659353,0.15360394260733745
4617040100,4.291118278373622,0.6192095481623808,0.2245104675863535,-0.28456918965604117,0.46555172838009184,0.15365781978228898
4618040100,4.292093181581682,0.619456995774179,0.22423372778080336,-0.27673980555015065,0.4657658475944402,0.15369114817973883
4619040100,4.293068146362755,0.6197508527639624,0.2238999341676167,-0.33379361318664036,0.46598003173386715,0.1537708210300952
4620040100,4.294043185311639,0.6198902896522678,0.22357634850335048,-0.32358566426622537,0.46619428041003985,0.15369600924222793
4621040100,4.295018296056459,0.6200828435745918,0.2232294312018373,-0.34691730151316813,0.46640859640299936,0.1536742471715924
4622040100,4.295993483660538,0.6202938880796891,0.2229599073676658,-0.2695238341714914,0.4666229792045371,0.153670908875152
4623040100,4.296968730896402,0.6205891817746988,0.22266390207853257,-0.2960052891332299,0.46683742994119726,0.15375175183350154
4624040100,4.297944043541409,0.6208635446683244,0.22235869227803698,-0.30520980049557966,0.46705194483693546,0.15381159983138892
4625040100,4.298919423540023,0.6211455537377225,0.2220112284045257,-0.3474638735112696,0.46726652517403267,0.15387902856368985
4626040100,4.299894880106262,0.6213781244106491,0.22167414308727293,-0.337085317252777,0.46748117139240364,0.15389695301824546
4627040100,4.300870410840548,0.6215948321674373,0.2213331328970687,-0.3410101902042142,0.4676958855327058,0.15389894663473147
4628040100,4.301846016493672,0.6217647279470092,0.2210168401530006,-0.31629274406810026,0.4679106670802824,0.15385406086672682
4629040100,4.302821691533876,0.622058960439247,0.2207085087182205,-0.3083314347800987,0.46812551621382426,0.15393344422542277
4630040100,4.303797434120686,0.6222567831441346,0.22042370697173908,-0.2848017464814083,0.4683404317281443,0.15391635141599025
4631040100,4.304773239017007,0.6224939934885805,0.220076611425358,-0.34709554638107676,0.4685554132302805,0.15393858025829998
4632040100,4.305749119744592,0.6227178641469173,0.2197777880841546,-0.2988233412033994,0.4687704595782556,0.15394740456866174
4633040100,4.30672506566305,0.6228723959607368,0.2194592590180985,-0.3185290660560569,0.4689855737645132,0.15388682219622363
4634040100,4.3077010809753995,0.6230410409135264,0.21914741620129413,-0.31184281680441206,0.46920075345635937,0.15384028745716705
4635040100,4.308677164129059,0.6234068584716265,0.2188703968552987,-0.27701934599544464,0.4694159995927585,0.153990858878868
4636040100,4.309653307468582,0.623638065640801,0.21858644736446192,-0.28394949083676013,0.46963131184378426,0.15400675379701678
4637040100,4.310629512421883,0.6238528608785902,0.21820364361766909,-0.38280374679282336,0.46984668853249545,0.1540061723460947
4638040100,4.31160580031462,0.6241132903067812,0.21788814562322079,-0.31549799444830406,0.47006212998521946,0.15405116032156174
4639040100,4.3125821564565765,0.6243301435918093,0.21758088726890149,-0.30725835431929327,0.4702776409214309,0.1540525026703784
4640040100,4.313558578971925,0.6246194743909582,0.21725075672414096,-0.33013054476051495,0.4704932181119226,0.15412625627903564
4641040100,4.314535072698744,0.6248969971069573,0.216942444825913,-0.30831189822796,0.4707088611547974,0.15418813595215997
4642040100,4.315511632834493,0.6251957784923966,0.2165977797213036,-0.34466510460939337,0.47092457113106434,0.15427120736133226
4643040100,4.316488267099589,0.6253906048100502,0.21625892849948572,-0.3388512218178654,0.4711403469923461,0.15425025781770407
4644040100,4.317464974130504,0.6255504205560223,0.21590931487440687,-0.34961362507886107,0.4713561904572714,0.15419423009875088
4645040100,4.318441756120839,0.6258302564018663,0.21561175461933718,-0.2975602550696763,0.4715721012377365,0.15425815516412977
4646040100,4.319418601815966,0.6260097197065344,0.21533184549794712,-0.2799091213900726,0.4717880798319882,0.15422163987454618
4647040100,4.320395507357997,0.6261685488370493,0.21499183251901122,-0.34001297893590765,0.4720041237641013,0.15416442507294803
4648040100,4.321372485494682,0.6263845156297266,0.21470211164084885,-0.28972087816239744,0.4722202321922744,0.15416428343745225
4649040100,4.322349525399256,0.6265209873838372,0.21442285465638838,-0.27925698446045133,0.47243640794864916,0.15408457943518805
4650040100,4.323326624763217,0.6267042399994487,0.21411506292287497,-0.3077917335134266,0.47265264864987344,0.15405159134957525
4651040100,4.324303789573907,0.6269010837674605,0.2138472107189639,-0.2678522039110771,0.47286895379627225,0.1540321299711882
4652040100,4.325281011263525,0.6271052377939432,0.2135560664119512,-0.2911443070126847,0.4730853247248312,0.154019913069112
4653040100,4.326258294698672,0.6272648762139456,0.21325819847413952,-0.29786793781165555,0.4733017595497415,0.15396311666420404
4654040100,4.3272356412195565,0.6274896478366714,0.21295673191686484,-0.30146655727464244,0.4735182593599063,0.15397138847676506
4655040100,4.3282130515000405,0.627661803757338,0.212677669378238,-0.27906253862683994,0.4737348244637616,0.15392697929357646
4656040100,4.329190520722545,0.6278087041894137,0.21236605647205692,-0.3116129061811037,0.47395145502232694,0.15385724916708676
4657040100,4.3301680556722175,0.6280407584861029,0.21208087309353624,-0.28518337852067477,0.4741681499792172,0.15387260850688567
4658040100,4.331145650691206,0.6282595695604916,0.21180848924752316,-0.27238384601309673,0.4743849108501621,0.15387465871032946
4659040100,4.332123303009259,0.6285057063483329,0.21149353083937916,-0.314958408144004,0.47460173639219505,0.15390396995613786
4660040100,4.333101021491995,0.6286583634417182,0.2111852224068647,-0.3083084325144694,0.4748186260018521,0.15383973743986612
4661040100,4.334078804648487,0.628881920088631,0.21086322465707957,-0.32199774978511697,0.47503558165738724,0.15384633843124373
4662040100,4.335056655251115,0.6290823802991576,0.2105881283745858,-0.2750962824937395,0.4752526030399906,0.15382977725916702
4663040100,4.336034563395517,0.629272637937484,0.2102776021083338,-0.31052626625197166,0.47546969077711765,0.15380294716036635
4664040100,4.337012536403649,0.6295151695648163,0.2099786904925899,-0.29891161574389713,0.4756868426815224,0.15382832688329395
4665040100,4.337990571760329,0.6296444529573018,0.2096849660351172,-0.2937244574727327,0.47590406039046584,0.15374039256683592
4666040100,4.3389686682984685,0.6298870225061224,0.20936508685757405,-0.3198791775431469,0.4761213433570397,0.15376567914908268
4667040100,4.339946831369985,0.6300740221158126,0.20910204042541777,-0.26304643215629975,0.47633869133342444,0.1537353307823882
4668040100,4.340925049078939,0.6302416261070899,0.20878233297685442,-0.319707448563344,0.47655610552068595,0.15368552058640395
4669040100,4.341903333103276,0.6304563537253366,0.2084905044324498,-0.2918285444046298,0.47677358328601116,0.15368277043932543
4670040100,4.342881677572916,0.6306790678026879,0.2082085052338316,-0.28199919861817224,0.4769911272369036,0.15368794056578428
4671040100,4.343860080372788,0.6309264478338907,0.20790298294717763,-0.3055222866539855,0.477208736079735,0.15371771175415572
4672040100,4.344838546280721,0.6311139872116382,0.2075934896664718,-0.30949328070586013,0.4774264093551501,0.15368757785648812
4673040100,4.345817076023835,0.631393271229053,0.20727163621162045,-0.3218534548513454,0.47764414813741496,0.15374912309163802
4674040100,4.346795672052082,0.6315642348559809,0.20697979623573065,-0.29183997588978805,0.477861952600076,0.15370228225590488
4675040100,4.347774328096608,0.6318600224508316,0.20664199382109585,-0.33780241463478533,0.4780798233004404,0.1537801991503912
4676040100,4.348753053505415,0.6320532883989441,0.206358478534703,-0.28351528639284895,0.47829775885453074,0.1537555295444134
4677040100,4.349731837044992,0.6323112049338223,0.20601242798713018,-0.34605054757279397,0.4785157613559683,0.15379544357785402
4678040100,4.350710691430683,0.6324975289185573,0.20571772120970674,-0.29470677742344065,0.4787338283143825,0.15376370060417477
4679040100,4.351689606058578,0.6327342720695186,0.20539064166823587,-0.3270795414708638,0.47895196257458394,0.15378230949493465
4680040100,4.352668587446582,0.6330253444264922,0.20509945567328114,-0.29118599495469466,0.47917016178559635,0.15385518264089582
4681040100,4.35364762818035,0.6331952077145416,0.20478305548273884,-0.3164001905423115,0.4793884274120188,0.15380678030252282
4682040100,4.354626733304609,0.6333769373636181,0.20443937828343434,-0.3436771993044969,0.47960675781249407,0.15377017955112404
4683040100,4.355605908259435,0.6336127877492038,0.20415643493984315,-0.28294334359120143,0.479825154123521,0.15378763362568282
4684040100,4.356585140617727,0.6338369891908915,0.20386766470433818,-0.2887702355049655,0.48004361757087466,0.15379337162001683
4685040100,4.35756443148081,0.6340730306718679,0.20355183289486548,-0.3158318094726862,0.48026214539373413,0.1538108852781338
4686040100,4.358543786237854,0.6343341665981755,0.20324184639785706,-0.3099864970084121,0.4804807378487581,0.15385342874941743
4687040100,4.359523203611336,0.6345444848514574,0.2029259372992346,-0.3159090986224522,0.4806993961502961,0.15384508870116131
4688040100,4.360502684700776,0.6347845451312863,0.20259742894595403,-0.32850835328056394,0.480918120024846,0.15386642510644033
4689040100,4.361482231943652,0.6349803643414218,0.20229437902693484,-0.30304991901920975,0.4811369097296705,0.1538434546117513
4690040100,4.362461840119527,0.6351824794661637,0.2019764484686294,-0.317930558305457,0.4813557658212382,0.1538267136449255
4691040100,4.363441512123689,0.6354428393389019,0.20168071771230514,-0.29573075632424883,0.48157468714494556,0.15386815219395633
4692040100,4.364421243410373,0.6356612075028658,0.20138190522714544,-0.2988124851596907,0.48179367435942666,0.15386753314343915
4693040100,4.365401034510317,0.6358117260194495,0.20105392056805793,-0.3279846590875002,0.4820127264600309,0.15379899955941856
4694040100,4.366380891162199,0.6360065964013055,0.20074696557429242,-0.3069549937655087,0.48223184357657445,0.15377475282473108
4695040100,4.367360809067485,0.6361024854072913,0.20047410510938662,-0.27286046490580484,0.4824510270040925,0.15365145840319883
4696040100,4.3683407813450374,0.636326956409253,0.2001791504934232,-0.29495461596343997,0.4826702757928132,0.15365668061643978
4697040100,4.369320812315443,0.6365624595320218,0.19993396596556168,-0.24518452786149525,0.48288958841402163,0.1536728711180002
4698040100,4.370300892010085,0.6367985600712324,0.1996245120391946,-0.3094539263670686,0.48310896584532514,0.15368959422590722
4699040100,4.371281033116776,0.6369966820730777,0.1993095422060885,-0.31496983310607485,0.4833284058655174,0.1536682762075603
4700040100,4.372261236633779,0.6373202302076003,0.19899427163816794,-0.3152705679205672,0.48354791132585007,0.15377231888175025
4701040100,4.373241502523304,0.6375304025408638,0.19869806582591715,-0.2962058122507827,0.48376748246143464,0.15376292007942916
4702040100,4.374221826924841,0.6377454114616223,0.19833897183095578,-0.35909399496135586,0.4839871192754188,0.15375829218620352
4703040100,4.375202222145877,0.6378889360538983,0.19803661750478524,-0.3023543261705399,0.4842068209141388,0.1536821151397595
4704040100,4.376182676898339,0.6381612363877908,0.197731886682671,-0.3047308221142466,0.4844265901478124,0.15373464623997835
4705040100,4.377163191559453,0.6384500020342018,0.19746308431155765,-0.2688023711133416,0.48464642445813055,0.15380357757607122
4706040100,4.378143758990272,0.6387000395168378,0.19712982167591117,-0.3332626356464894,0.4848663239408708,0.15383371557596703
4707040100,4.379124391746883,0.6388757206141885,0.19678822123788914,-0.3416004380220341,0.4850862870056609,0.1537894336085276
4708040100,4.380105091350619,0.6390464427455387,0.1964659565239438,-0.3222647139453394,0.4853063164802016,0.15374012626533706
4709040100,4.381085853912805,0.6392500921803572,0.19618099190427085,-0.2849646196729594,0.4855264127180625,0.1537236794622947
4710040100,4.382066672061544,0.6393996601955814,0.19589863889747128,-0.2823530067995845,0.4857465748585419,0.15365308533703947
4711040100,4.383047545208848,0.639519639560093,0.1955998882156581,-0.29875068181321485,0.4859668012579341,0.15355283830215882
4712040100,4.384028476463621,0.6398035719408252,0.19532835168986687,-0.27153652579125076,0.4861870917947293,0.15361648014609586
4713040100,4.385009460456717,0.6400175413177156,0.19507184218047793,-0.25650950938892936,0.4864074471778501,0.15361009413986548
4714040100,4.385990494203125,0.6401646208333799,0.19473326143214628,-0.3385807483316461,0.48662786621171605,0.15353675462166383
4715040100,4.386971593522782,0.6403412534559009,0.194429706910422,-0.30355452172425235,0.48684834823549394,0.15349290522040693
4716040100,4.387952751536506,0.6404829990255538,0.19415977561928302,-0.2699312911389684,0.4870688968155221,0.1534141022100317
4717040100,4.388933961667105,0.6406019036881928,0.19387518888475586,-0.28458673452716243,0.48728951041697854,0.15331239327121426
4718040100,4.38991522666675,0.6408129413828065,0.1936082359234404,-0.26695296131542134,0.4875101875715231,0.15330275381128344
4719040100,4.390896543063366,0.640981237410872,0.19335293873715986,-0.25529718628055353,0.4877309289083591,0.15325030850251287
4720040100,4.3918779085474275,0.6411376136246018,0.19305162653332208,-0.3013122038377434,0.48795173365660816,0.1531858799679936
4721040100,4.392859331884208,0.6413378715771606,0.19277182188590536,-0.2798046474167346,0.4881726013063279,0.1531652702708327
4722040100,4.393840808864412,0.6414936328110378,0.1924981375792638,-0.2736843066415646,0.48839353384048323,0.15310009897055454
4723040100,4.394822338240326,0.6417087585999639,0.1922025861945887,-0.295551384675109,0.4886145303221028,0.15309422827786112
4724040100,4.395803924115745,0.6419517768008145,0.19192944561348202,-0.2731405811066805,0.4888355904804129,0.15311618632040158
4725040100,4.396785562130239,0.6420927512697282,0.1916266664619349,-0.30277915154709767,0.4890567152500651,0.1530360360196631
4726040100,4.397767257855848,0.6423237597137351,0.19130992962323423,-0.31673683870070146,0.4892779036591506,0.15304585605458454
4727040100,4.398749013856657,0.6425662600783791,0.19104440689809896,-0.26552272513527053,0.48949915697367175,0.1530671031047074
4728040100,4.399730820310699,0.6428521040951966,0.19073388012787595,-0.31052677022300457,0.48972047578264366,0.1531316283125529
4729040100,4.4007126856815955,0.6429815802252128,0.19041759778144843,-0.3162823464275213,0.48994185788242817,0.15303972234278462
4730040100,4.401694610964035,0.6432115352662386,0.19007954633050644,-0.3380514509419916,0.49016330519188855,0.1530482300743501
4731040100,4.402676600173013,0.6434200504692394,0.18981989537016186,-0.25965096034457336,0.4903848179465591,0.15303523252268036
4732040100,4.403658638406565,0.6436739469473348,0.18951002079234483,-0.309874577817022,0.49060639706377174,0.15306754988356308
4733040100,4.404640735060731,0.6439100661960971,0.18921092544263982,-0.29909534970500906,0.4908280391917401,0.15308202700435702
4734040100,4.405622888013865,0.6440589125243106,0.18888910645206514,-0.32181899057468555,0.4910497464614032,0.15300916606290738
4735040100,4.4066051014451295,0.6443478921121621,0.18857617982304617,-0.3129266290190069,0.4912715184046803,0.15307637370748184
4736040100,4.40758737358587,0.6444948855561694,0.18830706784233875,-0.2691119807074265,0.49149335597627797,0.15300152957989144
4737040100,4.40856969613891,0.6446140678948288,0.18796778776194004,-0.33928008039872193,0.49171525878796274,0.15289880910686604
4738040100,4.409552082147338,0.6447834271762981,0.18769968319224237,-0.2681045696976576,0.4919372249757785,0.1528462022005196
4739040100,4.410534518219247,0.6450583656421645,0.18744572143098248,-0.253961761259897,0.492159257497768,0.15289910814439645
4740040100,4.411517001648606,0.6451851010908121,0.1871668097118855,-0.278911719096979,0.49238135333795796,0.1528037477528541
4741040100,4.412499537014939,0.6453506079865774,0.1868350343744389,-0.3317753374466115,0.4926035118941279,0.15274709609244952
4742040100,4.413482134062601,0.645586035667167,0.18657758274980668,-0.2574516246322145,0.49282573421145415,0.15276030145571284
4743040100,4.414464778899324,0.6457376708402326,0.18630089071303693,-0.2766920367697776,0.4930480225046381,0.1526896483355945
4744040100,4.415447475023965,0.6458691957719197,0.18598924499300903,-0.31164572002788704,0.49327037364137283,0.15259882213054687
4745040100,4.416430228825485,0.6460152828092129,0.18571966838044587,-0.2695766125631478,0.49349278842302624,0.1525224943861867
4746040100,4.41741303244108,0.6461500976820995,0.18546036049073122,-0.2593078897146357,0.49371526830605106,0.15243482937604846
4747040100,4.418395883905839,0.6463874652348965,0.1851939568845907,-0.2664036061405355,0.49393781152075533,0.1524496537141412
4748040100,4.419378784460283,0.6465867466244788,0.18493339648317686,-0.2605604014138412,0.49416041763175045,0.15242632899272834
4749040100,4.420361732960219,0.6467977555458049,0.1846215616670696,-0.3118348161072435,0.4943830869294885,0.15241466861631636
4750040100,4.4213447387528815,0.6470245686932621,0.18432884830175753,-0.2927133653120735,0.4946058191642564,0.1524187495290057
4751040100,4.422327798238151,0.6472169574304444,0.18403032608571532,-0.2985222160422012,0.49482861646424325,0.15238834096620113
4752040100,4.423310912394797,0.6474498298841377,0.1837239262575221,-0.30639982819320766,0.49505147802409155,0.15239835186004613
4753040100,4.4242940825744155,0.6476041838884202,0.18343483171004235,-0.2890945474797084,0.49527440407609546,0.15232977981232476
4754040100,4.425277305528235,0.6478333500619254,0.18312550765758157,-0.3093240524607779,0.4954973949373169,0.1523359551246085
4755040100,4.42626058485815,0.6479514076305416,0.18285561250814883,-0.26989514943274684,0.49572044988134323,0.15223095774919837
4756040100,4.427243913301159,0.6481768556814227,0.18254833109304822,-0.30728141510062,0.495943569735779,0.15223328594564367
4757040100,4.428227297573278,0.6483656165963831,0.18229684656016854,-0.25148453287970773,0.49616675286271317,0.15219886373366998
4758040100,4.429210727467833,0.6486085409987165,0.18199169389255768,-0.3051526676108933,0.49639000079659823,0.15221854020211822
4759040100,4.430194212637372,0.6487505068171334,0.1817049861704204,-0.28670772213726403,0.4966133112301776,0.15213719558695582
4760040100,4.431177749657356,0.6489299331245976,0.18139118872650636,-0.3137974439140476,0.49683668636509637,0.1520932467595012
4761040100,4.432161343334231,0.649143507683086,0.18112806574385318,-0.26312298265317335,0.4970601254338689,0.15208338224921714
4762040100,4.433144984443946,0.6492926536490654,0.1808463325091259,-0.28173323472726364,0.49728362953884186,0.15200902411022355
4763040100,4.434128676265852,0.6494411474323174,0.1805475775260797,-0.29875498304624415,0.4975071965940856,0.1519339508382318
4764040100,4.435112421778575,0.6495910293298138,0.18028121715660192,-0.2663603694777772,0.4977308273545553,0.1518602019752585
4765040100,4.436096215086273,0.6497395585843844,0.18001536500505527,-0.26585215154666075,0.4979545225075057,0.15178503607687865
4766040100,4.437080056028155,0.6498821095804351,0.17974899861913762,-0.2663663859176315,0.49817828072215065,0.15170382885828448
4767040100,4.438063944626621,0.6500204355666984,0.17948349054345034,-0.26550807568727164,0.4984021019713083,0.15161833359539012
4768040100,4.439047880658637,0.6502262907542591,0.17922116565478552,-0.2623248886648082,0.4986259862694489,0.1516003044848102
4769040100,4.4400318634874,0.6503413601060509,0.17896115591212966,-0.2600097426558554,0.49884993357519747,0.15149142653085346
4770040100,4.4410158926330885,0.6504726854265717,0.1786674492568655,-0.29370665526415873,0.4990739437529115,0.1513987416736602
4771040100,4.441999974018295,0.6506586666022091,0.1784193848371203,-0.248064419745196,0.49929801670257135,0.1513606498996377
4772040100,4.442984099458834,0.650922779508953,0.17816340931424188,-0.2559755228784337,0.4995221537824506,0.15140062572650248
4773040100,4.4439682702962005,0.651063426825643,0.17788021424072328,-0.28319507351860085,0.49974635313796867,0.15131707368767433
4774040100,4.444952491282598,0.6512304398654141,0.17755790461236837,-0.32230962835491916,0.49997061508366514,0.15125982478174893
4775040100,4.445936769248511,0.6514231996373578,0.17729752630338766,-0.26037830898069414,0.5001949407118289,0.15122825892552894
4776040100,4.446921093170741,0.6516458786927549,0.17702411159927683,-0.2734147041108206,0.5004193315896117,0.1512265471031432
4777040100,4.44790546527836,0.6518066975171869,0.17673791941610087,-0.28619218317597417,0.500643785214006,0.1511629123031809
4778040100,4.4488898877443885,0.6520900592905976,0.176436802513642,-0.30111690245890155,0.5008683021026066,0.15122175718799102
4779040100,4.449874363107934,0.6522482200523413,0.17616677475489717,-0.27002775874485274,0.5010928827606946,0.15115533729164665
4780040100,4.450858885831621,0.6524212561336181,0.17583538984417604,-0.33138491072112997,0.5013175277775552,0.1511037283560629
4781040100,4.451843466578764,0.6525697125681978,0.17556677058718492,-0.26861925699111944,0.5015422358994321,0.1510274766687657
4782040100,4.452828094280142,0.6526772264957976,0.17529084856701663,-0.27592202016833123,0.5017670095703295,0.15091021692546813
4783040100,4.4538127701382955,0.6528048215166334,0.1750274017791797,-0.26344678783692443,0.5019918462733877,0.15081297524324577
4784040100,4.454797491905958,0.6529473991566777,0.17478469240646408,-0.24270937271562243,0.5022167462925928,0.15073065286408482
4785040100,4.455782255908842,0.6530654704010873,0.17453216875520067,-0.25252365126340526,0.5024417091239748,0.15062376127711252
4786040100,4.456767063793209,0.6531146114363936,0.17427234997080412,-0.25981878439653494,0.502666733936973,0.15044787749942057
4787040100,4.4577519167612,0.6534171705129418,0.1740250292821702,-0.24732068863393564,0.5028918211164459,0.15052534939649587
4788040100,4.45873681258239,0.6535458527190843,0.1738125567736136,-0.2124725085565926,0.5031169709460528,0.1504288817730315
4789040100,4.459721745170532,0.653692973230262,0.17347325175100917,-0.3393050226044425,0.5033421829247189,0.1503507903055431
4790040100,4.460706736380949,0.653871241094537,0.17322110929768228,-0.25214245332692453,0.5035674556688932,0.15030378542564382
4791040100,4.461691771080979,0.653979265162601,0.17295993437905782,-0.2611749186244554,0.5037927941867224,0.15018647097587856
4792040100,4.462676850762513,0.6541681309790277,0.17268331281201932,-0.2766215670385048,0.5040181950262301,0.15014993595279758
4793040100,4.463661978012617,0.6543881531542626,0.17244207905746847,-0.24123375455086937,0.5042436585376748,0.15014449461658774
4794040100,4.464647146684376,0.6546029775277122,0.17216052896009473,-0.28155009737372616,0.5044691853223817,0.15013379220533052
4795040100,4.465632363627908,0.6547904628141145,0.17186344332916695,-0.29708563092775275,0.5046947739820418,0.1500956888320727
4796040100,4.466617631422098,0.6549331548483479,0.1715690090651808,-0.29443426398614836,0.504920426094202,0.15001272875414595
4797040100,4.467602949527326,0.6550498384470536,0.17128835240461995,-0.28065666056084093,0.5051461422592531,0.14990369618780042
4798040100,4.468588315509848,0.6552754571825403,0.17103029044485063,-0.2580619597693232,0.5053719223634658,0.14990353481907448
4799040100,4.4695737254467325,0.6554034298090972,0.170785482865437,-0.2448075794136475,0.5055977658588127,0.1498056639502845
4800040100,4.470559177019775,0.6555108281133922,0.17048623986271957,-0.2992430027174269,0.5058236718553246,0.1496871562580676
4801040100,4.471544679406975,0.6557692087364759,0.1702360470317896,-0.2501928309299868,0.5060496398302021,0.1497195689062738
4802040100,4.472530224211436,0.6559048569700258,0.16999640949051445,-0.23963754127516235,0.5062756718971961,0.14962918507282963
4803040100,4.47351580958579,0.6559729607784518,0.16968124813879104,-0.3151613517234044,0.5065017661396851,0.14947119463876668
4804040100,4.474501448229819,0.6562301662956501,0.16942766496159994,-0.2535831771911068,0.5067279221423178,0.14950224415333235
4805040100,4.475487129664287,0.6563902107769307,0.16920820098143102,-0.21946398016896063,0.506954142828544,0.1494360679483867
4806040100,4.476472848080646,0.6565878475371795,0.16889415651901074,-0.3140444624202525,0.5071804258027015,0.14940742173447796
4807040100,4.477458619334085,0.656796744528657,0.16862885619550072,-0.2653003235100073,0.5074067697395179,0.14938997478913907
4808040100,4.478444435147784,0.6569436685399851,0.16834484762818924,-0.28400856731149005,0.5076331782887138,0.1493104902512713
4809040100,4.479430298587113,0.6571125776469957,0.16805527627456854,-0.2895713536207156,0.5078596495589061,0.14925292808808965
4810040100,4.480416210503027,0.6572858961574859,0.16779688186603844,-0.25839440853007534,0.5080861842634903,0.1491997118939956
4811040100,4.481402165606457,0.6574476436576018,0.16752764187805824,-0.2692399879802072,0.5083127826075113,0.14913486105009044
4812040100,4.482388165640076,0.6576547839807987,0.16725633556772374,-0.2713063103345128,0.5085394433845032,0.1491153405962955
4813040100,4.483374210876409,0.6578324934887315,0.16699097580561553,-0.265359762108214,0.5087661670039516,0.1490663264847799
4814040100,4.484360300254481,0.6580089357098381,0.1667029902197876,-0.28798558582793765,0.5089929535375646,0.14901598217227352
4815040100,4.485346437459457,0.6581864692677885,0.16642984965272534,-0.2731405670622673,0.5092198027502874,0.148966666517501
4816040100,4.486332619950393,0.6583499703480882,0.16615747488261437,-0.27237477011095534,0.5094467154990738,0.14890325484901434
4817040100,4.4873188475270585,0.6585650053454842,0.16588468497049497,-0.2727899121194144,0.5096736912085262,0.148891314136958
4818040100,4.488305120184837,0.6587766218707043,0.1656190697267922,-0.2656152437027828,0.5099007298416147,0.14887589202908957
4819040100,4.489291436667523,0.6589732693588018,0.16532774299363065,-0.29132673316152613,0.5101278314063187,0.14884543795248317
4820040100,4.490277801137341,0.6591323704473133,0.16503818793244382,-0.2895550611868223,0.5103549956223254,0.14877737482498787
4821040100,4.4912642132195115,0.6593273963518881,0.16475620974892546,-0.28197818351834614,0.5105822234574369,0.14874517289445122
4822040100,4.492250671588661,0.6595247319019222,0.1644931728282457,-0.2630369206797778,0.5108095148348006,0.14871521706712154
4823040100,4.493237173064856,0.6595847442348335,0.16421226980160603,-0.2809030266396719,0.5110368694583656,0.14854787477646791
4824040100,4.494223720500665,0.6597238181695129,0.16393030361348435,-0.28196618812169305,0.5112642866042201,0.1484595315652928
4825040100,4.495210313991748,0.6599424537393974,0.1637173651046947,-0.2129385087896294,0.5114917669389278,0.14845068680046958
4826040100,4.496196942211404,0.6600511453737342,0.16346510420224772,-0.25226090244697774,0.5117193104937492,0.14833183487998503
4827040100,4.49718361151491,0.6602979425963615,0.16317311190822478,-0.29199229402289584,0.5119469146646445,0.14835102793171706
4828040100,4.498170328294623,0.6603852765942316,0.16293635971508585,-0.23675219313893403,0.5121745809256169,0.14821069566861478
4829040100,4.49915708350707,0.6605509620118102,0.16263054751091688,-0.3058122041689675,0.5124023107605744,0.14814865125123577
4830040100,4.500143888281121,0.660753265525392,0.1624047794977933,-0.2257680131235793,0.5126301020910446,0.1481231634343474
4831040100,4.50113072958516,0.6609961252397355,0.1621399907343976,-0.26478876339568824,0.5128579574949974,0.1481381677447381
4832040100,4.502117613668777,0.6613104859868884,0.16185697606352228,-0.28301467087533894,0.5130858739721376,0.1482246120147508
4833040100,4.503104543400069,0.6615128741182328,0.16155368394238545,-0.3032921211368469,0.5133138529740435,0.14819902114418926
4834040100,4.504091521961855,0.661631655827793,0.1612144998037363,-0.3391841386491339,0.5135418951721853,0.14808976065560775
4835040100,4.505078555025262,0.6618388075621384,0.16093138487924288,-0.28311492449342923,0.5137700013114035,0.14806880625073493
4836040100,4.5060656334938916,0.6620295839822388,0.16069032378503909,-0.24106109420380806,0.5139981727125083,0.14803141126973052
4837040100,4.507052750560899,0.6622152609541863,0.16040515234871952,-0.28517143631956987,0.5142264072825355,0.1479888536716507
4838040100,4.5080399132151046,0.662321455441754,0.1601282750702836,-0.27687727843593146,0.5144547034561704,0.14786675198558363
4839040100,4.509027120053804,0.6624948194913166,0.15985406355613124,-0.27421151415235423,0.5146830628583423,0.1478117566329743
4840040100,4.510014370576999,0.6626812927867863,0.1596198692282665,-0.23419432786474825,0.5149114851736094,0.14776980761317693
4841040100,4.511001658350799,0.6628360902176709,0.15935223169248333,-0.2676375357831591,0.51513997029517,0.14769611992250087
4842040100,4.51198898862833,0.6629530871070584,0.15907815496054553,-0.27407673193779725,0.5153685167423205,0.14758457036473782
4843040100,4.512976362358911,0.6631161923119924,0.15882009432172783,-0.25806063881770047,0.515597125739351,0.14751906657264136
4844040100,4.513963776935502,0.6632518197532064,0.1585811884528139,-0.2389058689139203,0.5158257975148004,0.14742602223840595
4845040100,4.514951229267656,0.6634653334775321,0.15831939094847722,-0.2617975043366969,0.5160545314735039,0.14741080200402823
4846040100,4.5159387229083405,0.6636323085131304,0.15807154963066256,-0.24784131781465235,0.5162833269077112,0.1473489816054192
4847040100,4.516926255593071,0.6638454204064588,0.15778482647246367,-0.2867231581988816,0.5165121846488425,0.14733323575761625
4848040100,4.517913833371473,0.6640745065117691,0.15752152757750162,-0.26329889496203096,0.5167411041803902,0.14733340233137893
4849040100,4.518901452488045,0.6642847198017523,0.15723522276415913,-0.28630481334249236,0.5169700869133109,0.14731463288844138
4850040100,4.519889116477033,0.664478371843925,0.15694096223876738,-0.2942605253917405,0.517199131985631,0.14727923985829394
4851040100,4.5208768265009684,0.6646051878787319,0.15665620695430363,-0.28475528446375753,0.5174282402257653,0.14717694765296663
4852040100,4.521864580991397,0.6646740845278877,0.15637983479004808,-0.2763721642555568,0.5176574119125377,0.14701667261535
4853040100,4.522852378562648,0.6648148417767216,0.15613711706409844,-0.24271772594964847,0.5178866466911387,0.14692819508558286
4854040100,4.523840213906448,0.6649603843421772,0.15592371125314758,-0.21340581095086297,0.5181159442488656,0.14684444009331155
4855040100,4.524828082413101,0.6651684359733988,0.1556745836125384,-0.2491276406091878,0.5183453033618619,0.1468231326115369
4856040100,4.5258159895767935,0.6652862166600491,0.1554232617243481,-0.2513218881903114,0.5185747229673723,0.14671149369267678
4857040100,4.526803935675881,0.6654022038964578,0.1551407582854804,-0.2825034388676755,0.518804204348978,0.14659799954747976
4858040100,4.527791925466589,0.6655764172908847,0.154903644608336,-0.2371136771444049,0.5190337475794244,0.14654266971146024
4859040100,4.528779951868132,0.6657875214235216,0.1546676856927208,-0.23595891561520244,0.5192633537722813,0.14652416765124032
4860040100,4.5297680146470665,0.6659827737286234,0.15440275596489858,-0.26492972782224644,0.5194930212903017,0.14648975243832163
4861040100,4.530756118204216,0.6661656619361442,0.1541194486573239,-0.2833073075746748,0.5197227500869381,0.1464429118492061
4862040100,4.53174426529154,0.6662546225547978,0.15384416685580787,-0.27528180151604453,0.5199525411934616,0.14630208136133627
4863040100,4.532732454599943,0.6663580471246355,0.15357519206382378,-0.26897479198408814,0.520182395258491,0.14617565186614456
4864040100,4.533720685089763,0.6665586808931858,0.15335349433241907,-0.2216977314047135,0.5204123119862629,0.1461463689069229
4865040100,4.534708949468891,0.6666768958152015,0.15312484894110945,-0.2286453913096178,0.5206422911434458,0.14603460467175566
4866040100,4.535697248748484,0.6668905328054112,0.15284768885592626,-0.27716008518315993,0.5208723310409304,0.14601820176448077
4867040100,4.536685590264557,0.6670959054340022,0.15261199221411217,-0.2356966418140869,0.5211024319214772,0.145993473512525
4868040100,4.537673967638753,0.6671021604221314,0.15232864795751283,-0.2833442565993438,0.5213325955011499,0.1457695649209816
4869040100,4.538662388047347,0.6672855894289271,0.15204951681318796,-0.2791311443248774,0.5215628203027123,0.14572276912621485
4870040100,4.539650850772857,0.6674018960682971,0.15187042303966572,-0.1790937735222382,0.521793108005955,0.14560878806234212
4871040100,4.5406393406088315,0.6675211929627919,0.1516028674250433,-0.2675556146224194,0.5220234584524341,0.14549773451035775
4872040100,4.541627870887188,0.6676377186096422,0.15136913245336614,-0.23373497167717106,0.5222538681059028,0.14538385050373936
4873040100,4.542616436437854,0.6676843145017596,0.1511341541831393,-0.23497827022682416,0.5224843400812347,0.1451999744205249
4874040100,4.543605037394012,0.6677984886837761,0.15090082059032328,-0.23333359281601163,0.5227148731809983,0.14508361550277782
4875040100,4.544593673453837,0.6679982360473072,0.15070285031150485,-0.1979702788184221,0.5229454674438081,0.14505276860349914
4876040100,4.545582339254918,0.6681322621999443,0.15047135430942155,-0.23149600208330257,0.5231761228067953,0.144956139393149
4877040100,4.546571039784709,0.6681881123521465,0.15019716408266853,-0.27419022675300275,0.5234068380259629,0.1447812743261836
4878040100,4.5475597813795945,0.6683505882816954,0.14995605776758586,-0.241106315082664,0.5236376142722428,0.1447129740094526
4879040100,4.548548559023221,0.6685029866784625,0.14975441981846488,-0.20163794912098032,0.5238684530326019,0.14463453364586065
4880040100,4.549537366770384,0.6686709791229017,0.14949963696337182,-0.25478285509306575,0.5240993531439528,0.1445716259789489
4881040100,4.550526212497859,0.6688128028167644,0.1492500805535947,-0.24955640977712457,0.5243303132251711,0.14448248959159327
4882040100,4.551515095364314,0.6689575646475031,0.14899288304018873,-0.25719751340593966,0.5245613351234155,0.1443962295240876
4883040100,4.552504016442454,0.6690598305702348,0.14874897920699293,-0.24390383319579678,0.5247924186500441,0.14426741192019066
4884040100,4.553492973696813,0.6692333894425992,0.14850380976294292,-0.24516944404999497,0.5250235640636696,0.14420982537892968
4885040100,4.554481967255817,0.6693754537939606,0.1482801769753767,-0.22363278756623228,0.5252547708963924,0.1441206828975682
4886040100,4.555470993878478,0.6694691619855242,0.14802104371846347,-0.2591332569132425,0.5254860391859424,0.1439831227995818
4887040100,4.556460058751607,0.6695878806606091,0.14777786685834177,-0.2431768601216986,0.5257173681819083,0.14387051247870086
4888040100,4.557449159459483,0.6696408811773306,0.14755917367293567,-0.21869318540609584,0.52594875910507,0.14369212207226056
4889040100,4.558438292344219,0.6697629534685078,0.147328231553863,-0.23094211907269746,0.526180211398124,0.1435827420703838
4890040100,4.559427459156674,0.6698932610371673,0.14713053610247087,-0.1976954513921243,0.5264117242124584,0.14348153682470888
4891040100,4.560416654970667,0.6700705779327644,0.14689855390553735,-0.23198219693349853,0.5266432979650872,0.14342727996767712
4892040100,4.561405884766698,0.6701563148278541,0.14666268707137786,-0.23586683415949583,0.5268749315096777,0.14328138331817641
4893040100,4.562395149059228,0.6702734098678717,0.14640345410302835,-0.2592329683494945,0.5271066260194459,0.14316678384842574
4894040100,4.563384451202166,0.6703715391317243,0.1461903335327508,-0.21312057027756404,0.527338381622279,0.14303315750944534
4895040100,4.564373784412883,0.6705150147353128,0.14596179375766735,-0.22853977508343282,0.527570199111608,0.14294481562370487
4896040100,4.56536315088919,0.6705800295049713,0.14574303519036527,-0.21875856730207022,0.5278020769055338,0.14277795259943749
4897040100,4.5663525491589585,0.6707035145789115,0.1455018104098744,-0.2412247804908858,0.5280340155262415,0.14266949905267
4898040100,4.567341982432443,0.6708331920238826,0.14530018030744155,-0.2016301024328513,0.5282660146357401,0.1425671773881425
4899040100,4.568331444919953,0.6709301158103499,0.14506956232533438,-0.23061798210717388,0.528498074994058,0.1424320408162919
4900040100,4.569320940772202,0.6710948991316421,0.14483608354794816,-0.23347877738622191,0.5287301952503469,0.14236470388129518
4901040100,4.570310470349467,0.6711698235916033,0.14461928194173898,-0.21680160620919087,0.5289623763852624,0.14220744720634082
4902040100,4.571300031194503,0.6713934230121087,0.1443687158030579,-0.2505661386811071,0.5291946184906351,0.1421988045214736
4903040100,4.5722896281189875,0.6715078420414026,0.14416342421556172,-0.20529158749619025,0.529426920996876,0.14208092104452652
4904040100,4.573279254557456,0.6716929162652527,0.14388384275439903,-0.279581461162701,0.5296592850408608,0.14203363122439194
4905040100,4.574268921123201,0.6718218379925085,0.14365911814774338,-0.22472460665564964,0.529891709088151,0.14193012890435752
4906040100,4.575258619886744,0.6720036666011414,0.14339919064510917,-0.25992750263419717,0.5301241956388836,0.14187947096225784
4907040100,4.576248355829502,0.6722400962358208,0.14316757777214034,-0.2316128729688285,0.5303567428380447,0.14188335339777614
4908040100,4.5772381248451,0.6724180268030138,0.14290964321987823,-0.25793455226209994,0.5305893518635827,0.14182867493943108
4909040100,4.578227930629615,0.6724869088057467,0.1426244314265631,-0.2852117933151721,0.5308220217579667,0.14166488704778002
4910040100,4.579217776994789,0.6726478103332889,0.14236860908006851,-0.255822346494583,0.5310547533975836,0.14159305693570534
4911040100,4.580207659690515,0.6727678666301657,0.14216766958769417,-0.2009394923743344,0.5312875476868051,0.14148031894336066
4912040100,4.58119757087719,0.6728355256490224,0.14192089544324085,-0.24677414445332113,0.5315204036341754,0.14131512201484697
4913040100,4.5821875169989665,0.6728752000909155,0.14169480034249562,-0.2260951007452361,0.5317533194026716,0.14112188068824394
4914040100,4.583177495075452,0.6729754647068071,0.1414952643048227,-0.1995360376729418,0.5319862965155373,0.14098916819126983
4915040100,4.584167501310934,0.6731434972219448,0.14131013783315827,-0.18512647166444784,0.5322193342786505,0.14092416294329424
4916040100,4.585157533636652,0.673319370870843,0.14109501214591275,-0.21512568724551384,0.5324524318052681,0.1408669390655749
4917040100,4.586147596237829,0.6735263844050605,0.14084616252081938,-0.24884962509337383,0.5326855886145658,0.1408407957904947
4918040100,4.58713769380341,0.6736611461032045,0.14059353653650658,-0.2526259843128369,0.5329188056986318,0.14074234040457267
4919040100,4.588127826801271,0.6739117889143548,0.14032542315401797,-0.26811338248860617,0.5331520841691493,0.1407597047452055
4920040100,4.589117997334492,0.6740993472430148,0.1400936634163366,-0.2317597376813647,0.5333854241439333,0.14071392309908148
4921040100,4.590108200256276,0.6742147674141784,0.1398039592686126,-0.28970414772396835,0.5336188261263963,0.14059594128778208
4922040100,4.591098443589595,0.6744409514601089,0.13954592005328087,-0.2580392153317361,0.5338522889108823,0.14058866254922653
4923040100,4.59208872284745,0.6744485576617173,0.13932421640293546,-0.2217036503454033,0.5340858143967679,0.14036274326494935
4924040100,4.593079032918496,0.6745692604543779,0.13904717684878637,-0.2770395541490931,0.5343194015339563,0.14024985892042163
4925040100,4.594069381425104,0.6746840705140288,0.1388799090043208,-0.16726784446556908,0.5345530491240851,0.1401310213899437
4926040100,4.595059753101106,0.6749358470364448,0.13865634898039428,-0.2235600239265103,0.5347867589730129,0.14014908806343196
4927040100,4.5960501557006435,0.6750823831729925,0.1384360042519507,-0.22034472844356823,0.5350205274849991,0.14006185568799345
4928040100,4.59704058873053,0.6753002030838221,0.13814716960763293,-0.28883464431781025,0.5352543564966119,0.1400458465872102
4929040100,4.598031061576623,0.6754418401909158,0.13791115999181275,-0.2360096158201872,0.5354882458982786,0.1399535942926372
4930040100,4.599021566895583,0.675585260073222,0.1376395708228602,-0.2715891689525367,0.5357221979140334,0.13986306215918853
4931040100,4.600012109514574,0.6756394642569438,0.13740628899263702,-0.23328183022320048,0.5359562108171012,0.13968325343984256
4932040100,4.601002684114137,0.6756959027340081,0.1371723274045056,-0.23396158813142032,0.536190285755481,0.13950561697852715
4933040100,4.601993290733317,0.6758821415484684,0.13698336442483167,-0.1889629796739387,0.5364244214796301,0.13945772006883828
4934040100,4.602983923174091,0.6759395654539562,0.13679367008586527,-0.18969433896639698,0.536658618005859,0.13928094744809716
4935040100,4.603974581500821,0.6760668064518228,0.1365392018946644,-0.25446819120087527,0.5368928738754342,0.13917393257638866
4936040100,4.604965274496653,0.6762823285032907,0.13634952449355106,-0.18967740111336706,0.5371271891096612,0.13915513939362956
4937040100,4.605955993292668,0.6764290586738252,0.1361251823770469,-0.22434211650414304,0.5373615657927822,0.13906749288104303
4938040100,4.606946742558001,0.6765615187955208,0.13585676816745243,-0.26841420959447926,0.5375960018333963,0.13896551696212456
4939040100,4.6079375282128385,0.6766771135342948,0.1356229549888114,-0.23381317864102358,0.537830498342835,0.1388466151914598
4940040100,4.608928345508072,0.6767568675980249,0.1353965111417776,-0.22644384703382792,0.5380650567296428,0.13869181086838211
4941040100,4.609919193394824,0.676927662243003,0.13517876885218513,-0.21774228959242148,0.5382996758769245,0.13862798636607854
4942040100,4.6109100706496395,0.6770382999316997,0.13497928701051876,-0.19948184166636596,0.5385343555432591,0.1385039443884406
4943040100,4.611900974768399,0.6771769037225192,0.13473444290779749,-0.2448441027212589,0.538769095445641,0.13840780827687815
4944040100,4.612891911806075,0.677248944026156,0.13451995560566796,-0.21448730212951972,0.5390038949973004,0.1382450490288556
4945040100,4.613882877632429,0.677390668285386,0.13429170746863753,-0.22824813703045366,0.5392387556397438,0.1381519126456422
4946040100,4.614873874044381,0.6775289925135429,0.134097097261268,-0.19461020736955126,0.5394736764009842,0.13805531611255872
4947040100,4.615864896493622,0.6776921705429554,0.13386786152850444,-0.22923573276357812,0.5397086577137138,0.1379835128292416
4948040100,4.616855949564625,0.6777569402370367,0.1336405494011911,-0.22731212731334494,0.539943698505958,0.13781324173107867
4949040100,4.617847032949007,0.677879451219706,0.133400983838533,-0.2395655626581068,0.5401787998715228,0.1377006513481832
4950040100,4.618838148225408,0.6780616701843023,0.13321099339354373,-0.18999044498927598,0.5404139617440968,0.13764770844020546
4951040100,4.619829288753729,0.6781637641710823,0.13299238785954481,-0.21860553399889748,0.540649184505213,0.13751457966586922
4952040100,4.620820458292978,0.6783210134492339,0.13274406478644662,-0.2483230730982,0.5408844665855064,0.13743654686372753
4953040100,4.621811660729479,0.678446101247812,0.13253610023803217,-0.20796454841446677,0.5411198088836287,0.13732629236418337
4954040100,4.622802890669602,0.6784812186907277,0.13230074433888628,-0.23535589914589172,0.5413552123292753,0.13712600636145245
4955040100,4.623794151684183,0.6785832084762682,0.13208172038458346,-0.21902395430280475,0.5415906756483118,0.13699253282795643
4956040100,4.6247854415675596,0.678710978553562,0.131908112236559,-0.1736081480244709,0.5418261996956382,0.13688477885792383
4957040100,4.625776754299846,0.6788611005766008,0.13170136534989071,-0.2067468866682738,0.5420617839539652,0.13679931662263556
4958040100,4.62676809420352,0.6790476814194636,0.13148197405120812,-0.21939129868257967,0.5422974269987577,0.13675025442070587
4959040100,4.627759462894012,0.6792508835032133,0.13125160721492932,-0.2303668362788147,0.5425331298634788,0.13671775363973449
4960040100,4.62875086176009,0.6793819020129267,0.13100313912274647,-0.2484680921828446,0.5427688929386747,0.136613009074252
4961040100,4.629742293113848,0.6794636325878799,0.1307464556373405,-0.2566834854059683,0.5430047165613132,0.13645891602656668
4962040100,4.630733757965189,0.6796406122893597,0.1305261038228998,-0.2203518144406773,0.5432406012883817,0.13640001100097798
4963040100,4.631725251520663,0.6797708513422599,0.13033073483635846,-0.19536898654135526,0.543476547367419,0.13629430397484088
4964040100,4.6327167704856205,0.6798543020157002,0.13008788989529338,-0.24284494106511412,0.5437125536646654,0.13614174835103476
4965040100,4.633708320981975,0.679892664936493,0.12986865692211128,-0.21923297318209456,0.5439486194022081,0.13594404553428496
4966040100,4.634699899893684,0.679987809354817,0.1296731530889355,-0.19550383317580566,0.5441847460441167,0.13580306331070024
4967040100,4.635691504104954,0.6801343830559439,0.12950061911170865,-0.17253397722685482,0.5444209328551359,0.13571345020080794
4968040100,4.636683130611841,0.6802940418367976,0.12930000655505694,-0.20061255665171163,0.544657179099385,0.1356368627374126
4969040100,4.637674783005671,0.6804012172702624,0.12907388841870493,-0.22611813635201816,0.544893484066975,0.13550773320328735
4970040100,4.638666464529827,0.6805068550221878,0.12884141039653338,-0.23247802217154745,0.5451298486195668,0.13537700640262096
4971040100,4.6396581759507765,0.6805916446040765,0.12863546221879552,-0.20594817773785556,0.5453662735366223,0.13522537106745425
4972040100,4.640649913811996,0.6807705758246793,0.12843057463838942,-0.2048875804061101,0.5456027590075898,0.13516781681708945
4973040100,4.641641677935582,0.6809118603649873,0.12823644481173585,-0.19412982665356449,0.5458393042147236,0.1350725561502637
4974040100,4.642633466904202,0.6809436416111523,0.12799538926178144,-0.2410555499543936,0.5460759091217966,0.13486773248935569
4975040100,4.64362528667146,0.6810861051746984,0.12777337754267754,-0.2220117191039006,0.546312573396758,0.13477353177794038
4976040100,4.644617134753224,0.6812192256892585,0.12760655692064696,-0.16682062203058923,0.5465492984667257,0.1346699272225328
4977040100,4.645609004078469,0.6814040902590808,0.12738461406044185,-0.2219428602051119,0.5467860837455234,0.13461800651355738
4978040100,4.646600901623851,0.6815782194446127,0.12716758015867313,-0.2170339017687153,0.547022927551037,0.13455529189357573
4979040100,4.6475928267179425,0.6817410911883833,0.1269248074511027,-0.24277270757042002,0.5472598315551345,0.13448125963324886
4980040100,4.648584782572477,0.6818697769255418,0.12668755808460655,-0.23724936649618833,0.5474967956039158,0.134372981321626
4981040100,4.649576768431135,0.6820029742290907,0.126456115645943,-0.23144243866355274,0.5477338204713114,0.13426915375777937
4982040100,4.650568783505734,0.6821189689471344,0.12624201329815304,-0.21410234778996062,0.5479709059834725,0.13414806296366188
4983040100,4.651560825560046,0.6822454435827862,0.12602589326596794,-0.21612003218509113,0.5482080519587598,0.1340373916240264
4984040100,4.652552894802206,0.6823714047298584,0.12581864706061296,-0.2072462053549764,0.5484452578690977,0.13392614686076065
4985040100,4.6535449900723656,0.6824119928142708,0.1256064123265287,-0.21223473408428029,0.5486825237705908,0.13372946904368
4986040100,4.654537111952871,0.6825158924065938,0.1253946869418206,-0.21172538470808844,0.5489198493921066,0.13359604301448724
4987040100,4.6555292603353315,0.682604626486487,0.12522607142352796,-0.16861551829264632,0.5491572348791678,0.13344739160731922
4988040100,4.656521429791812,0.6827375796492412,0.1250260970558422,-0.19997436768577148,0.5493946802120959,0.13334289943714528
4989040100,4.65751362420506,0.6828545161337041,0.12483403278981088,-0.19206426603130722,0.549632184097657,0.13322233203604705
4990040100,4.658505842550542,0.6829635906013628,0.12462009736011116,-0.21393542969971513,0.5498697474709893,0.13309384313037353
4991040100,4.659498087510431,0.6830355377483576,0.12441444126722043,-0.20565609289073983,0.5501073700926966,0.13292816765566096
4992040100,4.660490358011933,0.6831302207694436,0.1242130029032274,-0.20143836399302573,0.5503450526111742,0.13278516815826946
4993040100,4.661482653490539,0.6832273450563794,0.12403048961869442,-0.18251328453297222,0.5505827947756288,0.13264455028075062
4994040100,4.662474971564889,0.6834222973978658,0.12383692433839105,-0.19356528030335962,0.5508205964568553,0.13260170094101043
4995040100,4.663467313567139,0.6835651126361578,0.1236424495383374,-0.19447480005364803,0.5510584570899866,0.13250665554617125
4996040100,4.664459679572277,0.6836958441180655,0.12339917600354408,-0.24327353479331681,0.5512963770000638,0.13239946711800166
4997040100,4.665452075550404,0.6838922560049485,0.1231821908681645,-0.2169851353795902,0.5515343562109116,0.1323578997940369
4998040100,4.666444498213054,0.6840064651796041,0.12297149175682025,-0.210699111344254,0.5517723961605583,0.13223406901904577
4999040100,4.667436946742465,0.684168612937792,0.12272806606851329,-0.24342568830695877,0.5520104960667709,0.13215811687102108
5000040100,4.668429425101504,0.68431124747837,0.12252601949606615,-0.20204657244714008,0.552248655739568,0.13206259173880197
5001040100,4.6694219281748675,0.6844130294298775,0.12230018553897433,-0.22583395709181575,0.5524868761364132,0.13192615329346424
5002040100,4.670414458824275,0.6845477679045816,0.12208432972442397,-0.21585581455035263,0.5527251560358799,0.1318226118687017
5003040100,4.671407015784004,0.6846568648083757,0.1218892029516156,-0.19512677280838298,0.5529634961312127,0.13169336867716308
5004040100,4.672399596487627,0.6848568801515171,0.12167783521838316,-0.21136773323243152,0.5532018961248006,0.1316549840267165
5005040100,4.673392202868775,0.6849429032434377,0.12147957682591294,-0.19825839247021815,0.5534403554062486,0.13150254783718907
5006040100,4.674384833294583,0.6850354053940267,0.12123596574557566,-0.24361108033726575,0.5536788744460637,0.13135653094796307
5007040100,4.6753774932119745,0.6851439811840964,0.1210496856619282,-0.1862800836474625,0.5539174528578741,0.13122652832622228
5008040100,4.676370175640706,0.6852893911765041,0.12086048788746653,-0.18919777446164665,0.5541560919571573,0.1311332992193468
5009040100,4.6773628808981105,0.6854377066241596,0.12066354376361947,-0.19694412384707172,0.5543947900720205,0.13104291655213907
5010040100,4.67835560988112,0.6855670127731011,0.12044839862263822,-0.2151451409812375,0.5546335472844177,0.13093346548868334
5011040100,4.679348364738379,0.6856583203444777,0.12023201118632959,-0.21638743630862822,0.554872363815818,0.13078595652865976
5012040100,4.680341145572941,0.6858178404815177,0.12002537707964442,-0.20663410668518312,0.555111240189099,0.13070660029241876
5013040100,4.6813339511705285,0.6858114037964,0.11983806732028585,-0.18730975935857597,0.5553501764352404,0.13046122736115962
5014040100,4.682326779178684,0.6859358102951212,0.11961684004674401,-0.22122727354183014,0.5555891722680855,0.13034663802703572
5015040100,4.683319633610583,0.6861275678106764,0.11947911184266874,-0.1377282040752701,0.555828227127126,0.13029934068355042
5016040100,4.684312504468418,0.6862736477663811,0.11927622085649243,-0.2028909861763002,0.5560673419846047,0.1302063057817764
5017040100,4.685305399489419,0.6864227012916371,0.11903977907580204,-0.2364417806903858,0.5563065144381376,0.13011618685349946
5018040100,4.686298322617724,0.6865365613926109,0.11882639105805964,-0.2133880177423948,0.5565457463568144,0.12999081503579646
5019040100,4.687291271065137,0.6867048467829433,0.11861172634490043,-0.21466471315922142,0.5567850386971678,0.12991980808577552
5020040100,4.688284244937519,0.6868468213239348,0.11841493941919931,-0.1967869257011099,0.5570243907935577,0.12982243053037712
5021040100,4.689277242077219,0.6869864021631789,0.1181911118602493,-0.22382755895002182,0.5572638026775998,0.12972259948557907
5022040100,4.690270265634675,0.6870753718619662,0.11798066449448191,-0.2104473657673871,0.5575032738350032,0.129572098026963
5023040100,4.691263313985281,0.6872334919434937,0.11777164339690527,-0.20902109757666176,0.5577428050315305,0.1294906869119632
5024040100,4.69225638691747,0.6873384714652272,0.11758825901211438,-0.18338438479089447,0.5579823958814458,0.12935607558378137
5025040100,4.693249481380549,0.6875910651013667,0.11737049220418419,-0.21776680793018288,0.5582220463396865,0.12936901876168017
5026040100,4.694242601367931,0.6876733559296636,0.11717959482218672,-0.19089738199747708,0.5584617556757827,0.1292116002538809
5027040100,4.695235743691528,0.6878262525837654,0.1169148940533139,-0.2647007688728251,0.5587015248594476,0.12912472772431782
5028040100,4.696228916926926,0.6879427054795632,0.11673568956885744,-0.1792044844564591,0.5589413531268441,0.12900135235271903
5029040100,4.697222111050351,0.6880648832183979,0.11652138557659097,-0.21430399226646224,0.5591812425551552,0.12888364066324265
5030040100,4.698215330111114,0.6881900877177066,0.11632558091699884,-0.1958046595921441,0.559421190729438,0.12876889698826866
5031040100,4.699208571916673,0.6883316223481787,0.11612717874974493,-0.1984021672539058,0.5596611986336804,0.12867042371449833
5032040100,4.700201836729915,0.6884966536527024,0.1159275226740437,-0.19965607570123312,0.5599012657439211,0.12859538790878133
5033040100,4.701195124656782,0.688606392927923,0.11571992820071951,-0.20759447332418834,0.560141392129399,0.12846500079852408
5034040100,4.70218843657429,0.6887095421481758,0.11550076521814998,-0.21916298256952826,0.5603815778214596,0.12832796432671623
5035040100,4.703181773772902,0.6887705777277576,0.11530953879635705,-0.19122642179292026,0.5606218230379838,0.12814875468977382
5036040100,4.7041751329910735,0.6888958679470572,0.11512191135627238,-0.18762744008466892,0.5608621280970816,0.12803373984997557
5037040100,4.705168513779081,0.688954566286123,0.11495572919676901,-0.1661821595033699,0.5611024922155501,0.12785207407057286
5038040100,4.70616191364235,0.6890363363823837,0.11475767939489048,-0.19804980187852284,0.5613429152901119,0.12769342109227177
5039040100,4.707155336202986,0.689273744701495,0.11459331846064648,-0.16436093424399845,0.5615833967222983,0.12769034797919676
5040040100,4.70814877757051,0.6894650267351906,0.11441776824928909,-0.17555021135737148,0.5618239373943368,0.12764108934085383
5041040100,4.709142238995608,0.6894725215944045,0.11416443481113836,-0.25333343815074216,0.5620645363695758,0.12740798522482877
5042040100,4.710135729311471,0.6896461863898457,0.11393429230117884,-0.23014250995951957,0.5623051939560639,0.12734099243378172
5043040100,4.711129245818076,0.6895772749616256,0.11379653900953927,-0.1377532916395563,0.5625459122995338,0.1270313626620918
5044040100,4.712122777976144,0.6896832030558192,0.113575865235373,-0.2206737741662652,0.5627866907522581,0.12689651230356114
5045040100,4.713116335167769,0.6897798873367657,0.11347712900742644,-0.09873622794654757,0.5630275267654312,0.12675236057133443
5046040100,4.714109903544511,0.6897596478740977,0.11329127161433541,-0.18585739309101545,0.5632684226186129,0.12649122525548484
5047040100,4.71510349294942,0.6897890601695886,0.11311035447101671,-0.18091714331870112,0.5635093749590787,0.12627968521050992
5048040100,4.716097102790585,0.6898643134910866,0.11298844982675356,-0.12190464426315017,0.5637503861785049,0.12611392731258164
5049040100,4.717090726383662,0.6900157302811172,0.11284217194073905,-0.14627788601451908,0.5639914561386803,0.1260242741424369
5050040100,4.718084366458676,0.6901271702265592,0.11267333454537296,-0.16883739536609776,0.5642325832226192,0.12589458700394007
5051040100,4.719078025531099,0.6902910083916713,0.1124666233982101,-0.2067111471628702,0.5644737680972938,0.12581724029437757
5052040100,4.720071707823877,0.690432739070911,0.11228018905856786,-0.18643433964224743,0.5647150113781585,0.12571772769275247
5053040100,4.721065411022852,0.6904983174148573,0.11206773962241712,-0.21244943615072343,0.5649563140959053,0.12554200331895204
5054040100,4.722059138003176,0.6906188079163391,0.1118665727917207,-0.2011668306964165,0.5651976756941615,0.12542113222217766
5055040100,4.723052887460544,0.6907946405298632,0.11170386313543418,-0.16270965628650158,0.5654390968769079,0.12535554365295531
5056040100,4.72404665506859,0.6908869295848717,0.11151396905398762,-0.18989408144655284,0.5656805773330298,0.12520635225184196
5057040100,4.725040443826535,0.6910645593950041,0.1112965648488929,-0.21740420509472558,0.5659221160165337,0.12514244337847036
5058040100,4.726034256754386,0.6912158731179578,0.11112126003600392,-0.17530481288898359,0.566163713661588,0.12505215945636983
5059040100,4.7270280891375345,0.691296265204615,0.11090344226199804,-0.21781777400587843,0.5664053710080701,0.12489089419654487
5060040100,4.728021945651511,0.6914891424109725,0.11069899306954244,-0.2044491924556091,0.5666470869151148,0.1248420554958577
5061040100,4.729015824772383,0.6915273579153774,0.11053035662315723,-0.16863644638520925,0.5668888625254418,0.12463849538993566
5062040100,4.730009722508905,0.6916549619367516,0.1103056052653709,-0.22475135778631716,0.567130697474127,0.12452426446262455
5063040100,4.73100364501162,0.6917978732939276,0.11015862166662853,-0.1469835987423671,0.5673725907953653,0.12442528249856233
5064040100,4.731997583683856,0.6919777525687482,0.10996720157427782,-0.191420092350711,0.5676145439916027,0.12436320857714545
5065040100,4.732991543381833,0.6921696274651543,0.10976835583520386,-0.19884573907395087,0.5678565549754602,0.12431307248969414
5066040100,4.733985524882625,0.6922827532421112,0.10955117929453574,-0.2171765406681232,0.5680986249344073,0.12418412830770387
5067040100,4.734979530151243,0.692338303422445,0.10932813482074474,-0.22304447379099246,0.5683407540631826,0.12399754935926233
5068040100,4.735973559781074,0.6925325678101395,0.1091447524982961,-0.18338232244864505,0.5685829428461737,0.12394962496396578
5069040100,4.7369676094031234,0.6926441223779065,0.10899056107847221,-0.15419141982387763,0.5688251914338807,0.12381893094402585
5070040100,4.737961675809147,0.692782074228557,0.10876713842572588,-0.22342265274631945,0.5690674987671862,0.12371457546137077
5071040100,4.738955766493137,0.6929784374459643,0.10858536156127373,-0.181776864452174,0.5693098640690621,0.12366857337690218
5072040100,4.7399498768930926,0.693063371735903,0.10839062386656748,-0.19473769470625402,0.5695522891719911,0.12351108256391197
5073040100,4.740944008378332,0.6931207199332973,0.10816680251278032,-0.22382135378715318,0.5697947729690434,0.12332594696425392
5074040100,4.74193816405133,0.6932754207125356,0.10799904006880337,-0.16776244397694318,0.57003731579956,0.1232381049129756
5075040100,4.742932337821301,0.6933399013750678,0.10784547057709709,-0.15356949170628087,0.5702799184261664,0.12305998294890141
5076040100,4.743926528132684,0.6934640132800847,0.10764343049620846,-0.20204008088864978,0.5705225793679922,0.12294143391209245
5077040100,4.744920740170671,0.693601490036055,0.10748688599184106,-0.15654450436739875,0.5707652982501905,0.12283619178586447
5078040100,4.745914969014939,0.6937238573556904,0.107300792050372,-0.18609394146905434,0.5710080763437908,0.12271578101189962
5079040100,4.746909217806156,0.6938913046922598,0.10710825589180246,-0.19253615856953754,0.5712509124524452,0.1226403922398146
5080040100,4.747903487198606,0.6939393601379475,0.10692354439650545,-0.18471149529701747,0.5714938073482614,0.12244555278968616
5081040100,4.7488977763204145,0.694051587122817,0.10671647318144087,-0.20707121506458592,0.5717367611964015,0.12231482592641552
5082040100,4.74989208751953,0.6941166761092338,0.10656951718478395,-0.14695599665691805,0.5719797737891206,0.1221369023201132
5083040100,4.750886414360785,0.6942094249446625,0.10639076636204138,-0.1787508227425798,0.5722228457057028,0.12198657923895972
5084040100,4.751880760199507,0.6942930370117429,0.10623597016631706,-0.15479619572432912,0.572465975378087,0.12182706163365598
5085040100,4.75287512246415,0.6944551502007723,0.1060676736856616,-0.16829648065545144,0.5727091636315436,0.12174598656922875
5086040100,4.7538695025602395,0.6945955834499978,0.10590429403208931,-0.16337965357230533,0.5729524098420598,0.12164317360793808
5087040100,4.754863899939882,0.6946828543624189,0.1057018550621153,-0.20243896997401345,0.5731957143582775,0.1214871400041414
5088040100,4.755858318698251,0.6948274134104998,0.10551049095742798,-0.19136410468730758,0.5734390770510167,0.1213883363594831
5089040100,4.756852757628307,0.6950484859799291,0.10534604929296419,-0.16444166446377584,0.5736824989276812,0.12136598705224788
5090040100,4.757847213863064,0.695171765430322,0.10515319087829036,-0.19285841467382547,0.5739259796982132,0.12124578573210876
5091040100,4.758841690358642,0.6952365603208451,0.10492214996627831,-0.23104091201204424,0.5741695186657338,0.12106704165511128
5092040100,4.759836191077619,0.6951984493578179,0.10474027523131298,-0.18187473496533357,0.5744131165592705,0.12078533279854742
5093040100,4.760830710827841,0.6953534109762146,0.1045880298452966,-0.1522453860163797,0.5746567743551125,0.12069663662110208
5094040100,4.761825246483622,0.6954508588950772,0.10448783087472578,-0.10019897057080818,0.5749004907867103,0.12055036810836683
5095040100,4.762819792594928,0.6956180343628825,0.10429130244094735,-0.19652843377843765,0.5751442650929519,0.12047376926993059
5096040100,4.7638143591845115,0.6957131634708569,0.1041238524470326,-0.16744999391475446,0.5753880959421487,0.1203250675287082
5097040100,4.764808943192089,0.6958707147996666,0.10392172026088685,-0.20213218614574013,0.5756319857961039,0.1202387290035627
5098040100,4.765803548188121,0.6960475954567715,0.10375593827852776,-0.16578198235910468,0.5758759339094865,0.12017166154728498
5099040100,4.7667981703678395,0.696113108500661,0.10355914710903391,-0.1967911694938569,0.5761199411632099,0.11999316733745113
5100040100,4.767792812909937,0.6962120007628896,0.10335285509875596,-0.20629201027795396,0.5763640066289888,0.11984799413390079
5101040100,4.768787476756129,0.696276671928671,0.10320263310595734,-0.15022199279861126,0.5766081310919233,0.11966854083674772
5102040100,4.769782156089344,0.6963699104594282,0.10303604146696839,-0.166591638988959,0.5768523147885745,0.11951759567085374
5103040100,4.7707768525709495,0.6964783255344809,0.10288694901812305,-0.149092448845356,0.577096556295924,0.11938176923855681
5104040100,4.771771564376228,0.6965334989471438,0.10272390379809225,-0.1630452200307937,0.5773408560266091,0.11919264292053466
5105040100,4.772766292913929,0.696557655775576,0.10255357118689272,-0.17033261119953735,0.5775852135371586,0.11897244223841741
5106040100,4.773761038903675,0.6966561121690035,0.10241026666501604,-0.14330452187667198,0.577829629178293,0.11882648299071052
5107040100,4.7747557995538505,0.6966665365922506,0.1022829400181725,-0.12732664684354345,0.5780741031316552,0.11859243346059545
5108040100,4.775750573212737,0.6966777472201425,0.10211878478006521,-0.16415523810728705,0.5783186347158171,0.1183591125043254
5109040100,4.77674536361924,0.6966879983303312,0.10199914255676973,-0.11964222329548457,0.5785632235290521,0.11812477480127914
5110040100,4.777740166215117,0.6968045526366394,0.10187960260205908,-0.1195399547106406,0.578807870495126,0.11799668214151338
5111040100,4.778734980975728,0.6969245168115171,0.10176104027433129,-0.11856232772778541,0.5790525744974353,0.11787194231408182
5112040100,4.779729807787545,0.6970408143561454,0.1015896111660534,-0.17142910827788005,0.5792973355339441,0.11774347882220126
5113040100,4.780724651999456,0.6971500443615148,0.10141675523431384,-0.17285593173957703,0.5795421535807428,0.11760789078077205
5114040100,4.781719513726682,0.6972080011582263,0.10124601816384823,-0.17073707046561437,0.5797870299585881,0.11742097119963824
5115040100,4.78271439272534,0.6973445285098006,0.10107911532128032,-0.1669028425679171,0.5800319647007299,0.11731256380907062
5116040100,4.783709288579533,0.697440397795626,0.1009382522210805,-0.14086310019983173,0.5802769577520017,0.11716344004362433
5117040100,4.7847041986379395,0.6974659178104825,0.10075834992941368,-0.17990229166680782,0.5805220090148175,0.11694390879566496
5118040100,4.785699126808449,0.6975104278211202,0.10059910414034723,-0.15924578906645692,0.5807671178407112,0.11674330998040894
5119040100,4.786694070984551,0.697567172952459,0.1004755009459263,-0.12360319442092749,0.5810122851971293,0.11655488775532963
5120040100,4.787689027566461,0.6977463858870807,0.10034283333356857,-0.13266761235775526,0.581257510569813,0.1164888753172677
5121040100,4.788683997447043,0.697835980788115,0.10020445412947572,-0.1383792040928522,0.5815027930758845,0.11633318771223056
5122040100,4.78967898118017,0.6979911623406078,0.10000500172957819,-0.19945239989753105,0.5817481329396017,0.11624302940100606
5123040100,4.790673984846096,0.6980784020979381,0.0998506985152226,-0.15430321435558114,0.5819935303018084,0.1160848717961297
5124040100,4.791669003905562,0.6981026486382549,0.09966381115600202,-0.1868873592205873,0.5822389866669013,0.11586366197135356
5125040100,4.792664041577491,0.6981539601169466,0.0995112406290212,-0.15257052698082574,0.5824845009200352,0.1156694591969114
5126040100,4.793659094418439,0.698367198294774,0.09939063818999334,-0.1206024390278575,0.5827300738602759,0.11563712443449814
5127040100,4.794654159233652,0.6985109984161834,0.09925692114825445,-0.13371704173889976,0.5829757046426032,0.11553529377358018
5128040100,4.79564923730832,0.6985970357811678,0.09904233446320007,-0.2145866850543705,0.583221392482649,0.11537564329851879
5129040100,4.796644336624335,0.6986091497571362,0.09886269911065125,-0.17963535254881546,0.5834671377018452,0.11514201205529095
5130040100,4.797639453686727,0.6987408190593088,0.09871229324159846,-0.15040586905279008,0.5837129422762786,0.11502787678303028
5131040100,4.798634585583182,0.698779743432956,0.09859934612586925,-0.11294711572921101,0.5839588053478693,0.11482093808508675
5132040100,4.799629728604461,0.6988382865050127,0.09842687898315537,-0.1724671427138722,0.58420472620179,0.11463356030322269
5133040100,4.800624888588547,0.699016689656066,0.09830122718882982,-0.12565179432555307,0.5844507039255724,0.11456598573049359
5134040100,4.801620060912332,0.699117585181086,0.09816616934953382,-0.13505783929599513,0.5846967399665814,0.11442084521450457
5135040100,4.80261524648202,0.6992605533546227,0.0979713458951327,-0.19482345440111692,0.5849428331862931,0.11431772016832953
5136040100,4.8036104511271915,0.6992821880474281,0.09781559523848896,-0.15575065664374632,0.5851889838129409,0.11409320423448721
5137040100,4.804605670994995,0.6994176045873275,0.09763904332596116,-0.1765519125277939,0.5854351932931117,0.11398241129421582
5138040100,4.805600908089292,0.6995530946826578,0.09752363673013516,-0.11540659582600221,0.5856814606784937,0.11387163400416411
5139040100,4.806596156427256,0.6996645544261125,0.09735158986505883,-0.17204686507632783,0.5859277864696466,0.11373676795646592
5140040100,4.807591421502542,0.6997989790818427,0.09717975709654411,-0.17183276851472362,0.5861741691901763,0.11362480989166646
5141040100,4.8085867032649166,0.6997609593932647,0.09702023781460972,-0.15951928193439335,0.5864206102044349,0.11334034918882974
5142040100,4.809582000492285,0.6997768320612133,0.09684948925611912,-0.17074855849060477,0.58666710950477,0.11310972255644336
5143040100,4.810577314245234,0.6998328618352326,0.0967655610507987,-0.08392820532042466,0.5869136667932011,0.11291919504203152
5144040100,4.811572636110379,0.6999286423456333,0.09665517703050391,-0.11038402029478456,0.5871602823371269,0.11276836000850643
5145040100,4.812567968634171,0.7000705972157617,0.09652512475646094,-0.13005227404296504,0.5874069540559894,0.11266364315977229
5146040100,4.813563313700207,0.7002405333925934,0.09637552698411256,-0.149597772348393,0.5876536825844667,0.11258685080812669
5147040100,4.8145586731726375,0.7003566312124285,0.09620307998402443,-0.1724470000881233,0.5879004683934426,0.11245616281898596
5148040100,4.815554049224222,0.7004678206241886,0.09601682467009821,-0.18625531392622152,0.5881473119493776,0.11232050867481091
5149040100,4.816549443149249,0.7005284043121234,0.0958577788996221,-0.15904577047612856,0.5883942137957021,0.11213419051642126
5150040100,4.817544852309303,0.7006681877063079,0.09570148790324735,-0.15629099637474786,0.5886411742583384,0.1120270134479695
5151040100,4.818540276415974,0.7008131068559699,0.09557090183049051,-0.1305860727568411,0.5888881926874632,0.1119249141685067
5152040100,4.819535712992372,0.7009099778711358,0.09540095935792295,-0.16994247256756134,0.5891352690160367,0.1117747088550991
5153040100,4.820531165771237,0.7010342475955499,0.09522868227169888,-0.17227708622406657,0.589382402633575,0.11165184496197489
5154040100,4.821526634945809,0.7011337673557274,0.0950807584224099,-0.14792384928898406,0.5896295944712016,0.11150417288452585
5155040100,4.822522118174803,0.7012893156624772,0.09491941017276745,-0.16134824964243655,0.5898768445816351,0.11141247108084207
5156040100,4.823517616708848,0.7013694919983986,0.0947707615023473,-0.14864867042015506,0.5901241523879186,0.11124533961048
5157040100,4.824513129320361,0.701551023633179,0.09459431092556501,-0.1764505767822866,0.5903715182052132,0.11117950542796584
5158040100,4.825508658613711,0.7016520525584655,0.09445590971866523,-0.13840120689978308,0.5906189417329593,0.11103311082550626
5159040100,4.8265042009699775,0.7016503532822149,0.09426699150134764,-0.1889182173175965,0.590866423623023,0.11078392965919193
5160040100,4.827499761126398,0.7018118551875749,0.09411864672586537,-0.1483447754822742,0.5911139629802769,0.11069789220729809
5161040100,4.828495335235178,0.7019706799687304,0.09402219326201372,-0.0964534638516481,0.5913615609872167,0.11060911898151371
5162040100,4.829490918403999,0.7020286273736708,0.09384434072440292,-0.17785253761079867,0.5916092166915554,0.11041941068211536
5163040100,4.830486518254533,0.7021549785881847,0.09366803325944019,-0.17630746496273186,0.591856928880258,0.11029804970792667
5164040100,4.831482134610777,0.7022464113775435,0.09354257225433446,-0.1254610051057241,0.5921046994538521,0.11014171192369138
5165040100,4.832477762693694,0.7023978291427901,0.09338318137560593,-0.15939087872852653,0.5923525283733326,0.11004530076945751
5166040100,4.833473405652062,0.702466420803212,0.09324159167465833,-0.14158970094760237,0.5926004144534858,0.10986600634972621
5167040100,4.834469061803338,0.7025411055235742,0.09307023100273297,-0.17136067192535576,0.5928483584825308,0.10969274704104337
5168040100,4.835464733894795,0.7026655106739254,0.09294067106240321,-0.12955994032975782,0.5930963600458306,0.1095691506280948
5169040100,4.836460418018668,0.7027968100738387,0.09280843999291649,-0.13223106948672125,0.5933444198321567,0.10945239024168196
5170040100,4.837456114405796,0.7028998800095804,0.09265162512922044,-0.15681486369605335,0.593592536872297,0.10930734313728341
5171040100,4.83845182531354,0.7028739243802481,0.09249162540293085,-0.15999972628959647,0.5938407112278412,0.10903321315240688
5172040100,4.839447551011574,0.702999187025474,0.09234605927526864,-0.14556612766221178,0.5940889434657031,0.10891024355977097
5173040100,4.840443290143518,0.7030186483265218,0.09226558324703661,-0.08047602823202449,0.5943372336575905,0.10868141466893133
5174040100,4.841439036693323,0.7031506908771457,0.0921097731136316,-0.15581013340502126,0.5945855814696763,0.10856510940746933
5175040100,4.8424347975865665,0.7033250599540046,0.09200735023543692,-0.10242287819467655,0.5948339854052769,0.10849107454872775
5176040100,4.8434305678954,0.7033960988291489,0.09184889751698154,-0.15845271845537434,0.5950824471959493,0.10831365163319961
5177040100,4.844426352749987,0.7034290606993125,0.09166945864837213,-0.17943886860939928,0.5953309656161245,0.10809809508318802
5178040100,4.845422154046641,0.7035843222583089,0.09154206815446159,-0.12739049391054835,0.5955795419502046,0.10800478030810434
5179040100,4.846417966996685,0.7036579163271687,0.09143417634892156,-0.10789180554002575,0.5958281766761822,0.10782973965098652
5180040100,4.847413789803784,0.7038254910158752,0.09126535064124791,-0.16882570767364635,0.5960768686027897,0.10774862241308547
5181040100,4.8484096280116304,0.7038007999498987,0.09113773747467308,-0.12761316657484278,0.5963256172852631,0.10747518266463563
5182040100,4.849405477841867,0.7038251296798758,0.09096332472409527,-0.17441275057780592,0.596574424112525,0.10725070556735072
5183040100,4.850401343530545,0.7038906203786804,0.0908856209190397,-0.07770380505555563,0.5968232881448685,0.10706733223381193
5184040100,4.851397216274669,0.7039539487109948,0.09078388438715293,-0.10173653188678267,0.5970722104452229,0.10688173826577196
5185040100,4.852393098247303,0.7040644861227322,0.09066196336806084,-0.12192101909208763,0.5973211888171903,0.10674329730554188
5186040100,4.853388991265801,0.7041933324036145,0.09054152286809979,-0.1204404999610611,0.5975702238074838,0.10662310859613067
5187040100,4.854384895181496,0.7042387087925874,0.09039778313274734,-0.14373973535244322,0.597819315874311,0.1064193929182764
5188040100,4.855380812083542,0.7043216666305171,0.09024515799266121,-0.15262514008613737,0.5980684649843759,0.10625320164614116
5189040100,4.85637674275218,0.7043338086266493,0.09013470386559076,-0.11045412707044555,0.5983176716643719,0.10601613696227741
5190040100,4.857372683369168,0.7044439201750448,0.09000582029669162,-0.12888356889914765,0.5985669361138228,0.10587698406122192
5191040100,4.858368635579043,0.704409133215997,0.08991284777832534,-0.09297251836627796,0.5988162573811238,0.1055928758348732
5192040100,4.859364596141388,0.7044066623371228,0.08977119731219023,-0.1416504661351099,0.5990656358818178,0.10534102645530496
5193040100,4.8603605694127845,0.7044138990443191,0.0897025930473928,-0.06860426479742898,0.599315070808256,0.10509882823606309
5194040100,4.861356548832255,0.7045440498287793,0.08961836276699121,-0.08423028040157687,0.5995645632553526,0.1049794865734267
5195040100,4.862352535793738,0.7046357225871236,0.08952979196536344,-0.08857080162776687,0.5998141115832141,0.10482161100390952
5196040100,4.863348530678264,0.7047728029048982,0.08938003086057296,-0.14976110479048566,0.6000637161443194,0.10470908676057877
5197040100,4.864344538941796,0.7048152119981491,0.08924985274906787,-0.13017811150509617,0.6003133770375157,0.10450183496063337
5198040100,4.865340558816727,0.7049828328181782,0.08909722418504397,-0.15262856402389535,0.6005630956342678,0.1044197371839104
5199040100,4.866336592284056,0.705105113231551,0.08899237470406676,-0.10484948097720337,0.6008128714955454,0.1042922417360056
5200040100,4.8673326350753525,0.7052846760810274,0.08882511230204576,-0.16726240202099918,0.6010627051222919,0.10422197095873553
5201040100,4.868328692718155,0.705393730507575,0.08868080409251407,-0.144308209531691,0.601312595447844,0.10408113505973104
5202040100,4.86932476315193,0.7054874652170994,0.08850802366928558,-0.17278042322850906,0.6015625438630465,0.10392492135405285
5203040100,4.870320848873068,0.7056259406340307,0.08837080829032397,-0.13721537896160152,0.6018125498551967,0.103813390778834
5204040100,4.871316946713641,0.7057126675169325,0.08824159410091309,-0.12921418941087892,0.6020626140552672,0.10365005346166534
5205040100,4.872313055949805,0.705730339443291,0.08809026183932511,-0.15133226158797464,0.6023127356723137,0.1034176037709773
5206040100,4.873309178511039,0.7058569618435171,0.08796515934270824,-0.12510249661687345,0.6025629145286047,0.10329404731491243
5207040100,4.874305312070542,0.706017486787121,0.0878750779578451,-0.09008138486312989,0.6028131511128656,0.10320433567425535
5208040100,4.875301453539812,0.706080476111891,0.08773079742840122,-0.14428052944388448,0.6030634448446754,0.10301703126721551
5209040100,4.876297607661066,0.706187863724524,0.08756977373861932,-0.16102368978189574,0.60331379495166,0.10287406877286398
5210040100,4.877293775878027,0.7062937038983838,0.08745792076740616,-0.11185297121316373,0.6035642026294177,0.10272950126896607
5211040100,4.878289953871182,0.7063306925819671,0.08732418347777823,-0.13373728962792963,0.6038146682451639,0.10251602433680318
5212040100,4.879286143536908,0.7064692012682124,0.08719153812741506,-0.13264535036317127,0.6040651907169092,0.10240401055130322
5213040100,4.880282344762302,0.7065241599563938,0.0870937740177659,-0.09776410964915949,0.6043157705254245,0.10220838943096933
5214040100,4.881278554496341,0.7066660013678809,0.0869455027174153,-0.14827130035059422,0.604566407646324,0.10209959372155697
5215040100,4.882274777116618,0.7067785781407183,0.0868394264291542,-0.10607628826110949,0.6048171013157457,0.10196147682497259
5216040100,4.88327100894253,0.7069103336516521,0.08669015475801725,-0.1492716711369373,0.6050678526391629,0.10184248101248927
5217040100,4.884267253703723,0.7070043455164762,0.08655582058230402,-0.13433417571324124,0.6053186606940777,0.10168568482239848
5218040100,4.885263510086798,0.7070804807378392,0.08641216350837938,-0.14365707392463123,0.6055695264233769,0.10151095431446233
5219040100,4.886259778878427,0.7071594307110983,0.08628772080243077,-0.12444270594861329,0.6058204495004631,0.10133898121063523
5220040100,4.887256058402329,0.7072523876065067,0.08617259466781757,-0.11512613461319576,0.6060714301275496,0.10118095747895706
5221040100,4.888252347841277,0.7074332235469855,0.08605643399356419,-0.11616067425338428,0.6063224678863506,0.10111075566063488
5222040100,4.889248647270986,0.7074427777754355,0.0859336145858202,-0.12281940774399214,0.6065735625747593,0.10086921520067627
5223040100,4.890244957249541,0.7075236362655185,0.0857670246378407,-0.1665899479795152,0.6068247142156018,0.1006989220499167
5224040100,4.891241281512334,0.7075928931971531,0.08568658721691727,-0.08043742092342177,0.6070759229533564,0.10051697024379669
5225040100,4.892237612662328,0.7076898712029819,0.08557086691412877,-0.11572030278850076,0.6073271897340149,0.10036268146896699
5226040100,4.893233953709198,0.7077891061039845,0.0854613404317144,-0.10952648241435936,0.6075785126959445,0.10021059340803995
5227040100,4.894230304110935,0.7078236440542882,0.08533829019275077,-0.12305023896362788,0.6078298926018242,0.09999375145246403
5228040100,4.895226665008371,0.7080533991547443,0.08521444426818497,-0.12384592456580279,0.6080813293185905,0.09997206983615381
5229040100,4.896223036454142,0.7081247265084711,0.08512340902194487,-0.09103524624010495,0.6083328231378964,0.09979190337057475
5230040100,4.897219415643917,0.7082532015054914,0.08493483722933606,-0.18857179260879264,0.6085843740768695,0.09966882742862193
5231040100,4.898215810848472,0.70821532524789,0.084825868317096,-0.10896891224006566,0.6088359814311239,0.09937934381676605
5232040100,4.899212215291245,0.7082773120951725,0.08468860005556435,-0.1372682615316565,0.6090876472932827,0.09918966480188984
5233040100,4.9002086313545705,0.7083373040960382,0.08463511575953522,-0.053484296029125744,0.6093393699559293,0.09899793414010893
5234040100,4.901205051940568,0.7084684530738335,0.08453210778293878,-0.10300797659644734,0.6095911500247588,0.09887730304907472
5235040100,4.902201481228968,0.708537725221476,0.08443050950877813,-0.10159827416064515,0.6098429857096761,0.09869473951179986
5236040100,4.903197919090316,0.7086417098507958,0.08429360192761078,-0.13690758116733837,0.610094878070278,0.09854683178051782
5237040100,4.904194368487775,0.7087314991920208,0.0841880263397881,-0.10557558782267096,0.6103468270773753,0.09838467211464552
5238040100,4.905190826768491,0.7088250696295664,0.08406541876313002,-0.12260757665807498,0.61059883348398,0.09822623614558634
5239040100,4.906187295351619,0.7089292737182334,0.08395026196440376,-0.11515679872624851,0.6108508966229707,0.09807837709526279
5240040100,4.9071837735974455,0.7090319517394664,0.0838335599691131,-0.11670199529065206,0.6111030168570366,0.09792893488242982
5241040100,4.908180261622146,0.7090733935297266,0.08371186552809014,-0.12169444102295102,0.6113551940280786,0.09771819950164806
5242040100,4.9091767598296,0.7091310588150576,0.08359126158757187,-0.12060394051827772,0.6116074281692256,0.09752363064583192
5243040100,4.910173268114,0.7092469415338878,0.08350172583229429,-0.08953575527758462,0.6118597193864694,0.09738722214741835
5244040100,4.9111697838701,0.7093555173827457,0.08340449611939356,-0.09722971290073423,0.6121120676568097,0.09724344972593602
5245040100,4.912166307730906,0.7094012435234143,0.0832784591473944,-0.126036971999139,0.6123644723240851,0.09703677119932919
5246040100,4.913162842083664,0.709493666210406,0.0831563914664858,-0.12206768090859255,0.6126169335520331,0.09687673265837293
5247040100,4.91415938658286,0.709638249473465,0.08306619039018273,-0.09020107630305274,0.6128694519490985,0.09676879752436651
5248040100,4.915155938570156,0.7096753230080536,0.08295298981669696,-0.1132005734857684,0.6131220274315545,0.09655329557649905
5249040100,4.916152499943398,0.7097334143194096,0.08281395348231167,-0.13903633438529228,0.6133746593292173,0.09635875499019231
5250040100,4.917149072827264,0.7097551462829902,0.0827291313364911,-0.08482214582057934,0.6136273481267196,0.0961277981562706
5251040100,4.918145652723976,0.7097777640718784,0.08263421794717885,-0.09491338931225357,0.6138800943666389,0.0958976697052395
5252040100,4.9191422404593474,0.7096935810481836,0.08255797498151553,-0.076242965663323,0.6141328969119293,0.09556068413625429
5253040100,4.920138834484932,0.7097490264243579,0.08248177762539669,-0.07619735611883338,0.6143857559754231,0.09536327044893478
5254040100,4.92113543479118,0.7097760909249847,0.08245968301884549,-0.022094606551193552,0.6146386711675333,0.09513741975745138
5255040100,4.922132036917522,0.7099053922857721,0.0823681972162998,-0.09148580254568128,0.6148916424890061,0.09501374979676602
5256040100,4.923128646575036,0.7099743674979949,0.08229138172985079,-0.0768154864490127,0.615144668810391,0.09482969868760394
5257040100,4.9241252625496115,0.7100181564644873,0.08216372276319879,-0.1276589666519934,0.6153977515845774,0.09462040487990986
5258040100,4.925121889009446,0.7100673884874987,0.08206662331235377,-0.09709945084501936,0.6156508905065188,0.09441649798097995
5259040100,4.9261185234336615,0.7101167816436957,0.08198256375816233,-0.08405955419145328,0.615904086638448,0.09421269500524776
5260040100,4.927115164745098,0.7101000785140528,0.08189621920892311,-0.08634454923921919,0.6161573393435802,0.09394273917047258
5261040100,4.928111813123641,0.710206659607185,0.08181023009879046,-0.08598911013262933,0.6164106483515575,0.09379601125562753
5262040100,4.929108468532812,0.710346082591674,0.08175785730727557,-0.052372791514873285,0.6166640137113859,0.09368206888028807
5263040100,4.930105128220469,0.7104863074170997,0.08164416414883209,-0.11369315844348238,0.6169174354170863,0.0935688720000134
5264040100,4.931101797186641,0.7104738432550695,0.08151430621508864,-0.12985793374346133,0.6171709127719396,0.09330293048312988
5265040100,4.932098476734778,0.7105416098454155,0.08138430169051207,-0.1300045245765653,0.6174244470508334,0.09311716279458204
5266040100,4.933095166859989,0.710623898931422,0.08133120211856566,-0.053099571946412016,0.6176780385891192,0.09294586034230279
5267040100,4.934091861300497,0.7107422662955124,0.08123838745002293,-0.09281466854272868,0.6179316873894329,0.09281057890607947
5268040100,4.935088563277122,0.7108260284396494,0.08113868288409258,-0.09970456593034704,0.6181853918615694,0.09264063657807997
5269040100,4.9360852733397245,0.710955149079104,0.08102123768924771,-0.11744519484487115,0.6184391528284969,0.09251599625060702
5270040100,4.937081992914348,0.7110816101582752,0.08092146334942069,-0.09977433982702366,0.6186929704336315,0.09238863972464373
5271040100,4.93807872055901,0.7110350556972796,0.08079928747496973,-0.1221758744509649,0.6189468450437161,0.09208821065356354
5272040100,4.939075458072097,0.711098490119556,0.08067872471019731,-0.12056276477242345,0.6192007762950524,0.09189771382450351
5273040100,4.940072205308729,0.7111911531360622,0.08064529900755879,-0.03342570263851585,0.6194547646494257,0.09173638848663646
5274040100,4.941068955238623,0.7112874793409768,0.08055728852266703,-0.088010484891764,0.6197088100736714,0.0915786692673054
5275040100,4.942065712254598,0.7114666674580747,0.08045501504041197,-0.10227348225506105,0.6199629107791154,0.09150375667895938
5276040100,4.943062477495326,0.711620624821137,0.08035125315355292,-0.10376188685905308,0.6202170678885714,0.09140355693256552
5277040100,4.944059251069849,0.7116450426015601,0.08020623845059298,-0.14501470295993224,0.6204712816957851,0.091173760905775
5278040100,4.94505603627347,0.7116423970489116,0.08007406798641802,-0.13217046417497436,0.6207255522320807,0.09091684481683093
5279040100,4.946052832057918,0.7117672139171369,0.08000715538361526,-0.06691260280276135,0.6209798803418529,0.09078733357528401
5280040100,4.947049633192375,0.7118233172669166,0.0799543171814115,-0.0528382022037559,0.6212342657616112,0.09058905150530538
5281040100,4.948046438548365,0.7118987700022539,0.07983803556086695,-0.11628162054454627,0.6214887071599016,0.09041006284235231
5282040100,4.949043253184932,0.7119568870335115,0.07975653536490825,-0.08150019595870006,0.6217432042516045,0.090213682781907
5283040100,4.9500400743180935,0.7120475036932724,0.07966574641158976,-0.09078895331848846,0.6219977583316201,0.09004974536165233
5284040100,4.951036902680484,0.7121450031260308,0.079584046678565,-0.0816997330247593,0.622252368692461,0.08989263443356976
5285040100,4.952033737541337,0.7121009950786369,0.07948645325910338,-0.09759341946162237,0.6225070355245386,0.08959395955409832
5286040100,4.953030580156125,0.7122629506987953,0.07938576102355996,-0.100692235543411,0.6227617586444367,0.08950119205435858
5287040100,4.954027430761103,0.7123572076302387,0.07935644813433759,-0.029312889222367522,0.6230165383763016,0.08934066925393713
5288040100,4.955024283690236,0.7123344141869347,0.0792243673655458,-0.13208076879178088,0.6232713747839647,0.08906303940297
5289040100,4.9560211470811355,0.7124038995406193,0.0791264854379631,-0.09788192758268588,0.6235262664219512,0.08887763311866814
5290040100,4.957018018213785,0.7125349146076423,0.07908771168307842,-0.03877375488468826,0.6237812153742297,0.08875369923341259
5291040100,4.958014892410515,0.7126824536585359,0.07900319811404256,-0.08451356903586027,0.6240362209488026,0.08864623270973326
5292040100,4.959011773280704,0.7126914317713859,0.07888819598049986,-0.11500213354269695,0.6242912819521464,0.08840014981923949
5293040100,4.960008663220389,0.7126889940065272,0.07876517461331219,-0.12302136718766432,0.624546399310713,0.0881425946958142
5294040100,4.961005562847401,0.7128404057131402,0.07871195417124908,-0.05322044206310528,0.6248015736411432,0.08803883207199703
5295040100,4.962002466660586,0.7129724135194312,0.0786649853781628,-0.04696879308628721,0.6250568051052809,0.08791560841415025
5296040100,4.96299937416586,0.7129535976666074,0.07854132805570946,-0.12365732245336125,0.625312092297996,0.08764150536861137
5297040100,4.963996291380984,0.7129646737856131,0.07842764710647863,-0.11368094923082483,0.6255674350955687,0.08739723869004445
5298040100,4.964993217509142,0.7130387363685495,0.07838995410653479,-0.03769299994383579,0.6258228350426229,0.0872159013259266
5299040100,4.965990146589736,0.7131517182104021,0.07833783234307307,-0.0521217634617257,0.6260782919387182,0.0870734262716839
5300040100,4.966987079750615,0.7132418344382406,0.07825460861079285,-0.08322373228021807,0.626333804259616,0.08690803017862458
5301040100,4.967984019420942,0.7132836989806983,0.07815223802241389,-0.10237058837896118,0.6265893722971327,0.08669432668356558
5302040100,4.968980967088841,0.7133826710385027,0.07806165900297077,-0.09057901944311753,0.626844996677022,0.08653767436148074
5303040100,4.9699779218244,0.7134153085850091,0.07799566151707919,-0.06599748589157839,0.6271006777842132,0.08631463080079593
5304040100,4.97097488170443,0.7134708087929507,0.07790145205526401,-0.09420946181517653,0.6273564153836233,0.08611439340932736
5305040100,4.971971848920518,0.7135573145478422,0.07784088429531309,-0.06056775995091512,0.627612208985088,0.08594510556275425
5306040100,4.9729688208483225,0.7136370368580691,0.07776931379245892,-0.07157050285416489,0.6278680591540997,0.0857689777039694
5307040100,4.97396579833906,0.7136956947393309,0.07768260748873154,-0.08670630372738586,0.6281239652203432,0.08557172951898773
5308040100,4.974962782562345,0.7137377587812742,0.07759967322346438,-0.0829342652671623,0.6283799274053159,0.08535783137595832
5309040100,4.975959773218274,0.7137923650563445,0.07752769384065179,-0.07197938281258054,0.6286359460124871,0.0851564190438574
5310040100,4.976956769451593,0.7138242111636122,0.07746446749772815,-0.06322634292363394,0.6288920209680953,0.0849321901955169
5311040100,4.977953770579802,0.7139473894214955,0.07739540114982062,-0.06906634790752753,0.6291481520556275,0.08479923736586803
5312040100,4.978950777050472,0.7140594221832577,0.07733819152173689,-0.057209628083719544,0.629404339102777,0.08465508308048064
5313040100,4.979947787942854,0.7140319294614785,0.07723560981573258,-0.10258170600431016,0.6296605822275652,0.08437134723391337
5314040100,4.980944806755567,0.7140872096119388,0.07713891731733415,-0.09669249839842475,0.6299168811963263,0.08417032841561256
5315040100,4.981941833024301,0.7142051378313602,0.07711258306607398,-0.02633425126016986,0.6301732369116237,0.08403190091973645
5316040100,4.98293886132207,0.7142974578878514,0.07704529290309194,-0.06729016298204415,0.6304296492575112,0.08386780863034016
5317040100,4.98393589480136,0.714391674732427,0.07694698398917729,-0.09830891391464314,0.6306861168412503,0.08370555789117673
5318040100,4.984932935842579,0.7144775868135396,0.07686183507070805,-0.08514891846924444,0.6309426404765226,0.08353494633701697
5319040100,4.985929983425673,0.7145800963962492,0.07677609039754456,-0.08574467316349876,0.6311992207790027,0.0833808756172465
5320040100,4.9869270375891075,0.7146889453952163,0.07669486777615928,-0.0812226213852858,0.6314558574895237,0.08323308790569262
5321040100,4.987924097979084,0.7148224986975861,0.07660568286225153,-0.08918491390776273,0.6317125506212413,0.08310994807634475
5322040100,4.988921165198416,0.7149234884074721,0.07651365213907882,-0.09203072317270733,0.6319693000863005,0.08295418832117163
5323040100,4.989918239456709,0.7149858632513816,0.07640954382320095,-0.1041083158778664,0.6322261060431806,0.08275975720820095
5324040100,4.990915321667536,0.7150784393149685,0.07632205718196942,-0.08748664123152161,0.6324829685491871,0.08259547076578144
5325040100,4.991912410552859,0.7151003413772992,0.07625429522361352,-0.06776195835591214,0.632739887843087,0.08236045353421217
5326040100,4.992909504602605,0.7151522392098185,0.07617178973582625,-0.08250548778726197,0.6329968635989438,0.08215537561087471
5327040100,4.99390660493426,0.715221967463428,0.07612511962703261,-0.04667010879363298,0.6332538954307303,0.08196807203269774
5328040100,4.994903708816338,0.7153117296904308,0.07606388993910801,-0.0612296879246077,0.633510983629634,0.08180074606079679
5329040100,4.995900817353164,0.7153467645084115,0.07599414794408751,-0.06974199502050094,0.6337681274943741,0.08157863701403745
5330040100,4.996897931187298,0.715391037779349,0.07591475155856407,-0.07939638552344874,0.634025327312596,0.081365710466753
5331040100,4.997895051046144,0.7154383336593647,0.07586319118429304,-0.05156037427103488,0.6342825832530501,0.08115575040631462
5332040100,4.998892174814099,0.715482904173622,0.07580746560999875,-0.05572557429427927,0.6345398955065242,0.0809430086670978
5333040100,4.999889302803972,0.7155216795502181,0.07575067692042227,-0.05678868957647576,0.6347972635300714,0.08072441602014668
5334040100,5.000886435093121,0.7155466829882071,0.07569570439378008,-0.054972526642191655,0.6350546874072904,0.08049199558091669
5335040100,5.001883571540989,0.7156821551325182,0.07564409465980575,-0.051609733974339767,0.6353121671610289,0.08036998797148931
5336040100,5.002880711890435,0.7158015421768458,0.0755998637860261,-0.0442308737796524,0.6355697027578842,0.08023183941896161
5337040100,5.0038778555815195,0.7158618410473152,0.07550067060754892,-0.0991931784771809,0.6358272941342875,0.0800345469130277
5338040100,5.004875006759548,0.7159573571661927,0.0754098242775017,-0.09084633004722331,0.636084941148372,0.07987241601782069
5339040100,5.005872164785906,0.71594604805658,0.07534894454951134,-0.06087972799036123,0.6363426448743006,0.07960340318227943
5340040100,5.006869327396996,0.7160433933219533,0.07527080892845311,-0.07813562105822824,0.6366004051504,0.07944298817155337
5341040100,5.007866495886909,0.7161626742093934,0.07524665233549677,-0.024156592956345868,0.6368582213946716,0.07930445281472176
5342040100,5.008863666193101,0.7162403628703686,0.07516851748109138,-0.07813485440537593,0.6371160939447513,0.0791242689256173
5343040100,5.009860842370089,0.7162912664495897,0.07507972015188191,-0.08879732920946859,0.6373740217528692,0.07891724469672057
5344040100,5.010858025211625,0.7163388763605086,0.07501210704321822,-0.06761310866369774,0.6376320058705929,0.07870687048991576
5345040100,5.0118552131224865,0.7164167989094335,0.07495832879131152,-0.05377825190669272,0.6378900465064952,0.07852675240293838
5346040100,5.012852405062144,0.7164620052253169,0.0749066464940952,-0.051682297216331774,0.638148143250941,0.07831386197437584
5347040100,5.013849600870862,0.7164908303784405,0.07484019628053871,-0.06645021355650216,0.6384062958375587,0.07808453454088182
5348040100,5.014846801650287,0.7166675738401945,0.07479055799713036,-0.04963828340835863,0.6386645042278367,0.07800306961235781
5349040100,5.015844006139956,0.7167878061722088,0.07474959696340634,-0.04096103372401805,0.6389227687099535,0.07786503746225537
5350040100,5.016841213689431,0.7168459002660005,0.07463486786332724,-0.11472910007911197,0.6391810889603668,0.07766481130563363
5351040100,5.017838429800313,0.716881285009738,0.0745486983881031,-0.08616947522413998,0.6394394648133392,0.07744182019639878
5352040100,5.018835652332771,0.7169466101491718,0.07449402639678813,-0.05467199131495115,0.6396978976974843,0.07724871245168752
5353040100,5.0198328789356905,0.7170391043711194,0.0744511836923674,-0.042842704420746225,0.6399563870616873,0.07708271730943206
5354040100,5.02083010872627,0.7171168646053916,0.07439378535857705,-0.05739833379035564,0.6402149322995783,0.07690193230581333
5355040100,5.021827342784634,0.7172332008688589,0.07432316252240564,-0.07062283617140319,0.6404735331850695,0.07675966768378939
5356040100,5.022824582089566,0.7173057796095369,0.07426029618517452,-0.06286633723112489,0.6407321900010743,0.07657358960846261
5357040100,5.023821826060652,0.7173187407767408,0.07417845443970769,-0.08184174546682454,0.6409909030044432,0.07632783777229768
5358040100,5.024819076100406,0.7174238724404204,0.07411889181784292,-0.0595626218647507,0.6412496720476142,0.0761742003928062
5359040100,5.025816330552603,0.7175189552762581,0.07408965761836821,-0.02923419947472161,0.641508497497604,0.07601045777865412
5360040100,5.0268135871691975,0.717628875207649,0.0740146737616377,-0.07498385673050811,0.6417673789276215,0.07586149628002747
5361040100,5.027810849333435,0.7176714421360494,0.07394506990603035,-0.06960385560736859,0.6420263157568264,0.07564512637922294
5362040100,5.028808116642262,0.7177536828435507,0.07386837323603576,-0.07669666999459368,0.6422853088665192,0.07546837397703143
5363040100,5.029805389614329,0.7178429809931338,0.07382581406014288,-0.042559175892879386,0.6425443581551029,0.0752986228380309
5364040100,5.030802665726411,0.7179351643092026,0.07376379970130717,-0.06201435883570694,0.6428034637603943,0.07513170054880824
5365040100,5.031799946410679,0.7179672865514998,0.07369862439469582,-0.06517530661134363,0.6430626250297529,0.07490466152174691
5366040100,5.0327972318960486,0.7180110508030325,0.07363236829278182,-0.06625610191400289,0.6433218423381994,0.07468920846483307
5367040100,5.033794522257793,0.7180875388399617,0.0735966249374299,-0.03574335535191353,0.643581115748205,0.0745064230917567
5368040100,5.034791815248391,0.7182093663053087,0.07355551964655664,-0.04110529087325854,0.643840445282347,0.07436892102296178
5369040100,5.035789111260627,0.718284686264688,0.07349844620804782,-0.05707343850882163,0.6440998303590177,0.07418485590567026
5370040100,5.0367864114655205,0.7184094940155633,0.0734190059418171,-0.07944026623071987,0.6443592710830437,0.07405022293251962
5371040100,5.037783717500748,0.7184353599794085,0.07336321549377717,-0.05579044803994404,0.6446187677618624,0.0738165922175461
5372040100,5.038781027626824,0.7185131739875354,0.07328297850524149,-0.08023698853568262,0.6448783208246311,0.0736348531629043
5373040100,5.039778343630854,0.7185348984086204,0.07325270797639366,-0.03027052884782333,0.6451379298216651,0.07339696858695532
5374040100,5.040775661850756,0.7186220197652076,0.07319685498251544,-0.055852993878228396,0.6453975952211941,0.07322442454401346
5375040100,5.041772984156828,0.7186879609906939,0.07316955086536263,-0.027304117152804785,0.6456573160726258,0.0730306449180681
5376040100,5.042770308459319,0.7188113789819247,0.0731099212053997,-0.05962965996291647,0.6459170928657443,0.07289428611618043
5377040100,5.043767637119221,0.7188729813844015,0.07306129725296591,-0.04862395243380191,0.6461769250589384,0.07269605632546305
5378040100,5.0447649693296714,0.7188864919895457,0.0729842354461016,-0.0770618068643183,0.64643681327005,0.0724496787194957
5379040100,5.045762307162388,0.7189706970950435,0.07293850601419029,-0.04572943191130774,0.6466967572916822,0.07227393980336128
5380040100,5.046759648328627,0.7190706454485296,0.07291734325303856,-0.02116276115172644,0.6469567576667856,0.07211388778174399
5381040100,5.047756991036855,0.7190986605965874,0.07286121300898486,-0.056130244053690825,0.6472168138016414,0.07188184679494602
5382040100,5.0487543378327535,0.7191247666919987,0.07279755923637592,-0.06365377260894833,0.6474769252317252,0.07164784146027348
5383040100,5.049751689260421,0.7191253627567622,0.07277036390665916,-0.027195329716765748,0.6477370926236397,0.07138827013312254
5384040100,5.050749042665725,0.7192095427940908,0.07274461920677408,-0.02574469988508099,0.6479973161222539,0.07121222667183691
5385040100,5.051746397942496,0.719292308468074,0.0727321768304304,-0.012442376343685613,0.6482575950378227,0.07103471343025136
5386040100,5.052743754123508,0.7193598177522085,0.07267832237403797,-0.05385445639242814,0.6485179293451786,0.07084188840702987
5387040100,5.053741114216573,0.719539306545462,0.07262555793247853,-0.0527644415594386,0.6487783187942924,0.07076098775116968
5388040100,5.054738478139705,0.7196099281866931,0.07258083501705236,-0.044722915426175014,0.6490387641730564,0.07057116401363672
5389040100,5.055735845307012,0.7196851092013177,0.07248031222506277,-0.10052279198959191,0.6492992654629184,0.07038584373839929
5390040100,5.056733219758905,0.7197248071436125,0.07243463072393068,-0.045681501132084135,0.6495598225136554,0.07016498462995713
5391040100,5.0577305975178675,0.7197271060072785,0.07238706816861158,-0.047562555319093924,0.6498204363838873,0.0699066696233912
5392040100,5.058727978717866,0.7198765334687216,0.07235771739106067,-0.029350777550926077,0.6500811060373799,0.0697954274313417
5393040100,5.059725362040197,0.7199206972117754,0.07234761078603419,-0.010106605026496851,0.6503418315119305,0.06957886569984495
5394040100,5.06072274609313,0.7199758758610688,0.07226419038867435,-0.08342039735983375,0.6506026124654944,0.06937326339557437
5395040100,5.061720136172595,0.7200828551378327,0.07223386282443686,-0.030327564237492277,0.6508634485366365,0.06921940660119619
5396040100,5.062717528441292,0.7201372789782318,0.07219846668071232,-0.035396143724546025,0.6511243411131282,0.06901293786510354
5397040100,5.063714923263941,0.7201962417441143,0.07213750630252687,-0.060960378185451525,0.6513852891941312,0.06881095254998315
5398040100,5.06471232248216,0.7202389022841977,0.0721032644432606,-0.03424185926627321,0.651646292877679,0.06859260940651879
5399040100,5.065709724167775,0.720242439953799,0.07206718500436031,-0.036079438900280536,0.6519073526484966,0.06833508730530236
5400040100,5.066707128451932,0.7203690256036239,0.07203972152045605,-0.027463483904251795,0.6521684680046889,0.06820055759893506
5401040100,5.067704534713217,0.720471448260718,0.07203236241985331,-0.007359100602740476,0.6524296389832358,0.06804180927748216
5402040100,5.068701941504163,0.7204999112645404,0.07196377631097353,-0.06858610887976901,0.6526908654240202,0.06780904584052017
5403040100,5.069699353228913,0.7205873469510067,0.07190761703714532,-0.056159273828207734,0.6529521469503798,0.06763520000062684
5404040100,5.070696768990035,0.7206825517894615,0.0718889307697856,-0.018686267359719233,0.6532134847186981,0.06746906707076339
5405040100,5.07169418609351,0.7207776352481485,0.07184113408624697,-0.047796683538630536,0.6534748784968087,0.06730275675133979
5406040100,5.07269160662894,0.7207744836798992,0.07178981320948957,-0.051320876757400935,0.6537363275813561,0.06703815609854302
5407040100,5.073689030846835,0.7208698750194016,0.07173891340708617,-0.050899802403402195,0.6539978325227018,0.06687204249669976
5408040100,5.074686458714388,0.7209942748224184,0.07173768835956931,-0.0012250475168633645,0.6542593933893421,0.06673488143307627
5409040100,5.075683886669748,0.7210096702229667,0.07168755215987815,-0.05013619969117755,0.6545210101755075,0.06648866004745924
5410040100,5.0766813182174255,0.7210431732503694,0.07162321412215858,-0.06433803771957058,0.6547826819494986,0.06626049130087075
5411040100,5.077678754371326,0.7212380049696379,0.07161389833233309,-0.009315789825497411,0.6550444096332377,0.06619359533640012
5412040100,5.078676191191839,0.721326679475561,0.07159601313326704,-0.017885199066048907,0.6553061934956936,0.06602048597986732
5413040100,5.079673629291928,0.7213782749552516,0.07149762558191286,-0.09838755135418076,0.6555680325055526,0.06581024244969902
5414040100,5.080671074425328,0.7214418004807652,0.07145269053994079,-0.044935041972068435,0.6558299268261152,0.06561187365465004
5415040100,5.081668522767734,0.7215592384216235,0.07142674326411845,-0.025947275822338023,0.6560918779710434,0.0654673604505801
5416040100,5.082665972962229,0.7215909141696593,0.07139525622880633,-0.031487035312127265,0.656353884939076,0.06523702923058328
5417040100,5.083663425403335,0.7216348730545682,0.07133713003542838,-0.058126193377944224,0.6566159473764266,0.0650189256781416
5418040100,5.084660881989166,0.7215730112919687,0.07132237344649935,-0.014756588929038195,0.6568780653893285,0.06469494590264024
5419040100,5.085658339626687,0.7216933571705291,0.07130193939516534,-0.020434051334006886,0.6571402394793431,0.06455311769118599
5420040100,5.08665579872017,0.7217480196570273,0.07133509177784715,0.0331523826817941,0.6574024688361568,0.06434555082087046
5421040100,5.087653255451278,0.7218670690624756,0.0712774517403051,-0.05764003754204916,0.657664753568497,0.06420231549397859
5422040100,5.088650716289001,0.7219414556778094,0.071253096331049,-0.024355409256100247,0.6579270926744769,0.06401436300333252
5423040100,5.08964817886095,0.7219963873989116,0.07119686122853884,-0.05623510251015773,0.6581894878578787,0.06380689954103291
5424040100,5.090645645434856,0.7220311113826592,0.07116336157693293,-0.03349965160591761,0.6584519384973362,0.063579172885323
5425040100,5.091643114391259,0.7220822893796285,0.07114003213830745,-0.023329438625473875,0.6587144451922455,0.06336784418738295
5426040100,5.09264058500619,0.722154499243414,0.0711272901615075,-0.012741976799952148,0.6589770075191694,0.06317749172424458
5427040100,5.093638056526741,0.7221840939699129,0.07110677176276388,-0.020518398743617938,0.6592396252901196,0.06294446867979331
5428040100,5.09463552950527,0.7222568625751081,0.07107614596843961,-0.03062579432427648,0.6595022983093202,0.06275456426578796
5429040100,5.095633004659198,0.7223628048467874,0.07106732152346927,-0.008824444970338519,0.65976502672466,0.06259777812212741
5430040100,5.096630480439766,0.7224099908289089,0.07103731775684066,-0.030003766628606376,0.6600278107276516,0.06238218010125729
5431040100,5.097627958350379,0.7224152536054496,0.07099106863425857,-0.04624912258209024,0.6602906499127457,0.062124603692703895
5432040100,5.098625439542576,0.7225034549783718,0.07097465655391252,-0.01641208034604369,0.6605535446785709,0.0619499102998009
5433040100,5.099622921898771,0.7226045510397666,0.07097974913070103,0.005092576788504388,0.6608164953313178,0.06178805570844881
5434040100,5.100620403893813,0.7226772452900845,0.0709437498513193,-0.03599927938173364,0.661079501315367,0.06159774397471751
5435040100,5.101617888441282,0.7227769279071272,0.07090165471319765,-0.042095138121648334,0.6613425622308995,0.06143436567622773
5436040100,5.102615375971751,0.7227875500130481,0.07087416867968663,-0.02748603351104073,0.6616056788487263,0.06118187116432172
5437040100,5.103612865449016,0.7227870762905176,0.07083354318196189,-0.04062549772474533,0.6618688512851207,0.0609182250053969
5438040100,5.104610357802346,0.7228323401272698,0.07083798094974281,0.004437767780923085,0.6621320792693588,0.060700260857911026
5439040100,5.105607849841586,0.7228530739752023,0.07084852180908473,0.010540859341923392,0.6623953630493062,0.060457710925896024
5440040100,5.106605341134703,0.7228402674992587,0.07083665782652643,-0.011863982558298236,0.6626587017853964,0.06018156571386224
5441040100,5.107602833267591,0.7228162574494251,0.07083757152622569,0.0009136996992629154,0.6629220953657402,0.05989416208368492
5442040100,5.10860032533581,0.7229013937942833,0.07085583521010234,0.018263683876647008,0.6631855442113519,0.05971584958293141
5443040100,5.109597816111189,0.7230118865246249,0.07088030323134883,0.024468021246471627,0.6634490480856741,0.05956283843895083
5444040100,5.110595305154018,0.7231680598179949,0.07085058230466361,-0.029720926685225857,0.6637126066664045,0.0594554531515904
5445040100,5.11159279630127,0.7231490116257367,0.07080851667014161,-0.04206563452200163,0.6639762198393591,0.05917279178637769
5446040100,5.112590290425523,0.7232007956420162,0.07074385292997659,-0.06466374016502008,0.6642398886208518,0.05896090702116441
5447040100,5.113587789122608,0.7233647545818923,0.07076739317084228,0.02354024086569484,0.6645036132442002,0.05886114133769216
5448040100,5.114585286155478,0.7234075819542737,0.07075596910958108,-0.011424061261201546,0.6647673941341949,0.05864018782007874
5449040100,5.115582783996059,0.7235473899190822,0.07068868536374504,-0.0672837458360418,0.6650312296439971,0.058516160275085105
5450040100,5.116580286591138,0.7237078386443653,0.07068243672783486,-0.0062486359101712186,0.665295120429608,0.05841271821475724
5451040100,5.117577789627537,0.7237617436704139,0.07062797359925714,-0.05446312857772262,0.665559067537874,0.05820267613253993
5452040100,5.11857529650884,0.7237755753681488,0.07056342524853558,-0.06454835072155896,0.6658230698301786,0.05795250553797027
5453040100,5.119572807943194,0.7238258908623718,0.0705525965339831,-0.01082871455247969,0.6660871282099379,0.05773876265243394
5454040100,5.120570320140967,0.7238920608860008,0.07056233298067885,0.009736446695751022,0.6663512428675631,0.05754081801843769
5455040100,5.121567831652331,0.7240360145824651,0.07055428326639036,-0.008049714288492105,0.6666154128023543,0.05742060178011088
5456040100,5.122565343731197,0.7241721104422166,0.07053872992580418,-0.01555334058619029,0.6668796376326256,0.057292472809591044
5457040100,5.123562856906387,0.72424901763713,0.07048455273880797,-0.05417718699619378,0.6671439176927585,0.05710509994437152
5458040100,5.124560373898536,0.7243125681213607,0.07043458845349974,-0.04996428530821162,0.6674082531252594,0.05690431499610127
5459040100,5.125557894408234,0.7243751214041402,0.07041462104326977,-0.019967410229966065,0.6676726446537522,0.056702476750387976
5460040100,5.126555416322967,0.7244390228181701,0.07040176171846561,-0.012859324804166405,0.6679370922017362,0.056501930616433826
5461040100,5.127552939142354,0.7245213772180319,0.07038983279266309,-0.011928925802527468,0.6682015952118512,0.05631978200618071
5462040100,5.128550462800794,0.7245675953230013,0.07037765873549297,-0.012174057170119212,0.6684661535538616,0.05610144176913967
5463040100,5.129547987315382,0.7246078099321926,0.07035665025923894,-0.02100847625402613,0.6687307672127822,0.05587704271941041
5464040100,5.130545513307057,0.7246895311408236,0.0703541743799941,-0.002475879244837831,0.6689954361955444,0.055694094945279216
5465040100,5.13154303947278,0.7247528958538032,0.07035517681930618,0.0010024393120886543,0.66926016066936,0.0554927351844432
5466040100,5.132540565568036,0.7248557318061356,0.07033581971095562,-0.01935710835056592,0.6695249402908239,0.05533079151531173
5467040100,5.133538093023853,0.724927717388627,0.07032607125407177,-0.009748456883837076,0.6697897749973087,0.055137942391318306
5468040100,5.134535621164724,0.7250041250700544,0.07029693871753034,-0.029132536541424114,0.6700546651711115,0.054949459898942954
5469040100,5.135533151352259,0.7251289692860997,0.07028364490875094,-0.013293808779395455,0.6703196106352927,0.05480935865080705
5470040100,5.136530682473452,0.7252140817294903,0.07026854477125832,-0.015100137492598309,0.6705846117539807,0.05462946997550966
5471040100,5.1375282146549495,0.7252934419342506,0.07022953450751543,-0.03901026374289551,0.6708496682340197,0.0544437737002309
5472040100,5.138525749574628,0.7253857800316998,0.07021077769884872,-0.018756808666716474,0.6711147801114947,0.05427099992020512
5473040100,5.13952328581033,0.7253750437920264,0.07019529621156056,-0.015481487288147244,0.6713799478349074,0.053995095957119044
5474040100,5.140520823131986,0.7254819932216443,0.0701736993601487,-0.02159685141186829,0.6716451710288247,0.0538368221928196
5475040100,5.141518361968163,0.7255284747377325,0.07020421933141764,0.030519971268952117,0.6719104496345416,0.053618025103190914
5476040100,5.142515898663933,0.7256387260863344,0.07017624083229296,-0.027978499124686973,0.672175783768516,0.05346294231781834
5477040100,5.143513437321908,0.7257857132309322,0.07017896175929764,0.0027209270046839595,0.6724411724607933,0.05334454077013895
5478040100,5.144510975789092,0.725853262589617,0.07015013532388423,-0.028826435413413343,0.6727066168051117,0.05314664578450534
5479040100,5.14550851627721,0.7259059094317016,0.07010320573089288,-0.04692959299134625,0.6729721162309694,0.052933793200732215
5480040100,5.146506060053648,0.7260302844447237,0.07009641847176205,-0.006787259130827117,0.6732376713294599,0.05279261311526384
5481040100,5.147503604305482,0.7260930487864158,0.07009753612376049,0.0011176519984428257,0.6735032824406844,0.052589766345731426
5482040100,5.148501148479036,0.7260576589400606,0.0700631001688536,-0.03443595490688889,0.673768948818239,0.05228871012182157
5483040100,5.1494986950638975,0.7261296842130204,0.07005990298684854,-0.0031971820050558097,0.6740346703169813,0.0520950138960391
5484040100,5.150496241872576,0.7262167344041102,0.07010641268215112,0.04650969530257698,0.674300447602544,0.051916286801566125
5485040100,5.151493785424375,0.7262985558205656,0.07009963021523165,-0.006782466919469821,0.6745662800946057,0.05173227572595984
5486040100,5.152491329451256,0.7263277755313924,0.07008572045709859,-0.013909758133057615,0.6748321668676311,0.05149560866376124
5487040100,5.153488874452312,0.7264625398936247,0.07007482035747772,-0.010900099620865467,0.675098108918391,0.0513644309752338
5488040100,5.154486420216624,0.7264936090091567,0.07009072219421822,0.015901836740493724,0.6753641063823324,0.051129502626824364
5489040100,5.155483964867403,0.7265623828098109,0.07005414187805015,-0.03658031616806556,0.675630159205646,0.05093222360416494
5490040100,5.156481512079357,0.7265782963128976,0.07006990683233394,0.015764954283794985,0.675896266890021,0.050682029422876584
5491040100,5.15747905818769,0.726577100049899,0.0700672415423548,-0.0026652899791317353,0.6761624304181275,0.050414669631771436
5492040100,5.1584766044826225,0.7265793572367868,0.07009153482307515,0.024293280720345534,0.676428648814543,0.050150708422243784
5493040100,5.15947414907649,0.7265923476455146,0.07012494525031152,0.033410427236366,0.676694922425785,0.04989742521972962
5494040100,5.16047169132993,0.7266924093485359,0.07015718459286659,0.032239342555066886,0.6769612507501463,0.0497311585983895
5495040100,5.161469231323922,0.7267394509196932,0.0701845913568926,0.02740676402603026,0.6772276336188661,0.0495118173008271
5496040100,5.162466769396335,0.7269264046368322,0.07016882238828251,-0.015768968610099687,0.6774940710554702,0.04943233358136201
5497040100,5.163464308574454,0.7269792133962488,0.07018002956127749,0.011207172994972314,0.6777605631521446,0.04921865024410421
5498040100,5.164461846966762,0.727010352124786,0.07012146706807579,-0.05856249320170637,0.6780271107198352,0.048983241404950806
5499040100,5.165459389463903,0.727100313635263,0.07013043226685997,0.008965198784183892,0.6782937132554281,0.048806600379834864
5500040100,5.166456931332867,0.7271773277464871,0.07015073089264907,0.02029862578910202,0.6785603720685671,0.048616955677920015
5501040100,5.167454471779241,0.727177777028658,0.07014199966084675,-0.008731231802331152,0.6788270858966072,0.048350691132050816
5502040100,5.168452012837577,0.7271792688602026,0.07014014903555495,-0.0018506252917960264,0.6790938545292668,0.048085414330935716
5503040100,5.1694495540256105,0.7272473455756162,0.07017714086580051,0.036991830245571844,0.6793606785128574,0.04788666706275879
5504040100,5.170447092620476,0.7272823547578051,0.07021416976112885,0.03702889532833442,0.6796275577207247,0.04765479703708042
5505040100,5.171444628618208,0.7272796866397231,0.07021833143164588,0.004161670517032645,0.6798944914264915,0.04738519521323159
5506040100,5.1724421643239635,0.7273425654975292,0.0702395179667722,0.021186535126321626,0.6801614796309465,0.04718108586658265
5507040100,5.173439698543034,0.7274031830826507,0.07028010971402318,0.040591747250976695,0.6804285229531146,0.046974660129536105
5508040100,5.174437229912482,0.727486089256462,0.07028836386111535,0.008254147092170872,0.6806956210753015,0.046790468181160505
5509040100,5.175434760702271,0.7275420898090764,0.07029818900563331,0.009825144517946471,0.6809627736345085,0.0465793161745679
5510040100,5.176432290801987,0.7276073532907974,0.07029726556708732,-0.000923438545994193,0.6812299812406621,0.04637737205013526
5511040100,5.177429820966565,0.7276762770506374,0.07031024487672008,0.01297930963275351,0.6814972438663744,0.046179033184262974
5512040100,5.1784273502194,0.7277282149827378,0.07031902422986691,0.008779353146817659,0.6817645617161467,0.04596365326659102
5513040100,5.179424878855428,0.7277978497412767,0.07032639784416407,0.007373614297155884,0.6820319345304924,0.045765915210784325
5514040100,5.180422406973349,0.7279210063419336,0.07034272272438223,0.016324880218154814,0.6822993623906299,0.045621643951303636
5515040100,5.181419933944015,0.7279291393955413,0.07035062230048025,0.007899576098016503,0.6825668453252192,0.04536229407032211
5516040100,5.182417460359429,0.7280256617668331,0.07033207714541301,-0.01854515506725174,0.6828343831677124,0.045191278599120754
5517040100,5.183414988078259,0.728110972751073,0.07037159002740012,0.039512881987107784,0.6831019760790333,0.045008996672039614
5518040100,5.184412513019578,0.728193767836999,0.07036727792603906,-0.004312101361063414,0.6833696245601466,0.04482414327685236
5519040100,5.185410038264086,0.7281942522446911,0.07036896397809393,0.0016860520548791502,0.6836373275182552,0.04455692472643591
5520040100,5.186407563390048,0.728211048493069,0.07037230503354777,0.003341055453820463,0.683905085782218,0.044305962710850966
5521040100,5.187405088281093,0.728265151750724,0.07041736362875811,0.04505859521033706,0.6841728992411404,0.044092252509583596
5522040100,5.188402610002863,0.7282402563437474,0.07045479593552659,0.037432306768471646,0.6844407678660396,0.04379948847770787
5523040100,5.189400129090228,0.7283692922376196,0.07047402985137924,0.01923391585265377,0.6847086908709699,0.04366060136664973
5524040100,5.190397646823408,0.7284444921513565,0.07053337592638712,0.059346075007879806,0.6849766684014007,0.043467823749955836
5525040100,5.191395160375936,0.7284748292792964,0.07051606149699403,-0.017314429393088693,0.6852447008032208,0.04323012847607566
5526040100,5.192392675148547,0.7286018869268344,0.07052607815833932,0.01001666134528123,0.6855127873188067,0.04308909960802765
5527040100,5.193390189215357,0.7287253451602188,0.07055902876824138,0.03295060990206622,0.6857809294016839,0.042944415758534915
5528040100,5.194387700959675,0.7288472817215941,0.0705439290708607,-0.015099697380689614,0.6860491265364956,0.04279815518509844
5529040100,5.195385213768415,0.7289294239377879,0.0705309460843269,-0.012982986533796703,0.6863173782906209,0.04261204564716703
5530040100,5.196382727492183,0.7290078179434798,0.07051904387383995,-0.01190221048695106,0.6865856855770716,0.04242213236640824
5531040100,5.197380242054658,0.7290985357322205,0.07052743893224694,0.008395058406975409,0.6868540483581285,0.04224448737409203
5532040100,5.198377756025577,0.7292069527082147,0.07053811578075876,0.010676848511814718,0.6871224666157048,0.04208448609250992
5533040100,5.199375269244053,0.7292669235983134,0.07054301387694352,0.00489809618476067,0.6873909399672655,0.04187598363104783
5534040100,5.2003727821173005,0.7292824447380182,0.07053941003924492,-0.0036038376985996212,0.6876594683716988,0.0416229763663194
5535040100,5.201370295244557,0.729356854136536,0.07056047388595899,0.021063846714057366,0.6879280519408404,0.04142880219569556
5536040100,5.202367806886992,0.7293889234715633,0.07060429631508303,0.04382242912403944,0.6881966908383319,0.04119223263323135
5537040100,5.203365315438902,0.7294735135771577,0.07061909073797348,0.014794422890462622,0.6884653845980999,0.04100812897905781
5538040100,5.204362822947022,0.7296535639561875,0.0706555558725969,0.036465134623426154,0.6887341327895484,0.0409194311666391
5539040100,5.205360327881484,0.7297095455239385,0.0706661561539487,0.010600281351799357,0.689002935966073,0.040706609557865536
5540040100,5.206357832067544,0.7298535215853956,0.07062923129671585,-0.036924857232847996,0.6892717937174204,0.040581727867975204
5541040100,5.207355338860091,0.7299324360777854,0.07065479388490102,0.025562588185185975,0.6895407065375849,0.04039172954020043
5542040100,5.208352843848346,0.7300147852078677,0.0706366366341591,-0.01815725074192409,0.689809675333457,0.040205109874410616
5543040100,5.209350350118267,0.7300257081558597,0.07065141826441165,0.014781630252543865,0.6900786989180929,0.03994700923776673
5544040100,5.210347855344822,0.7300790325869452,0.07066488331910889,0.013465054697230139,0.6903477781260214,0.03973125446092374
5545040100,5.211345359620752,0.7301189407321521,0.07071460558901746,0.049722269908586636,0.6906169123323984,0.0395020283997537
5546040100,5.212342860384755,0.7302417155660472,0.0707435862361541,0.028980647136633175,0.6908861015643879,0.03935561400165932
5547040100,5.213340359100691,0.7303223127778138,0.07077976110120984,0.036174865055747185,0.6911553451327386,0.03916696764507521
5548040100,5.214337855258969,0.7303847551697094,0.070774822727571,-0.00493837363883598,0.6914246434344129,0.038960111735296454
5549040100,5.2153353517664796,0.7304612787444763,0.07079137793383806,0.016555206267078848,0.6916939963337718,0.038767282410704484
5550040100,5.21633284710314,0.7305591909546695,0.07081745166989786,0.02607373605980179,0.6919634046178906,0.03859578633677885
5551040100,5.217330340595207,0.7306317617325369,0.07083689827632061,0.019446606422758306,0.6922328678784595,0.038398893854077354
5552040100,5.2183278327110765,0.7306423356471096,0.07084602115535604,0.009122879035427855,0.6925023859355441,0.038139949711565424
5553040100,5.2193253241812085,0.7306503968597151,0.07086823604337068,0.022214888014646217,0.6927719589177457,0.037878437941969434
5554040100,5.220322814078575,0.7306839273250144,0.07092199482372637,0.05375878035568671,0.69304158702462,0.03764234030039437
5555040100,5.221320300167898,0.7307919113481596,0.07097756065119057,0.05556582746421812,0.693311270007726,0.03748064134043361
5556040100,5.222317782318145,0.7308627498490973,0.0710208915954593,0.043330944268733296,0.6935810072645872,0.037281742584510114
5557040100,5.223315261394512,0.7308586997956703,0.07102734640415016,0.006454808690871783,0.6938507987614564,0.03700790103421392
5558040100,5.224312740012817,0.7308590420052898,0.07105279899994064,0.0254525957904852,0.6941206447340704,0.036738397271219414
5559040100,5.2253102168244885,0.7309888650826415,0.07111627090283794,0.06347190289729943,0.6943905458921122,0.03659831919052925
5560040100,5.226307689128088,0.7310199409002212,0.07117811338482273,0.06184248198478892,0.6946605018728143,0.036359439027406903
5561040100,5.22730515703548,0.7311688733114011,0.07117552311007826,-0.002590274744477483,0.6949305119468541,0.036238361364547056
5562040100,5.228302625127084,0.73128617297987,0.0712228113804016,0.04728827032334326,0.6952005761460889,0.0360855968337811
5563040100,5.229300089854646,0.7313739539012117,0.0712114406800984,-0.011370700303204417,0.6954706957126433,0.03590325818856843
5564040100,5.230297555391312,0.7314852204881458,0.07121621967460673,0.004778994508334966,0.6957408696876897,0.035744350800456126
5565040100,5.231295020587935,0.7315724726370929,0.07123615003303198,0.01993035842525548,0.6960110992036768,0.035561373433416144
5566040100,5.232292484366195,0.7316480255716131,0.07124468325498956,0.00853322195758266,0.6962813839516429,0.035366641619970274
5567040100,5.23328994753706,0.7315719829100378,0.07126561737712815,0.020934122138586364,0.6965517236415764,0.03502025926846142
5568040100,5.234287409217521,0.7315621322940429,0.07129281815097473,0.02720077384657138,0.6968221184954224,0.03474001379862046
5569040100,5.2352848689607745,0.731678406790232,0.0713965371798562,0.10371902888147178,0.6970925682759663,0.034585838514265665
5570040100,5.236282321310503,0.7317165426155405,0.07146774825008945,0.07121107023325335,0.6973630728641034,0.03435346975143716
5571040100,5.237279768577797,0.7318393471851452,0.07147623262821115,0.008484378121706104,0.6976336307816631,0.034205716403482134
5572040100,5.238277215239211,0.7318785445298988,0.07152427785066898,0.04804522245782561,0.6979042426568149,0.03397430187308381
5573040100,5.2392746584683065,0.7319474483939068,0.07153031129438592,0.006033443716938702,0.69817490970593,0.033772538687976805
5574040100,5.240272101266214,0.7319714414280607,0.07157863887691873,0.04832758253281133,0.6984456311640059,0.03352581026405477
5575040100,5.241269540609017,0.7320516710564696,0.07161254403949287,0.033905162574147774,0.6987164078476127,0.033335263208856936
5576040100,5.242266977526433,0.732133321282488,0.0716694257970584,0.05688175756553049,0.6989872389378462,0.03314608234464178
5577040100,5.2432644103722685,0.7321456820577231,0.07169859766373345,0.029171866675048674,0.6992581247161418,0.03288755734158133
5578040100,5.244261841128738,0.7322211407326312,0.07172746504673937,0.028867383005924507,0.6995290647372165,0.03269207599541468
5579040100,5.245259269816814,0.7322780138190316,0.07179152143501816,0.06405638827879057,0.6998000595413245,0.032477954277707055
5580040100,5.24625669391218,0.7323124349868626,0.07182444733723548,0.03292590221732117,0.7000711091361609,0.03224132585070172
5581040100,5.247254115645235,0.732451470843625,0.07186712178208775,0.042674444852271565,0.7003422128375121,0.03210925800611297
5582040100,5.248251534314948,0.7325333874716945,0.07192152260454912,0.05440082246137923,0.7006133712533718,0.031920016218322744
5583040100,5.249248949076919,0.7326767290351467,0.07192390768491722,0.0023850803681060295,0.7008845841950375,0.03179214484010917
5584040100,5.250246363667497,0.7327251676239865,0.07195525823516206,0.031350550244846564,0.7011558514346561,0.031569316189330454
5585040100,5.2512437760046735,0.732854731356588,0.07195617931804427,0.0009210828822057149,0.7014271739903997,0.0314275573661883
5586040100,5.25224118827563,0.7329271202530894,0.07200502531422896,0.048845996184691653,0.7016985512980405,0.031228568955048885
5587040100,5.253238597033659,0.7330162470927732,0.07201361974163156,0.008594427402602856,0.701969983954811,0.031046263137962216
5588040100,5.254236005173342,0.733116130943738,0.07205122734916956,0.037607607538010956,0.7022414710247809,0.030874659918957104
5589040100,5.255233410606401,0.7332160413016819,0.07208085791217657,0.029630563006989963,0.7025130132978177,0.030703028003864263
5590040100,5.25623081390595,0.7332928623539378,0.07210548088792079,0.024622975744218678,0.7027846102074555,0.03050825214648223
5591040100,5.257228215431888,0.7333126696770758,0.07213046130157927,0.024980413658477918,0.7030562619116907,0.030256407765385074
5592040100,5.25822561515785,0.7334356378841691,0.07216740342668444,0.03694212510517514,0.7033279685105569,0.0301076693736122
5593040100,5.25922301222079,0.7335202671597941,0.07223338366221552,0.06598023553107124,0.703599729998917,0.02992053716087717
5594040100,5.260220404524068,0.7335715215527562,0.07224810848707837,0.014724824862851982,0.7038715461435814,0.029699975409174795
5595040100,5.261217795764539,0.7336863616060505,0.07228240447956565,0.03429599248727544,0.7041434163748868,0.029542945231163742
5596040100,5.262215184528758,0.7337226182127039,0.07233385618838156,0.05145170881592054,0.7044153417023793,0.02930727651032461
5597040100,5.263212569575841,0.7339017311519984,0.07235385678567333,0.020000597291768063,0.7046873217427496,0.029214409409248798
5598040100,5.264209953177265,0.7339970573452783,0.07241364790959187,0.05979112391854979,0.7049593561594456,0.02903770118583271
5599040100,5.265207332454562,0.7340237318135969,0.0724022238983075,-0.011424011284367985,0.7052314455739221,0.02879228623967478
5600040100,5.266204712558325,0.7340554964378828,0.07243307428536311,0.030850387055608053,0.7055035892027846,0.02855190723509826
5601040100,5.267202090429929,0.7341111689238211,0.07249876858041339,0.06569429505027458,0.7057757884534652,0.028335380470355886
5602040100,5.268199463545099,0.7340769557884533,0.07256242647764194,0.0636578972285553,0.7060480424934568,0.02802891329499657
5603040100,5.269196832047172,0.7342573206712448,0.07261459100180784,0.0521645241658919,0.7063203506354654,0.02793697003577944
5604040100,5.270194196766024,0.7342895434864875,0.07271233843019007,0.09774742838222594,0.7065927129201945,0.027696830566292907
5605040100,5.271191554388458,0.7343387975454088,0.0727030079156568,-0.009330514533270495,0.7068651295759167,0.02747366796949202
5606040100,5.272188912688694,0.7344760394890865,0.07276825600807543,0.06524809241864582,0.7071375996991094,0.027338439789977076
5607040100,5.273186266247253,0.7345156092352179,0.0728254616445185,0.05720563644306953,0.7074101254154463,0.027105483819771514
5608040100,5.274183615645097,0.7344983154528686,0.07283897170270084,0.01351005818234774,0.707682705246075,0.026815610206793572
5609040100,5.275180964059845,0.7345452983431272,0.0729018109369712,0.06283923427035232,0.7079553393513827,0.026589958991744544
5610040100,5.276178307899524,0.7345944413134691,0.07299368892859669,0.09187799162548593,0.7082280286019191,0.026366412711549936
5611040100,5.2771756450428535,0.7347216408023632,0.0730539075692532,0.0602186406565115,0.7085007720174694,0.026220868784893825
5612040100,5.278172977792696,0.7347781468172697,0.07311352045326541,0.05961288401220877,0.7087735690193462,0.026004577797923534
5613040100,5.279170306189685,0.7348900399920913,0.07313442306619068,0.020902612925264963,0.7090464202388631,0.025843619753228242
5614040100,5.280167633059554,0.7349282679037518,0.07319113221533909,0.056709149148409965,0.7093193256887602,0.025608942214991548
5615040100,5.281164955784124,0.7350136916918122,0.07322049692427016,0.0293647089310769,0.709592286144126,0.025421405547686238
5616040100,5.282162276360946,0.7350818649973877,0.07328719123260356,0.0666943083334075,0.7098653008902573,0.025216564107130357
5617040100,5.283159592056522,0.7351776113685466,0.07333068993003594,0.04349869743237589,0.7101383704758177,0.02503924089272891
5618040100,5.28415690456611,0.7352282636027874,0.07338325108098524,0.05256115094929936,0.7104114941541297,0.024816769448657627
5619040100,5.285154213223429,0.7353246226035328,0.07342240750013294,0.03915641914769585,0.7106846723911353,0.02463995021239751
5620040100,5.2861515190091355,0.7353662578892064,0.07348458331909206,0.06217581895911817,0.7109579050061008,0.02440835288310561
5621040100,5.287148820231917,0.7354261060015526,0.07352428669100722,0.03970337191515094,0.7112311922694907,0.02419491373206184
5622040100,5.288146118538952,0.7355921681409401,0.07359184254862597,0.0675558576187445,0.7115045337195802,0.02408763442135986
5623040100,5.289143411881189,0.7356506836446794,0.07365074607293369,0.058903524307726496,0.7117779298095641,0.023872753835115335
5624040100,5.290140700890788,0.7357565505737496,0.07365678457156911,0.0060384986354313774,0.7120513799794175,0.02370517059433208
5625040100,5.291137989456031,0.7358487281361352,0.0737170532972956,0.06026872572647468,0.7123248844040653,0.02352384373206995
5626040100,5.292135273584275,0.7359513920899534,0.07375400871274507,0.03695541544947556,0.7125984441518085,0.023352947938144908
5627040100,5.293132554990061,0.7360441808637959,0.0737981992374552,0.04419052471013174,0.7128720581294132,0.023172122734382627
5628040100,5.294129833138599,0.7360649827419409,0.07383751558142738,0.03931634397218531,0.7131457268090386,0.022919255932902227
5629040100,5.295127108387523,0.7361306006222479,0.07388215862620935,0.04464304478197123,0.7134194500457944,0.022711150576453454
5630040100,5.296124380342117,0.7362441794639022,0.07396332824012246,0.08116961391309174,0.7136932279396859,0.022550951524216267
5631040100,5.297121646301893,0.7363706443704185,0.07402253350154958,0.05920526142711591,0.7139670603841957,0.022403583986222886
5632040100,5.298118907884894,0.7364210433694951,0.07405810606481789,0.035572563268302604,0.7142409466394106,0.022180096730084475
5633040100,5.299116166836497,0.7365004068051622,0.07408755734370517,0.02945127888728738,0.7145148871512035,0.021985519653958674
5634040100,5.300113423608556,0.7366248329498896,0.07415551578762675,0.06795844392157058,0.7147888824007929,0.021835950549096705
5635040100,5.301110675348041,0.7367714275157574,0.07420940864577917,0.05389285815242095,0.7150629325142894,0.021708495001467987
5636040100,5.302107923093287,0.7368431760001524,0.07424109682929256,0.03168818351338154,0.7153370367094283,0.02150613929072409
5637040100,5.303105168488628,0.7368542116269025,0.07426198286231539,0.020886033022838868,0.715611195273226,0.021243016353676425
5638040100,5.304102412334574,0.7369740363775183,0.07432072394056294,0.05874107824754926,0.7158854086595632,0.021088627717955166
5639040100,5.305099651820579,0.7370080511913162,0.07441037521442179,0.08965127385885308,0.716159677090598,0.02084837410071816
5640040100,5.306096884645761,0.7369767062681741,0.07444596833605742,0.03559312163563311,0.7164339997952354,0.020542706472938765
5641040100,5.307094114824258,0.7370895298120641,0.074524974178685,0.07900584262759258,0.7167083761419875,0.020381153670076646
5642040100,5.308091339123407,0.7372517285949078,0.0746372981533797,0.11232397469469846,0.7169828072368887,0.020268921358019165
5643040100,5.30908855505307,0.7374367404044326,0.07467788848373498,0.04059033035527149,0.717257292191988,0.02017944821244466
5644040100,5.310085767955171,0.73753025796332,0.07469404269705691,0.016154213321940336,0.7175318303230576,0.019998427640262384
5645040100,5.311082979651901,0.7375375886032551,0.07469899603766657,0.004953340609648471,0.7178064231021715,0.01973116550108367
5646040100,5.312080190978977,0.7376221884279153,0.07475008597805756,0.0510899403909979,0.7180810710331045,0.019541117394810792
5647040100,5.3130773984919335,0.7377227667790006,0.07484483158841618,0.09474561035861173,0.718355774348268,0.019366992430732588
5648040100,5.314074598924765,0.7378090298255688,0.07490135050550858,0.05651891709241186,0.7186305321008355,0.019178497724733345
5649040100,5.3150717951298025,0.7378622430546006,0.07495025573689332,0.048905231384730685,0.7189053433923895,0.018956899662211035
5650040100,5.316068987674004,0.7379063260175198,0.07500672248651988,0.056466749626551405,0.719180209010414,0.018726117007105803
5651040100,5.31706617598838,0.7380278872525344,0.07508018461292788,0.07346212640799865,0.7194551291129052,0.01857275813962922
5652040100,5.318063358795077,0.7381957128926594,0.07515870078890463,0.0785161759767452,0.7197301035447055,0.018465609347953937
5653040100,5.3190605357092275,0.7382146844880768,0.07519881181988179,0.04011103097715929,0.7200051319550091,0.018209552533067663
5654040100,5.320057709610721,0.7382849861717884,0.07521603204309585,0.017220223214063024,0.7202802142390894,0.018004771932699004
5655040100,5.321054882218346,0.7383578464099502,0.07530821844692928,0.09218640383343768,0.7205553511930347,0.01780249521691546
5656040100,5.322052047894374,0.7384007785062863,0.07537517681208865,0.06695836515936193,0.720830543293097,0.017570235213189234
5657040100,5.323049208530417,0.7384163421022792,0.07544128813680522,0.06611132471656922,0.7211057889851133,0.017310553117165894
5658040100,5.324046364185846,0.7384493678115298,0.07552285495560297,0.08156681879775984,0.7213810887925973,0.017068279018932486
5659040100,5.325043513690287,0.7385121487163379,0.0756186525547291,0.09579759912613706,0.7216564427334831,0.016855705982854796
5660040100,5.326040655962119,0.7386291288012273,0.0757062308203906,0.08757826566149118,0.7219318504860297,0.016697278315197628
5661040100,5.327037791613887,0.7387511851260777,0.07577938364779928,0.07315282740868123,0.722207311752765,0.016543873373312756
5662040100,5.3280349217301515,0.7388883056661755,0.07582578060462526,0.04639695682597744,0.7224828267041232,0.016405478962052245
5663040100,5.329032048332773,0.7390154254060494,0.07586997320103528,0.04419259641001139,0.7227583956411436,0.016257029764905728
5664040100,5.330029171586693,0.7390937653227073,0.07590693757944655,0.036964378411273646,0.723034019124217,0.016059746198490266
5665040100,5.3310262920381355,0.7392186398441153,0.07594922663848265,0.042289059036097365,0.7233096972007438,0.015908942643371504
5666040100,5.332023409281735,0.7393394448347311,0.07601632758217311,0.06710094369046105,0.7235854300236078,0.015754014811123374
5667040100,5.333020521431723,0.7393933503578807,0.07606049031326009,0.04416273108698632,0.7238612174825967,0.015532132875283988
5668040100,5.3340176302268825,0.7394747010840922,0.07610702509274236,0.046534779482275246,0.7241370590578207,0.015337642026271525
5669040100,5.335014735484916,0.7395753656609938,0.07618748053617946,0.08045544343709699,0.7244129552319798,0.015162410429014006
5670040100,5.336011834622407,0.7396862764056966,0.07625462976844904,0.06714923226958214,0.7246889059564374,0.014997370449259195
5671040100,5.337008928646667,0.7397307145930707,0.07631249992281794,0.057870154368897087,0.7249649105178122,0.014765804075258515
5672040100,5.338006018260666,0.7398337253676449,0.07636560409937815,0.053104176560209826,0.7252409691963777,0.014592756171267207
5673040100,5.339003103824679,0.7398646114633962,0.07645243485418046,0.08683075480231839,0.7255170821883539,0.014347529275042348
5674040100,5.340000182760493,0.7398930980505048,0.07651035267652287,0.05791782234240084,0.7257932495951884,0.014099848455316422
5675040100,5.340997257270988,0.7399094432139313,0.07660485060832808,0.0944979318052126,0.726069470704271,0.013839972509660292
5676040100,5.341994324554014,0.7399325849940326,0.07670107061462257,0.09622000629448624,0.7263457461273397,0.013586838866692874
5677040100,5.342991384468711,0.7400493165189735,0.07680390835027055,0.10283773564798038,0.7266220750893595,0.013427241429614045
5678040100,5.343988436498103,0.7401907257846864,0.07690388092142043,0.099972571149888,0.7268984575524762,0.013292268232210191
5679040100,5.344985480851776,0.7402222515312085,0.07695740467257528,0.05352375115486274,0.7271748933744924,0.013047358156716093
5680040100,5.345982521091892,0.7403591888384046,0.07699888628590658,0.041481613331299405,0.7274513826146034,0.012907806223801166
5681040100,5.346979558141983,0.7404407896178357,0.07709582629486783,0.0969400089612571,0.7277279262620411,0.01271286335579458
5682040100,5.34797658773049,0.7405042374704125,0.07714036693983589,0.04454064496805876,0.7280045245747395,0.012499712895672976
5683040100,5.3489736138875115,0.7406068186693553,0.07721299317638337,0.07262623654748235,0.7282811763691761,0.012325642300179185
5684040100,5.349970634445043,0.7406645117027297,0.07729514902511078,0.08215584872740322,0.7285578827650987,0.012106628937631037
5685040100,5.350967648662013,0.7407030751436556,0.07735811375179216,0.0629647266813822,0.7288346431624504,0.01186843198120524
5686040100,5.351964658014983,0.7407455754856417,0.07744398769670023,0.08587394490806854,0.7291114573569146,0.011634118128727056
5687040100,5.352961660727853,0.7409071751773447,0.07753992983789591,0.09594214119568711,0.7293883257599063,0.011518849417438415
5688040100,5.353958656013419,0.7408895541947162,0.07763439936894725,0.09446953105134415,0.7296652478796375,0.011224306315078758
5689040100,5.354955643976713,0.7409912390126546,0.07766957672836591,0.035177359418656406,0.7299422234986785,0.01104901551397608
5690040100,5.35595262921116,0.74108508529667,0.0777949803678086,0.1254036394426885,0.7302192526473732,0.010865832649296858
5691040100,5.356949604707509,0.7410896732355092,0.07786110856045618,0.06612819264757586,0.7304963366036326,0.01059333663187667
5692040100,5.357946575062424,0.7411343502473631,0.07793154989919206,0.07044133873588998,0.7307734734207862,0.010360876826576826
5693040100,5.358943539935765,0.7412966761205615,0.07804719193871987,0.11564203952781194,0.7310506643777579,0.010246011742803596
5694040100,5.359940495799397,0.7413676185344609,0.07814328153953956,0.0960896008196932,0.7313279093814877,0.010039709152973142
5695040100,5.360937444166513,0.7414877726379782,0.07818080357132712,0.03752203178755753,0.7316052074520307,0.009882565185947434
5696040100,5.3619343896038165,0.7415747870219174,0.07826445657748407,0.0836530061569496,0.7318825590112858,0.00969222801063152
5697040100,5.362931328504232,0.7416816287741002,0.0783238448780996,0.05938830061553246,0.7321599653312454,0.009521663442854766
5698040100,5.363928262759641,0.7417861068013941,0.07840021120272841,0.07636632462882043,0.7324374254098274,0.009348681391566749
5699040100,5.364925191036952,0.7418734740624247,0.07846703195919948,0.06682075647105279,0.732714939775029,0.009158534287395659
5700040100,5.365922114078641,0.7419856192290525,0.07853540779410058,0.06837583490110055,0.7329925080572757,0.008993111171776813
5701040100,5.366919031758255,0.7420773913269156,0.07861274637269836,0.07733857859777249,0.7332701304647493,0.008807260862166322
5702040100,5.367915943367312,0.7422227972453208,0.07867805401559264,0.06530764289430002,0.7335478069637595,0.008674990281561268
5703040100,5.368912849845517,0.7422631474035085,0.07875394704743986,0.07589303184722507,0.7338255373584097,0.008437610045098798
5704040100,5.369909750355894,0.7423748731688002,0.07880331476578854,0.049367718348680256,0.734103321911963,0.008271551256837206
5705040100,5.37090664698117,0.7425104651908597,0.07890571231248826,0.10239754669971401,0.734381160392676,0.008129304798183745
5706040100,5.371903535540302,0.7425996017090574,0.07897278124464661,0.06706893215836063,0.7346590533825861,0.007940548326471286
5707040100,5.372900418810561,0.7427590116979139,0.07902822890495538,0.05544766030876125,0.7349369997176076,0.007822011980306298
5708040100,5.373897297704982,0.742892437786725,0.07910730860938443,0.07907970442904966,0.7352150001733655,0.0076774376133594835
5709040100,5.37489417035326,0.7430196321430741,0.079151515819786,0.04420721040156561,0.7354930550060779,0.0075265771369962264
5710040100,5.3758910395070965,0.7431784955080007,0.07920903142617534,0.057515606389360485,0.7357711636955848,0.007407331812415929
5711040100,5.376887904111589,0.7432364034967676,0.07926999165585928,0.06096022968393977,0.7360493270111554,0.0071870764856121205
5712040100,5.377884763890676,0.7433079310698608,0.07931538329418758,0.04539163832829418,0.7363275446601705,0.006980386409690342
5713040100,5.378881620074308,0.7433578315350988,0.07941172040663849,0.09633711245091536,0.7366058165672023,0.006752014967896569
5714040100,5.3798784686203085,0.7435116963880491,0.07950168834460243,0.08996793796394509,0.7368841430772974,0.00662755331075171
5715040100,5.380875310025273,0.7435982624249079,0.07960295399011541,0.10126564551298589,0.7371625230633363,0.006435739361571602
5716040100,5.3818721433828145,0.7437427833699075,0.07965251321001024,0.049559219894840245,0.7374409566651714,0.006301826704736113
5717040100,5.382868972798237,0.7438366008611558,0.07973613238097894,0.08361917096870486,0.7377194436307697,0.006117157230386083
5718040100,5.383865795556738,0.7438668054528798,0.0797910687118,0.05493633082106175,0.7379979851084499,0.005868820344429815
5719040100,5.3848626139379645,0.7439581539203028,0.07987175347351058,0.08068476171058303,0.7382765803411502,0.005681573579152666
5720040100,5.385859425884852,0.7440557506220329,0.07998476834377526,0.1130148702646705,0.7385552299674778,0.0055005206545550855
5721040100,5.386856228808272,0.7441144713015736,0.08006761307532187,0.08284473154661454,0.7388339334139147,0.00528053788765892
5722040100,5.387853025109018,0.7441909312265428,0.08014772281325905,0.08010973793718268,0.7391126899576719,0.005078241268870909
5723040100,5.3888498149992206,0.7442312684608173,0.08024773718267948,0.10001436942043829,0.7393915002712426,0.004839768189574767
5724040100,5.389846596877094,0.7442375666668548,0.08033931351506964,0.09157633239015062,0.7396703644152858,0.004567202251569036
5725040100,5.390843371409878,0.7443372636962949,0.08044945516186289,0.11014164679326988,0.7399492819428843,0.004387981753410597
5726040100,5.391840137097429,0.7443451445415263,0.08057718825319549,0.12773309133260158,0.7402282530418809,0.0041168914996454475
5727040100,5.392836892511871,0.7444652170999245,0.08065860726666486,0.08141901346938352,0.7405072772934851,0.003957939806439437
5728040100,5.393833641369591,0.744512820718863,0.08078650323535518,0.1278959686903165,0.7407863542988089,0.003726466420054142
5729040100,5.39483037991443,0.7445420875186388,0.08085864773321576,0.07214449786058164,0.7410654850993978,0.0034766024192409706
5730040100,5.395827112634712,0.7446609419018116,0.08096751665280204,0.10886891958628264,0.741344668644377,0.0033162732574346654
5731040100,5.396823836555682,0.744832515451564,0.08108608018765519,0.1185635348531564,0.7416239061919825,0.003208609259581552
5732040100,5.397820550880337,0.7449120354869632,0.08116019769845187,0.07411751079667961,0.7419031969100232,0.0030088385769400094
5733040100,5.39881725919894,0.7450134193562797,0.08120819764551293,0.047999947061057924,0.7421825405760494,0.0028308787802303614
5734040100,5.399813963624984,0.7451345620941572,0.08130265047100466,0.0944528254917194,0.7424619381974047,0.0026726238967524907
5735040100,5.400810660384667,0.7452191004527067,0.08138655438470628,0.08390391370162065,0.7427413903681348,0.0024777100845718714
5736040100,5.401807350326743,0.7453912982584177,0.08146092275768056,0.07436837297428811,0.7430208960316058,0.0023704022268118408
5737040100,5.402804034220158,0.7454997072288052,0.08155401000129912,0.09308724361855969,0.7433004554270504,0.0021992518017548424
5738040100,5.403800710534665,0.7456571194343794,0.08160350911050315,0.04949910920404932,0.7435800687714966,0.0020770506628827734
5739040100,5.404797382815574,0.745702609376346,0.08168527202061789,0.08176291011473724,0.7438597356369208,0.0018428737394252659
5740040100,5.405794048428414,0.7457680538483704,0.08174280458294796,0.057532562330053105,0.7441394570195854,0.0016285968287850228
5741040100,5.406790709345266,0.7458178612558216,0.08185679399858344,0.11398941563548237,0.7444192321816487,0.0013986290741728746
5742040100,5.407787360948202,0.7458810675410483,0.08196126170026947,0.10446770168603425,0.7446990616781655,0.0011820058628828622
5743040100,5.408784004003855,0.7458598068886821,0.08207403514564693,0.11277344537745226,0.7449789442138268,0.0008808626748553205
5744040100,5.409780637820461,0.7458633108215592,0.08218056902420981,0.1065338785628791,0.745258880004851,0.0006044308167082457
5745040100,5.410777262897559,0.7459364110743927,0.08232996539213731,0.14939636792750166,0.7455388688578743,0.00039754221651833177
5746040100,5.411773875699872,0.7459371392959473,0.0824675589682831,0.13759357614578716,0.74581891091416,0.00011822838178732198
5747040100,5.41277047717747,0.7459838066696095,0.08257079486968871,0.10323590140561167,0.7460990051809908,-0.00011519851138130921
5748040100,5.413767070145791,0.7459841871222683,0.08271080162409693,0.1400067544082022,0.74637915192584,-0.0003949648035717068
5749040100,5.414763651557008,0.7461036399161513,0.0828283320002029,0.11753037610596428,0.7466593519408917,-0.0005557120247404734
5750040100,5.4157602232513895,0.7461459380952105,0.08296959211103658,0.14126011083368128,0.7469396043699845,-0.000793666274774063
5751040100,5.416756783248863,0.7462007084783397,0.08305166385754918,0.08207174651260352,0.7472199097312675,-0.0010192012529277594
5752040100,5.41775333644133,0.7463179164713044,0.08317281539193318,0.12115153438400217,0.7475002674684497,-0.001182350997145254
5753040100,5.418749879576211,0.7464154013916632,0.08328820818693983,0.11539279500665467,0.7477806789586232,-0.0013652775669600326
5754040100,5.419746413117975,0.7465331936137719,0.0833727354605189,0.08452727357908052,0.7480611432876003,-0.0015279496738284104
5755040100,5.420742939624191,0.74670362663621,0.08346751664861994,0.09478118810104097,0.7483416605868776,-0.0016380339506675279
5756040100,5.421739458232914,0.7467696198474769,0.08355249612115041,0.08497947253047333,0.7486222315774356,-0.001852611729958653
5757040100,5.422735969753248,0.7468792197073301,0.08361140231509281,0.058906193942387164,0.7489028560177822,-0.002023636310452104
5758040100,5.423732476355817,0.7469144637677888,0.08372298440197329,0.11158208688047067,0.7491835341369395,-0.002269070369150694
5759040100,5.424728973633515,0.7469707621776379,0.0838131321604846,0.09014775851130907,0.7494642665477187,-0.002493504370080779
5760040100,5.425725463368538,0.7470103117198522,0.0839409759412047,0.1278437807200874,0.7497450520098035,-0.002734740289951243
5761040100,5.4267219423929705,0.7470771438515333,0.08405876804698685,0.11779210578215893,0.750025891026393,-0.0029487471748597116
5762040100,5.427718411534514,0.7470701224527574,0.0841854439427876,0.12667589580072902,0.7503067827055823,-0.0032366602528248745
5763040100,5.428714870032377,0.7472010647680433,0.08429893299424973,0.11348905146213939,0.7505877272814061,-0.003386662513362837
5764040100,5.429711318980979,0.7473049253079099,0.08444995119120693,0.15101819695719287,0.7508687245400765,-0.0035637992321665424
5765040100,5.430707755202617,0.7473458691278162,0.08453231398244325,0.08236279123631252,0.7511497747909672,-0.0038039056631510304
5766040100,5.431704184473607,0.7474649635061424,0.08462859853692141,0.09628455447816209,0.7514308771383682,-0.003965913632225759
5767040100,5.432700605610512,0.7475369928761412,0.08475684781668986,0.12824927976845646,0.7517120332126197,-0.0041750403364785305
5768040100,5.433697015898616,0.7475546309038308,0.08484637280406544,0.08952498737558101,0.7519932426809675,-0.0044386117771366695
5769040100,5.4346934186039535,0.7475962532044325,0.08495987535284961,0.11350254878416588,0.7522745047781179,-0.004678251573685399
5770040100,5.435689811684143,0.7476612690903325,0.08510112713532858,0.1412517824789683,0.7525558204268883,-0.004894551336555808
5771040100,5.436686192768091,0.7477724968396908,0.08523089294385787,0.1297658085292901,0.7528371890516503,-0.005064692211959487
5772040100,5.437682562813758,0.7478828702017172,0.08534942115321151,0.11852820935363684,0.753118609983467,-0.0052357397817498486
5773040100,5.438678922762388,0.7479323125414507,0.08544520997072824,0.09578881751673585,0.7534000834934176,-0.005467770951966933
5774040100,5.439675274540848,0.7479271314445766,0.08554179447127375,0.09658450054550483,0.7536816098480763,-0.005754478403499741
5775040100,5.440671618072017,0.7480029640073346,0.08566933507334962,0.1275406020758758,0.753963189592799,-0.005960225585464385
5776040100,5.4416679506983305,0.7480358782462739,0.08582478761044443,0.15545253709481166,0.7542448227068625,-0.006208944460588617
5777040100,5.442664270011375,0.7481002903013165,0.08594017160349628,0.11538399305185121,0.7545265084398984,-0.006426218138581907
5778040100,5.443660579427132,0.7481037337550323,0.08607753861093179,0.13736700743551022,0.7548082461114056,-0.006704512356373371
5779040100,5.444656877042672,0.7481556720719822,0.08619961733078427,0.1220787198524742,0.7550900366878537,-0.006934364615871491
5780040100,5.445653164155525,0.7483278979943895,0.08635276349801607,0.15314616723181107,0.7553718796316602,-0.007043981637270713
5781040100,5.446649438071895,0.7484430853301084,0.08648214822656371,0.12938472854764083,0.7556537753104493,-0.007210689980340912
5782040100,5.447645700821077,0.7484606579525857,0.08655163485938674,0.06948663282303214,0.7559357229624943,-0.007475065009908688
5783040100,5.4486419575659895,0.7485516230351776,0.08665000029281458,0.09836543342783188,0.7562177231624858,-0.007666100127308173
5784040100,5.449638205803018,0.7487102396218955,0.08679772821199148,0.14772791917690764,0.7564997773728415,-0.00778953775094593
5785040100,5.450634441244564,0.748761283753266,0.08690916908454864,0.11144087255716073,0.7567818848859886,-0.008020601132722627
5786040100,5.451630667019251,0.7489170201024543,0.08698705783829146,0.07788875374282145,0.757064044488466,-0.00814702438601167
5787040100,5.452626886030187,0.7490115100777076,0.0871192210953153,0.1321632570238398,0.7573462570669527,-0.008334746989245079
5788040100,5.453623093550423,0.7490421235573052,0.0871993176838935,0.08009658857819679,0.7576285234449145,-0.008586399887609342
5789040100,5.454619294098334,0.7491153746833955,0.08731043991198216,0.11112222808866679,0.7579108422839518,-0.008795467600556273
5790040100,5.455615484962587,0.7492252544611173,0.08745403002915533,0.1435901171731666,0.7581932148654467,-0.008967960404329345
5791040100,5.456611663295576,0.7492999765405639,0.0875767464372217,0.12271640806636541,0.7584756404219242,-0.009175663881360263
5792040100,5.457607830902695,0.7494150084892429,0.08768152009852116,0.1047736612994612,0.7587581181466696,-0.009343109657426685
5793040100,5.458603989340335,0.7495044043535611,0.0878043142043828,0.12279410586163442,0.7590406485521228,-0.009536244198561694
5794040100,5.459600137017481,0.7495971762044814,0.08790731471289565,0.10300050851286868,0.759323232080483,-0.009726055876001616
5795040100,5.46059627565707,0.7497182822437876,0.08802354620037046,0.11623148747482959,0.7596058682812128,-0.009887586037425233
5796040100,5.461592404085487,0.7498072562847097,0.08813849575942868,0.11494955905821214,0.7598885576439507,-0.010081301359241013
5797040100,5.462588522402117,0.7499353183503528,0.08823962797194489,0.10113221251619953,0.760171299836486,-0.01023598148613325
5798040100,5.463584631811548,0.7500295995444755,0.08835724013485505,0.1176121629101552,0.7604540948877734,-0.010424495343297924
5799040100,5.464580730849498,0.7501617314223082,0.08845564418075202,0.09840404589698082,0.7607369431406568,-0.01057521171834852
5800040100,5.465576821199225,0.7502341681365561,0.08857134239732473,0.11569821657270829,0.7610198441801934,-0.010785676043637338
5801040100,5.466572901321465,0.7502582216320958,0.08866844320369242,0.09710080636770413,0.7613027984852963,-0.011044576853200483
5802040100,5.467568972849901,0.7503397049420656,0.08879583925981742,0.12739605612497895,0.7615858056195854,-0.011246100677519855
5803040100,5.46856503308904,0.7503334878675213,0.08894797124716715,0.15213198734973132,0.7618688660481077,-0.011535378180586364
5804040100,5.46956107982571,0.7504288862632725,0.08907181812865543,0.12384688148828338,0.7621519790056581,-0.011723092742385588
5805040100,5.470557115553333,0.7505023959244018,0.08924012012697907,0.16830199832364756,0.7624351438635593,-0.01193274793915744
5806040100,5.471553136295698,0.750634734066881,0.08935801587325459,0.11789574627552724,0.7627183613310677,-0.01208362726418677
5807040100,5.472549146524071,0.7506855808849174,0.08948730170725752,0.12928583400292637,0.7630016302778486,-0.012316049392931183
5808040100,5.473545145206762,0.7507929876342699,0.08958750090183033,0.10019919457280024,0.7632849519758516,-0.012491964341581618
5809040100,5.47454113492986,0.7508102581475826,0.08972893708399543,0.14143618216510379,0.7635683261322228,-0.012758067984640187
5810040100,5.475537111989024,0.7509262554135955,0.08984247146450071,0.11353438050528131,0.7638517534834719,-0.012925498069876418
5811040100,5.4765330788681155,0.7510173291153653,0.09000163287414069,0.1591614096399807,0.7641352329761126,-0.013117903860747293
5812040100,5.477529031454366,0.7511375497461136,0.09011179194257966,0.11015906843897416,0.7644187653176608,-0.013281215571547267
5813040100,5.478524974133457,0.7511028158886033,0.09023482413487342,0.12303219229376494,0.7647023493376999,-0.01359953344909659
5814040100,5.479520905733357,0.7510958704286452,0.090343635428702,0.10881129382856947,0.7649859862854278,-0.01389011585678257
5815040100,5.480516827522112,0.751146521848697,0.09053058717211476,0.18695174341275989,0.76526967582776,-0.014123153979062941
5816040100,5.48151273242653,0.7512786066270378,0.0907042522840581,0.173665111943333,0.7655534183266148,-0.014274811699577006
5817040100,5.482508621615391,0.7513830405111802,0.09084961161641548,0.14535933235738252,0.7658372117670318,-0.014454171255851578
5818040100,5.483504497627094,0.751515181421331,0.09095458315773354,0.10497154131806008,0.7661210564817971,-0.014605875060466067
5819040100,5.4845003641098,0.7515816634641558,0.09107376460498622,0.1191814472526811,0.7664049531944386,-0.014823289730282796
5820040100,5.4854962197602735,0.7516854892722354,0.09117942204977779,0.10565744479157324,0.7666889029455071,-0.015003413673271626
5821040100,5.486492065795864,0.7517999020933971,0.09131837038286235,0.1389483330845589,0.7669729053641738,-0.015173003270776753
5822040100,5.48748789917016,0.7518756389270542,0.09143903352033979,0.12066313747743318,0.7672569607983633,-0.015381321871309028
5823040100,5.488483721533754,0.7519764185744536,0.0915547689442636,0.11573542392381486,0.7675410683797104,-0.015564649805256736
5824040100,5.489479533322684,0.7520487073556885,0.09169028517701391,0.13551623275030167,0.767825228579607,-0.015776521223918483
5825040100,5.490475332712639,0.7520829278694133,0.09181367307327283,0.12338789625891944,0.7681094415231406,-0.016026513653727315
5826040100,5.491471120797388,0.7521432972679616,0.09195175662275712,0.13808354948428425,0.7683937066901763,-0.016250409422214673
5827040100,5.49246689621249,0.7521798157955429,0.09210940050705405,0.15764388429692544,0.7686780243934273,-0.016498208597884312
5828040100,5.493462657140006,0.7522055894536767,0.09225444411365634,0.14504360660229976,0.7689623942437791,-0.016756804790102442
5829040100,5.49445840471605,0.7522786334864032,0.09241193493193806,0.1574908182817214,0.7692468157222656,-0.016968182235862384
5830040100,5.495454137771119,0.7523081143074704,0.09257534129465163,0.16340636271357112,0.7695312891535302,-0.01722317484605984
5831040100,5.496449855733679,0.7524288788750443,0.09271556130525489,0.1402200106032645,0.7698158142035894,-0.017386935328545072
5832040100,5.497445560724069,0.7525258749257567,0.09287809881954315,0.1625375142882528,0.7701003907091284,-0.017574515783371658
5833040100,5.498441250653131,0.7525192608766618,0.09299534781219387,0.1172489926507223,0.7703850192762509,-0.01786575839958915
5834040100,5.499436929701135,0.7526533335553589,0.0931248823590999,0.12953454690602562,0.7706696993078808,-0.018016365752521857
5835040100,5.500432596712031,0.7527039399693042,0.09330683027632473,0.1819479172248446,0.7709544319995061,-0.018250492030201904
5836040100,5.5014282467870474,0.7527367044342443,0.09341876247967712,0.11193220335238596,0.7712392170210904,-0.018502512586846098
5837040100,5.502423886426936,0.7528654197625155,0.09357292233760024,0.15415985792311226,0.7715240529715004,-0.018658633208984865
5838040100,5.503419511674508,0.7529275164736987,0.09373653277740963,0.16361043980941004,0.7718089417106562,-0.01888142523695746
5839040100,5.504415121621579,0.7530522463418367,0.0938525065267482,0.11597374933857418,0.7720938821066561,-0.01904163576481943
5840040100,5.505410720706891,0.7531925491910203,0.09400226110042247,0.14975457367428047,0.7723788738995658,-0.019186324708545532
5841040100,5.506406305746821,0.7533395363730224,0.09412104531792383,0.11878421750136314,0.772663918360255,-0.01932438198723263
5842040100,5.507401879630179,0.7534299842236448,0.09423235886201509,0.1113135440912556,0.7729490145776232,-0.019519030353978395
5843040100,5.508397443045884,0.7534899449426472,0.09434063233610729,0.10827347409222199,0.7732341633792714,-0.019744218436624217
5844040100,5.509392996267982,0.7534391993435702,0.09447759116993143,0.13695883382415608,0.7735193649631853,-0.02008016561961512
5845040100,5.510388536579117,0.7535984332061898,0.09463027044242825,0.15267927249682178,0.7738046194086188,-0.020206186202428977
5846040100,5.5113840624753285,0.7537035290971965,0.0948390013048136,0.20873086238535188,0.7740899259375134,-0.020386396840316845
5847040100,5.512379568627062,0.7537694691556568,0.09494302062341373,0.10401931860012548,0.7743752841190386,-0.020605814963381763
5848040100,5.513375064923103,0.75387263227161,0.09507449527871666,0.13147465530292646,0.7746606924251402,-0.020788060153530186
5849040100,5.514370548746685,0.7539781249439935,0.09522601184907632,0.1515165703596708,0.7749461536909052,-0.020968028746911727
5850040100,5.515366018175171,0.754062288573783,0.09535930796682078,0.13329611774446226,0.7752316671665653,-0.02116937859278234
5851040100,5.51636147492073,0.7541683930352399,0.09549182545290424,0.13251748608345104,0.7755172323009276,-0.021348839265687758
5852040100,5.5173569190399165,0.7542534123321466,0.09563543609264494,0.1436106397406982,0.7758028495853573,-0.02154943725321068
5853040100,5.518352349456028,0.7543269743787471,0.09576846141723158,0.13302532458663174,0.7760885190364455,-0.021761544657698417
5854040100,5.519347767160781,0.7544418774245841,0.0959124567077309,0.14399529049933268,0.7763742403454721,-0.02193236292088796
5855040100,5.520343171086076,0.7545278065487928,0.09606263087087742,0.150174163146513,0.7766600137973612,-0.022132207248568347
5856040100,5.5213385606186485,0.7546161260756298,0.09619250234664899,0.12987147577156155,0.7769458390857338,-0.022329713010104002
5857040100,5.522333937686209,0.7547058972815543,0.09633728649380484,0.14478414715585064,0.7772317160346134,-0.022525818753059035
5858040100,5.5233293008376565,0.7548251757906381,0.09648129638474412,0.14400989093928618,0.7775176451978716,-0.022692469407233462
5859040100,5.52432465012671,0.7548629831079268,0.09662499885924357,0.14370247449945017,0.7778036261589456,-0.02294064305101884
5860040100,5.525319985562385,0.7549895408134359,0.0967543069859753,0.12930812673173575,0.7780896589334176,-0.023100118119981694
5861040100,5.526315308514775,0.7551005362401008,0.09692487306621797,0.17056608024267828,0.7783757435240446,-0.023275207283943833
5862040100,5.52731061497542,0.7551364747558937,0.09705140891419806,0.1265358479801062,0.778661880324897,-0.023525405569003288
5863040100,5.528305909182819,0.7552873062854144,0.09718610228946145,0.13469337526340008,0.7789480681836771,-0.023660761898262717
5864040100,5.52930119032952,0.7554102315019322,0.09735885014781058,0.1727478583491262,0.7792343083191824,-0.023824076817250184
5865040100,5.530296454699096,0.7555282123999552,0.09747444845487042,0.11559830705983565,0.7795206004995663,-0.02399238809961113
5866040100,5.531291707825275,0.7556978378688157,0.09760435267479874,0.12990421992831624,0.7798069436557782,-0.02410910578696246
5867040100,5.532286948300756,0.755775840410939,0.09773709126640485,0.1327385916061199,0.7800933393800449,-0.024317498969105844
5868040100,5.533282175832166,0.7559362730378574,0.09784426739713037,0.10717613072552279,0.7803797872678793,-0.02444351423002189
5869040100,5.534277392899447,0.7560198940386288,0.09799769796369978,0.15343056656941667,0.7806662872351886,-0.024646393196559813
5870040100,5.535272594966653,0.7560946671439381,0.09811019166228994,0.11249369859016278,0.7809528399964094,-0.024858172852471272
5871040100,5.536267786021075,0.7561696022482275,0.09826152343443022,0.15133177214025495,0.7812394442458626,-0.025069841997635067
5872040100,5.537262962240721,0.756260278173848,0.09841772856070598,0.15620512627575067,0.7815261011321368,-0.02526582295828883
5873040100,5.53825812312396,0.7564269584242651,0.09857430244946626,0.15657388876027833,0.7818128095546655,-0.025385851130400372
5874040100,5.539253268610218,0.7564438389800331,0.09872342376068195,0.14912131121570416,0.7820995693688886,-0.02565573038885549
5875040100,5.540248399409676,0.7564571795040514,0.0988348087644742,0.11138500379224547,0.7823863805572628,-0.025929201053211393
5876040100,5.541243519224506,0.7566003265157906,0.0990216591639318,0.18685039945759674,0.7826732433244352,-0.026072916808644653
5877040100,5.542238620584692,0.7567189619187065,0.09921085241314957,0.18919324921777902,0.7829601587379642,-0.02624119681925774
5878040100,5.54323370322344,0.7568016443277558,0.09933545627848886,0.12460386533928114,0.7832471246440953,-0.02644548031633953
5879040100,5.544228773512677,0.7568660960989837,0.09947267785554723,0.13722157705837068,0.7835341409652585,-0.02666804486627483
5880040100,5.545223830183985,0.756879739587414,0.0996283098048792,0.155631949331976,0.7838212095392372,-0.026941469951823227
5881040100,5.546218871387632,0.7569814020810053,0.09979352843313506,0.16521862825586098,0.7841083300004072,-0.027126927919401966
5882040100,5.547213896144463,0.7570047392545398,0.09998472410033098,0.19119566719590053,0.7843955018151014,-0.02739076256056161
5883040100,5.54820890183467,0.7571697460219772,0.1001323069603506,0.14758286001961185,0.7846827247005415,-0.02751297867856428
5884040100,5.549203892782583,0.7572189642285576,0.10031960578719534,0.1872988268447524,0.7849699979000171,-0.02775103367145948
5885040100,5.550198864989706,0.7574465451910222,0.10043633950697056,0.11673371977521785,0.7852573226616784,-0.02781077747065619
5886040100,5.551193825499,0.7575121847545954,0.10061146950137721,0.17512999440665666,0.78554469783057,-0.028032513075974652
5887040100,5.552188768433179,0.7576068425698957,0.10069756290986986,0.08609340849264546,0.7858321254408267,-0.028225282870930957
5888040100,5.553183702716293,0.7577553269225629,0.10086509681458407,0.16753390471420815,0.7861196037946456,-0.02836427687208276
5889040100,5.554178620143684,0.7577738991776362,0.10101853260629284,0.15343579170877253,0.7864071354708315,-0.028633236293195363
5890040100,5.555173522109277,0.7578440536563368,0.10114535988514878,0.1268272788559226,0.7866947180986372,-0.028850664442300444
5891040100,5.556168411276741,0.7578852450332372,0.10133770670935699,0.19234682420820937,0.7869823520807628,-0.02909710704752566
5892040100,5.557163281003968,0.7580196392156824,0.10150472305791834,0.1670163485613465,0.7872700381874296,-0.029250398971747193
5893040100,5.558158133821219,0.7580946478066835,0.1016867400091099,0.18201695119155703,0.7875577744977669,-0.02946312669108342
5894040100,5.55915296817812,0.758170285574986,0.10182248734362012,0.13574733451021226,0.7878455617430298,-0.029675276168043774
5895040100,5.560147788745928,0.7582861146096196,0.10198837849862373,0.16589115500361062,0.7881333994742619,-0.029847284864642276
5896040100,5.561142592437769,0.7584087761384766,0.10215440470788704,0.16602620926332068,0.7884212890428053,-0.030012512904328714
5897040100,5.562137379212496,0.758453680743887,0.10230070532370833,0.14630061582128873,0.7887092295552769,-0.03025554881138992
5898040100,5.563132151057304,0.7585313552882699,0.10244394572234924,0.1432403986409132,0.7889972209994447,-0.030465865711174822
5899040100,5.56412690826386,0.7587136475957588,0.10262657622223907,0.1826304998898156,0.7892852639504184,-0.03057161635465966
5900040100,5.565121646777144,0.7589277316946538,0.1027932682428588,0.16669202061971355,0.7895733584926852,-0.0306456267980314
5901040100,5.566116368199591,0.7590758564149885,0.10290788878204157,0.11462053918277881,0.7898615034515579,-0.030785647036569386
5902040100,5.567111077854022,0.7591545402503681,0.10300678675554426,0.09889797350267959,0.7901496992907155,-0.030995159040347442
5903040100,5.56810577734416,0.7592919716396835,0.10313897000070714,0.13218324516288393,0.7904379475523946,-0.031145975912711066
5904040100,5.5691004632339025,0.7594087269413985,0.10330631902846094,0.16734902775379856,0.7907262487019935,-0.03131752176059499
5905040100,5.5700951318800955,0.7595154242800672,0.10344462246272727,0.1383034342663425,0.7910146017441129,-0.031499177464045625
5906040100,5.571089786254557,0.759641686642427,0.10359363308253491,0.14901061980764263,0.7913030056225416,-0.031661318980114594
5907040100,5.572084425231105,0.7597671796809948,0.10374806151509987,0.15442843256495786,0.7915914611988164,-0.03182428151782157
5908040100,5.573079048226588,0.7598361181508253,0.10389305767117013,0.14499615607026572,0.7918799681463646,-0.03204384999553933
5909040100,5.574073656195518,0.7599201921110613,0.10403879020259109,0.14573253142095766,0.7921685262958995,-0.03224833418483819
5910040100,5.575068249040511,0.7599925196508915,0.10421326485873345,0.17447465614235247,0.792457135924252,-0.0324646162733605
5911040100,5.576062823750962,0.7600975456528065,0.10438060658041809,0.16734172168463757,0.7927457970031426,-0.03264825135033611
5912040100,5.577057381039809,0.7602854484030979,0.10455427990465277,0.17367332423468462,0.7930345086585184,-0.03274906025542057
5913040100,5.5780519202184315,0.7603004570620908,0.10471199665739461,0.15771675274183883,0.7933232710968632,-0.03302281403477236
5914040100,5.57904644292475,0.7604042475556679,0.10482850214680885,0.116505489414231,0.7936120841177576,-0.0332078365620897
5915040100,5.580040953447078,0.7605123336281783,0.10503202758187093,0.20352543506208232,0.7939009481964625,-0.033388614568284236
5916040100,5.581035442652596,0.7606070210091319,0.1051915577757164,0.15953019384546896,0.7941898645786516,-0.03358284356951968
5917040100,5.58202991512047,0.760717023995656,0.10534932799245672,0.15777021674032055,0.7944788306108315,-0.03376180661517547
5918040100,5.583024371010463,0.7608445525224644,0.10551421093727324,0.164882944816515,0.7947678476228752,-0.03392329510041081
5919040100,5.584018809548743,0.7609615433874722,0.10567181959728751,0.15760866001427587,0.7950569156609255,-0.03409537227345327
5920040100,5.585013231475559,0.7610990954829057,0.10582101407918537,0.14919448189785744,0.7953460344997154,-0.03424693901680975
5921040100,5.58600763765498,0.7612028264641374,0.1059758470483009,0.1548329691155248,0.7956352043541166,-0.034432377889979215
5922040100,5.587002027468462,0.7612459794854041,0.10612072814552721,0.14488109722630704,0.7959244254751958,-0.03467844598979175
5923040100,5.587996401946334,0.7612880485671591,0.10628291641347307,0.1621882679458555,0.7962136976828624,-0.03492564911570328
5924040100,5.588990759231878,0.7614291943134808,0.10647591144306795,0.1929950295948868,0.7965030212767026,-0.03507382696322181
5925040100,5.5899850960254245,0.761556363346907,0.10666996864452957,0.19405720146162242,0.7967923957162633,-0.03523603236935624
5926040100,5.590979412176851,0.7616848597897711,0.10681480939395466,0.14484074942508984,0.797081820040642,-0.03539696025087091
5927040100,5.591973712896973,0.7618265845189348,0.10696698795281835,0.15217855886371212,0.7973712942051954,-0.035544709686260556
5928040100,5.59296799738155,0.7619430132998318,0.10711884968249386,0.1518617296755116,0.7976608197264348,-0.03571780642660294
5929040100,5.593962265641429,0.7620993206781582,0.10726441854894668,0.14556886645282918,0.7979503963700303,-0.03585107569187207
5930040100,5.594956518327408,0.762157547876328,0.10742300724643633,0.1585886974896511,0.7982400241389378,-0.03608247626260985
5931040100,5.595950754022562,0.7622195378652681,0.10756194884864845,0.13894160221211682,0.7985297032225773,-0.03631016535730924
5932040100,5.596944974811284,0.7622596999043523,0.10775041910207585,0.18847025342739987,0.7988194332079068,-0.036559733303554554
5933040100,5.597939175349188,0.7623635516415066,0.10793748889095582,0.18706978887995973,0.799109214702181,-0.036745663060674394
5934040100,5.598933355751829,0.7624373688478914,0.10813599764814646,0.1985087571906452,0.7993990461472578,-0.03696167729936639
5935040100,5.5999275147499255,0.7626069046071489,0.1083030584911192,0.16706084297272517,0.79968892757595,-0.03708202296880114
5936040100,5.600921655704045,0.7627040843371306,0.10848559371972905,0.18253522860985028,0.7999788586171945,-0.03727477428006398
5937040100,5.601915776911104,0.7628295586851024,0.10862053526874266,0.13494154901361144,0.8002688402502507,-0.03743928156514831
5938040100,5.602909883498596,0.7629064796586594,0.10879206573210613,0.17153046336347466,0.8005588719776924,-0.037652392319032946
5939040100,5.603903971476349,0.7629538073096318,0.10894980304842622,0.157737316320107,0.8008489552950877,-0.0378951479854559
5940040100,5.604898042314997,0.7630265684522536,0.1091322691716182,0.18246612319199662,0.801139089037818,-0.03811252058556447
5941040100,5.605892093296755,0.7631295643358388,0.10933004278095357,0.1977736093353597,0.8014292736346249,-0.03829970929878612
5942040100,5.606886122718406,0.7632913049915107,0.10951555991841085,0.18551713745727905,0.8017195082915585,-0.038428203300047814
5943040100,5.607880131880738,0.7633617212403047,0.10968635919299648,0.17079927458562127,0.8020097925103684,-0.038648071270063755
5944040100,5.608874122360761,0.7634049802399235,0.10982806794960323,0.14170875660675186,0.8023001266699339,-0.03889514643001035
5945040100,5.609868097318435,0.7634888852551508,0.11001590371584823,0.18783576624499454,0.8025905112301217,-0.03910162597497091
5946040100,5.610862051670383,0.7635123624674622,0.11021783755811308,0.201933842264866,0.802880947113735,-0.0393685846462728
5947040100,5.611855983830919,0.763585280437383,0.1103998871160233,0.1820495579102024,0.8031714328349224,-0.039586152397539376
5948040100,5.612849895950477,0.7636605403458523,0.1106127095111962,0.21282239517289758,0.8034619679291879,-0.0398014275833356
5949040100,5.613843784599657,0.7638219450234689,0.11080127144835214,0.18856193715593417,0.8037525530241005,-0.03993060800063164
5950040100,5.614837652416328,0.7639470155641646,0.11098911806693035,0.18784661857819884,0.8040431871158908,-0.04009617155172629
5951040100,5.615831499444381,0.7640381729013914,0.11113417525820206,0.1450571912716958,0.8043338709747339,-0.040295698073342434
5952040100,5.616825330395242,0.7641294085275584,0.11129775562809688,0.16358036989481395,0.8046246046124885,-0.04049519608493013
5953040100,5.617819143190836,0.764192961414462,0.11147871664178298,0.18096101368609618,0.8049153894068404,-0.04072242799237835
5954040100,5.618812935871158,0.7642738970003676,0.11166006318763398,0.18134654585100196,0.8052062247494156,-0.04093232774904798
5955040100,5.619806708360706,0.7644025859658354,0.11185573094213969,0.1956677545057106,0.8054971100659429,-0.0410945241001075
5956040100,5.620800459028328,0.764480297567406,0.1120431522335817,0.18742129144200903,0.8057880453334576,-0.04130774776605162
5957040100,5.621794188758041,0.7645460596750585,0.11220704630334039,0.1638940697586766,0.8060790300734304,-0.04153297039837189
5958040100,5.6227879001495955,0.7645527131714935,0.11239688033755356,0.1898340342131728,0.8063700645436462,-0.0418173513721527
5959040100,5.623781590267198,0.7646694279450765,0.11259316452857239,0.1962841910188311,0.8066611495047233,-0.04199172155964681
5960040100,5.62477525835035,0.764798924896129,0.11281959713355989,0.22643260498749784,0.806952284095896,-0.04215335919976704
5961040100,5.625768900967097,0.7649783432776993,0.11299137275465639,0.1717756210964887,0.8072434680932368,-0.04226512481553746
5962040100,5.626762524230615,0.7650215240132623,0.11315710536419474,0.16573260953835178,0.8075347004895832,-0.04251317647632091
5963040100,5.627756128793952,0.7651589084903155,0.11329812508600656,0.1410197218118241,0.8078259830754462,-0.04266707458513064
5964040100,5.62874971742406,0.7652920263848004,0.11350778492928093,0.2096598432743666,0.8081173160416029,-0.042825289656802434
5965040100,5.629743282329049,0.7653764936775929,0.11367067598893524,0.1628910596542943,0.8084087001989708,-0.04303220652137796
5966040100,5.6307368287711315,0.7654943144626914,0.11383604246800512,0.16536647906987412,0.808700133261663,-0.04320581879897156
5967040100,5.631730356442763,0.7655427551181498,0.11402617263212314,0.19013016411801953,0.8089916167721825,-0.04344886165403261
5968040100,5.632723862499487,0.7656366522497382,0.11419999859945255,0.1738259673294087,0.8092831506397076,-0.04364649838996937
5969040100,5.633717348763415,0.7657483598177015,0.11440902599652905,0.209027397076478,0.8095747340287218,-0.043826374211020314
5970040100,5.634710811186563,0.7658994324292345,0.11459574528879997,0.18671929227091155,0.8098663674730489,-0.043966935043814326
5971040100,5.635704252276595,0.7659939202609497,0.11477394424229252,0.1781989534925592,0.8101580497832828,-0.04416412952233306
5972040100,5.636697672974677,0.7659922652232571,0.11493276632635108,0.1588220840585408,0.8104497816944267,-0.04445751647116958
5973040100,5.637691075471587,0.7661317039859069,0.11512030008893243,0.18753376258134513,0.81074156348188,-0.04460985949597307
5974040100,5.638684456444676,0.766270010574119,0.11535651709802258,0.23621700909015608,0.8110333957883995,-0.04476338521428047
5975040100,5.6396778102567025,0.766255081375282,0.11552251725356244,0.16600015553986291,0.8113252776370921,-0.04507019626181008
5976040100,5.640671144948285,0.7662763022810197,0.1156894154179286,0.166898164366162,0.8116172073700234,-0.04534090508900368
5977040100,5.641664460388392,0.7663573541714696,0.1159335691358023,0.24415371787368567,0.8119091873488422,-0.04555183317737266
5978040100,5.642657747615858,0.7664608658736849,0.11616021444247847,0.22664530667617022,0.8122012175343443,-0.04574035166065937
5979040100,5.643651008600834,0.7664585672801534,0.11635739131673034,0.19717687425186603,0.8124932952905333,-0.04603472801037989
5980040100,5.6446442467138676,0.7666020926492436,0.11654373920255087,0.18634788582052675,0.8127854211946968,-0.04618332854545315
5981040100,5.645637463175596,0.7667779964632069,0.11678360515922746,0.2398659566765926,0.8130775962365462,-0.046299599773339306
5982040100,5.646630651717117,0.7669263904427741,0.11695088100278166,0.16727584355419634,0.8133698207739428,-0.04644343033116871
5983040100,5.64762382075404,0.7670453780970536,0.11710222501311982,0.1513440103381578,0.8136620929608185,-0.04661671486376484
5984040100,5.648616972120094,0.7671200613230402,0.11726763552181012,0.16541050869030594,0.8139544152722422,-0.04683435394920199
5985040100,5.649610104146863,0.7671651915824463,0.1174481209247326,0.18048540292247583,0.8142467882473596,-0.047081596664913294
5986040100,5.650603215040835,0.7673082824099898,0.11765121925314666,0.20309832841405573,0.8145392113944361,-0.04723092898444625
5987040100,5.65159630211561,0.7673461533510257,0.11786961373660579,0.21839448345914758,0.8148316841845187,-0.04748553083349294
5988040100,5.65258936353156,0.7675575060508664,0.1180393515214244,0.16973778481861168,0.8151242058252244,-0.04756669977435801
5989040100,5.653582404972573,0.7676328553535862,0.11826223297620769,0.22288145478329202,0.8154167757730555,-0.04778392041946933
5990040100,5.65457542014119,0.7676806953756965,0.11839856013964731,0.13632716343962015,0.8157093957012691,-0.048028700325572604
5991040100,5.655568419215779,0.767688151187767,0.11860334853308957,0.2047883934422734,0.816002063752844,-0.048313912565077
5992040100,5.656561394079505,0.7679260945615803,0.11882240528457613,0.2190567514865811,0.816294782926601,-0.04836868836502062
5993040100,5.65755434299941,0.7680726374908465,0.11906225022889703,0.2398449443208872,0.8165875508289879,-0.0485149133381414
5994040100,5.658547263458818,0.7681626613007,0.11918698540571866,0.12473517682163426,0.816880366947391,-0.04871770564669098
5995040100,5.6595401690943135,0.768274413961559,0.11935773745920017,0.17075205348151257,0.8171732305376125,-0.04889881657605344
5996040100,5.660533054412061,0.7683753647848017,0.11955717848785802,0.19944102865785407,0.8174661456207026,-0.049090780835900905
5997040100,5.661525915961713,0.7685823691409686,0.11974614316229185,0.18896467443383513,0.8177591105755191,-0.04917674143455053
5998040100,5.662518754955339,0.7686806271967266,0.11994091771966016,0.19477455736831972,0.8180521243828345,-0.04937149718610789
5999040100,5.66351157066233,0.7688132041951096,0.12008286195571817,0.14194423605801232,0.8183451873990002,-0.04953198320389063
6000040100,5.664504369375187,0.7689182553336221,0.12027959355632656,0.19673160060839257,0.8186382994070556,-0.049720044073433445
6001040100,5.665497144501475,0.7690738663588278,0.12045951125158665,0.1799176952600876,0.8189314622639081,-0.04985759590508032
6002040100,5.666489898023409,0.7691056470942421,0.12065359352461721,0.1940822730305667,0.8192246740220206,-0.050119026927778476
6003040100,5.667482628204088,0.769272236230987,0.120822695506397,0.16910198177978875,0.8195179352655835,-0.050245699034596525
6004040100,5.668475338017278,0.7694098287011876,0.12105426033681396,0.2315648304169624,0.8198112454802775,-0.050401416779089936
6005040100,5.669468019893587,0.7695564810110774,0.12121869889428713,0.1644385574731806,0.8201046055435981,-0.050548124532520666
6006040100,5.67046068189907,0.7697359236983571,0.12139797224453193,0.1792733502448065,0.8203980132171687,-0.05066208951881157
6007040100,5.6714533222105,0.769797130909447,0.12157303299078447,0.17506074625253,0.8206914708836095,-0.050894339974162484
6008040100,5.672445941306861,0.7698609471748306,0.12173195157473557,0.15891858395110092,0.8209849780029757,-0.051124030828145095
6009040100,5.67343854111803,0.7699515238605324,0.12195047722306074,0.21852564832516896,0.8212785347158409,-0.05132701085530844
6010040100,5.674431114369598,0.7700791271663018,0.1221681826218836,0.217705398822869,0.8215721415920925,-0.051493014425790684
6011040100,5.675423661114124,0.7701677569472847,0.12237293895262157,0.20475633073796007,0.8218657964786829,-0.05169803953139818
6012040100,5.676416182885313,0.7702965890107482,0.12255953808165686,0.1865991290352913,0.8221594993892509,-0.05186291037850277
6013040100,5.677408681861488,0.7704641603720513,0.12276605813133337,0.2065200496765205,0.8224532507758511,-0.05198909040379973
6014040100,5.678401155568814,0.7705453602782746,0.12295283111643192,0.18677298509854068,0.8227470512817234,-0.05220169100344885
6015040100,5.679393606386999,0.7706644306839918,0.12312051147053586,0.167680354103928,0.8230409001730727,-0.052376469489080923
6016040100,5.6803860366263645,0.7707261365099756,0.12333182704288849,0.2113155723526332,0.8233347981529775,-0.05260866164300193
6017040100,5.681378440891972,0.7708532336173527,0.12352458156492022,0.19275452203173105,0.8236287459045002,-0.0527755122871475
6018040100,5.6823708214265976,0.7710148743763947,0.12374650774647873,0.22192618155852184,0.8239227418283512,-0.052907867451956525
6019040100,5.683363174593107,0.7710866702501609,0.12393609617113768,0.18958842465895454,0.8242167865873178,-0.05313011633715692
6020040100,5.684355504340708,0.7712907655884568,0.1241087019955218,0.17260582438411376,0.8245108791019646,-0.05322011351350786
6021040100,5.685347812736157,0.7714530786812979,0.12432669873366577,0.21799673814395382,0.8248050205409498,-0.053351941859651975
6022040100,5.686340094122137,0.7715505873207608,0.1244787502939154,0.1520515602496364,0.8250992115156919,-0.053548624194931116
6023040100,5.687332356641241,0.771671672364977,0.12465198150053466,0.17323120661925984,0.825393450347434,-0.05372177798245703
6024040100,5.6883245976374965,0.7718153814089814,0.12485803232272766,0.20605082219298754,0.8256877394493856,-0.053872358040404134
6025040100,5.68931681299451,0.7719438012968475,0.1250526664857641,0.19463416303643877,0.8259820780329861,-0.05403827673613859
6026040100,5.690309004094183,0.7719869284871032,0.12523631464881016,0.1836481630460609,0.8262764648757397,-0.05428953638863654
6027040100,5.691301172271242,0.7721154686661571,0.12542796345341173,0.19164880460157208,0.826570900386006,-0.0544554317198489
6028040100,5.692293316491382,0.7722362707262481,0.12566278555721486,0.23482210380312307,0.8268653849584631,-0.05462911423221495
6029040100,5.693285431308076,0.7724107376770358,0.12585525758650104,0.19247202928617035,0.8271599182847318,-0.05474918060769596
6030040100,5.694277521983428,0.7725707762626801,0.12605197051470685,0.19671292820581798,0.8274544987459933,-0.05488372248331319
6031040100,5.695269587947534,0.7727701447060278,0.12622211479208167,0.17014427737481852,0.827749127902738,-0.05497898319671024
6032040100,5.69626163250701,0.7727389700802597,0.126399766780912,0.17765198883033317,0.8280438055841586,-0.055304835503898864
6033040100,5.697253654686716,0.7729190106447551,0.1265579687217047,0.1582019407927029,0.8283385327711201,-0.05541952212636503
6034040100,5.698245656910525,0.7731368784190878,0.12683211875345118,0.2741500317465324,0.828633309172794,-0.05549643075370614
6035040100,5.699237624493731,0.7732813369142347,0.12700091526909651,0.16879651564531284,0.828928135508427,-0.055646798594192304
6036040100,5.700229570711337,0.7734051801642362,0.12715097706392534,0.1500617948288283,0.8292230074116418,-0.05581782724740558
6037040100,5.70122149791098,0.7734215963327348,0.1273380671089541,0.1870900450287507,0.8295179288264123,-0.056096332493677514
6038040100,5.70221340136863,0.7736591743758223,0.12753583168866295,0.19776457970886363,0.829812900449884,-0.05615372607406166
6039040100,5.703205279691925,0.7737916331593724,0.12778789202438381,0.2520603357208626,0.8301079208762374,-0.05631628771686503
6040040100,5.704197125924063,0.7738690741404106,0.1279295107090176,0.14161868463377125,0.8304029896897909,-0.056533915549380254
6041040100,5.705188954098315,0.773995523951566,0.12812403843708012,0.19452772806253504,0.8306981048187438,-0.05670258086717783
6042040100,5.706180757435788,0.7742420326181173,0.12834653357239414,0.22249513531403498,0.8309932704369203,-0.05675123781880298
6043040100,5.7071725323196665,0.7743414210176435,0.12854488696887537,0.19835339648123207,0.8312884845258957,-0.05694706350825218
6044040100,5.708164281795901,0.774445948038985,0.12868333258390297,0.13844561502759567,0.8315837460071869,-0.05713779796820184
6045040100,5.709156013515126,0.7745287427124045,0.1288957537747646,0.21242119086161293,0.831879055785631,-0.05735031307322658
6046040100,5.710147717952289,0.7746827477434778,0.1291060113688092,0.21025759404459365,0.832174416138276,-0.057491668394798245
6047040100,5.711139395341202,0.7747250254985544,0.12932758555527374,0.22157418646452443,0.8324698242271111,-0.05774479872855676
6048040100,5.712131044178617,0.7748917457913186,0.12951386123712189,0.18627568184815657,0.83276528011978,-0.05787353432846143
6049040100,5.713122668975342,0.7751371934148623,0.12975653081516048,0.242669578038597,0.8330607833662995,-0.057923589951437204
6050040100,5.714114262401587,0.7753061221692241,0.12993726036718808,0.18072955202760732,0.8333563353089879,-0.05805021313976377
6051040100,5.7151058324265485,0.7754417288024463,0.13007875081054865,0.14149044336057637,0.8336519337611215,-0.05821020495867513
6052040100,5.716097384108394,0.7756813551441791,0.1302587772826183,0.18002647206967115,0.8339475810963073,-0.05826622595212816
6053040100,5.717088912422538,0.775791683850508,0.13045580933818784,0.19703205556953507,0.8342432788217522,-0.05845159497124419
6054040100,5.718080415124797,0.7758751141189172,0.13060096887739905,0.1451595392112004,0.8345390254380973,-0.05866391131918014
6055040100,5.7190718989333735,0.7758696770419324,0.13081117251558239,0.21020363818330368,0.8348348202744091,-0.0589651432324767
6056040100,5.720063355345222,0.7760373776337566,0.13103527421184472,0.22410169626230103,0.8351306653337538,-0.05909328769999722
6057040100,5.721054782500702,0.7761441742059972,0.13130443725659305,0.26916304474834574,0.8354265580776143,-0.059282383871617106
6058040100,5.72204617445126,0.7762877480273677,0.13148731169349898,0.18287443690592076,0.8357224979487974,-0.05943474992142972
6059040100,5.723037542441955,0.7764506001756857,0.13170103999045576,0.21372829695678708,0.8360184831688038,-0.059567882993118104
6060040100,5.724028882388355,0.776501100841074,0.13189670716005664,0.1956671696008605,0.836314517092493,-0.059813416251419005
6061040100,5.72502019662064,0.7766255916358082,0.1320830258815759,0.18631872151923945,0.8366105984983996,-0.05998500686259134
6062040100,5.7260114863320855,0.7768161484809724,0.13232603524714961,0.24300936557373598,0.8369067280805176,-0.060090579599545224
6063040100,5.727002744010095,0.7769847065427922,0.13253241691373094,0.20638166658131807,0.837202906193653,-0.06021819965086084
6064040100,5.727993974436957,0.7771384685361659,0.13270600106314195,0.1735841494110173,0.8374991305909951,-0.06036066205482926
6065040100,5.728985181910647,0.7773047272908111,0.1328908630789995,0.18486201585755735,0.8377954026992498,-0.060490675408438666
6066040100,5.729976364907045,0.777383690842902,0.13308343200476616,0.19256892576665696,0.838091723801405,-0.06070803295850291
6067040100,5.730967522369669,0.7774964358280684,0.1332700371715423,0.1866051667761357,0.8383880934404004,-0.06089165761233206
6068040100,5.731958655054222,0.7776293882674975,0.13350074902018957,0.2307118486472819,0.8386845112987089,-0.06105512303121141
6069040100,5.732949757056356,0.7777692821194088,0.13371496160770194,0.21421258751234995,0.83898097760067,-0.061211695481261263
6070040100,5.73394083052308,0.7779170404198025,0.1339194217176343,0.2044601099323422,0.8392774905780911,-0.061360450158288615
6071040100,5.734931876711111,0.7780441730122823,0.13412074769730656,0.2013259796722615,0.8395740508708869,-0.06152987785860453
6072040100,5.735922895998116,0.7781803189224132,0.13431846271440978,0.19771501710320938,0.8398706588529841,-0.061690339930570826
6073040100,5.7369138888274955,0.7782746211393382,0.13452685338089984,0.20839066649005988,0.8401673146354263,-0.06189269349608806
6074040100,5.7379048537287325,0.7784677103483567,0.1347310823084815,0.20422892758168087,0.8404640183490315,-0.061996308000674794
6075040100,5.738895791217823,0.7785563278616572,0.13495666185124103,0.2255795427595222,0.8407607695515154,-0.06220444168985817
6076040100,5.739886698380992,0.7786768253640377,0.13513307896638002,0.1764171151389886,0.8410575683953176,-0.06238074303127994
6077040100,5.740877581792283,0.778808529804832,0.13536217211269824,0.22909314631823197,0.841354414005437,-0.06254588420060503
6078040100,5.741868434313644,0.7789395041935046,0.13557570134385044,0.2135292311522039,0.8416513083492809,-0.06271180415577637
6079040100,5.742859257996821,0.7790675478379885,0.13578398185246418,0.20828050861374825,0.8419482492860837,-0.06288070144809521
6080040100,5.743850053507158,0.7791821430778182,0.13599298261671441,0.20900076425024317,0.8422452374282585,-0.06306309435044033
6081040100,5.744840820704024,0.7793191638290128,0.1362038102447404,0.21082762802598642,0.8425422729730165,-0.06322310914400375
6082040100,5.745831559296086,0.7793315872376638,0.13642175065699497,0.21794041225455207,0.8428393558760199,-0.06350776863835605
6083040100,5.746822268272,0.7794506998282558,0.13662882211699334,0.2070714599983885,0.843136486047694,-0.06368578621943821
6084040100,5.747812949065166,0.7796143772181957,0.13689878529612493,0.26996317913158885,0.843433663182406,-0.06381928596421027
6085040100,5.74880359305213,0.7797362300219843,0.13711578349489326,0.21699819876833049,0.8437308877078351,-0.06399465768585078
6086040100,5.749794207401685,0.7799210466931629,0.13731079008361713,0.19500658872387233,0.844028157033879,-0.06410711034071614
6087040100,5.750784795077628,0.7800790454901372,0.13752708219876855,0.21629211515142854,0.8443254733086967,-0.06424642781855949
6088040100,5.751775353124398,0.7802092276315189,0.1377121408538192,0.18505865505063102,0.8446228374196707,-0.0644136097881518
6089040100,5.752765885783781,0.7803643006830479,0.13791091109467812,0.1987702408589258,0.8449202484774112,-0.06455594779436336
6090040100,5.7537563911369585,0.7805396995470588,0.1381239475945493,0.21303649987117756,0.8452177077534415,-0.0646780082063827
6091040100,5.754746867180645,0.7807370580599057,0.13832484752094076,0.20089992639146548,0.8455152146696854,-0.0647781566097797
6092040100,5.755737315543403,0.7809101775013784,0.13851585257730245,0.1910050563617003,0.8458127686222454,-0.06490259112086705
6093040100,5.756727737551523,0.7811248607570561,0.13869610171828373,0.18024914098126943,0.8461103700981596,-0.06498550934110348
6094040100,5.757718134655953,0.7812868228302358,0.13888874312069804,0.19264140241430572,0.8464080194939712,-0.06512119666373539
6095040100,5.758708505108975,0.7813607170984253,0.13906079250823875,0.17204938754073562,0.8467057172439922,-0.06534500014556699
6096040100,5.759698851728366,0.7815199844626215,0.13925949813548702,0.19870562724823393,0.8470034628211351,-0.06548347835851365
6097040100,5.760689170785017,0.781652858813031,0.13950270928140915,0.24321114592212756,0.8473012570708711,-0.06564839825784008
6098040100,5.761679456052284,0.7818333605060956,0.13970353526939552,0.20082598798636164,0.8475990988701305,-0.06576573836403488
6099040100,5.762669713374592,0.7819778034367054,0.13991791147393465,0.21437620453912998,0.8478969863436383,-0.06591918290693288
6100040100,5.763659940822357,0.7820750007417743,0.14010873161583132,0.1908201418966753,0.8481949212468436,-0.06611992050506932
6101040100,5.764650141639969,0.782195414090525,0.14031791183774936,0.2091802219180312,0.848492902996913,-0.06629748890638809
6102040100,5.765640313223734,0.7822896977471147,0.14055113986475995,0.2332280270105782,0.848790932567983,-0.06650123482086834
6103040100,5.766630452161786,0.7824610258187925,0.1407731390128745,0.2219991481145489,0.849089009174282,-0.06662798335548947
6104040100,5.767620559975836,0.7826338766813664,0.14100863411058348,0.23549509770898047,0.8493871317860879,-0.06675325510472152
6105040100,5.768610634720433,0.7827870665687641,0.14120588359258213,0.19724948199863812,0.8496853008587877,-0.06689823429002362
6106040100,5.76960068172397,0.782993106006196,0.1414026455459999,0.1967619534177658,0.849983515803693,-0.06699040979749704
6107040100,5.770590701016636,0.7831516391641823,0.1416095509732236,0.20690542722370098,0.8502817782232022,-0.06713013905901988
6108040100,5.771580691128537,0.7831923560892243,0.14179023980869623,0.18068883547262637,0.8505800881243317,-0.0673877320351074
6109040100,5.772570655722443,0.7834594096976151,0.14199498507818817,0.20474526949192362,0.8508784450619693,-0.06741903536435423
6110040100,5.773560591361897,0.7837231683573036,0.14225917726243142,0.2641921842432595,0.8511768501379642,-0.06745368178066058
6111040100,5.7745504895787745,0.7839334789110485,0.14241028787711418,0.15111061468276565,0.8514753023144657,-0.06754182340341719
6112040100,5.7755403663599125,0.7840678075805827,0.14256313890343497,0.15285102632080205,0.8517737990354419,-0.06770599145485923
6113040100,5.776530221435431,0.7841821945336785,0.1427429126272995,0.17977372386447965,0.8520723451192467,-0.06789015058556813
6114040100,5.7775200509525755,0.7843164129685483,0.14296103040951208,0.21811778221259237,0.8523709404834356,-0.06805452751488739
6115040100,5.778509849417031,0.7844179976881127,0.14318951210695816,0.22848169744607572,0.8526695839644276,-0.06825158627631489
6116040100,5.779499615302821,0.7846209628325874,0.14340843097201103,0.21891886505287905,0.8529682739023379,-0.06834731106975045
6117040100,5.780489349925017,0.7847515478177328,0.14364408413361238,0.23565316160135863,0.8532670098339104,-0.06851546201617753
6118040100,5.781479050840801,0.7849337284535969,0.1438292616211639,0.1851774875515313,0.8535657921532689,-0.06863206369967201
6119040100,5.782468725231345,0.7851156814241648,0.14405098877694159,0.22172715577764124,0.853864620120099,-0.06874893869593424
6120040100,5.783458367816548,0.7851453923592642,0.14424717422575764,0.19618544881603306,0.8541634959001776,-0.06901810354091342
6121040100,5.784447982219636,0.785248990412815,0.14444373125946502,0.19655703370737565,0.8544624178966238,-0.06921342748380876
6122040100,5.785437568349033,0.7853641343069871,0.14471697084121318,0.27323958174812324,0.854761387201382,-0.0693972528943948
6123040100,5.786427115110843,0.7855096325720857,0.14495368126039396,0.2367104191807723,0.8550604037846163,-0.06955077121253062
6124040100,5.787416627708361,0.7856813870895931,0.14518501014388036,0.2313288834863989,0.8553594642910554,-0.06967807720146224
6125040100,5.788406106864734,0.785862715140067,0.1454014909279885,0.21648078410816107,0.8556585702896342,-0.06979585514956721
6126040100,5.789395554678457,0.7859186796214753,0.14560512103492432,0.2036301069358113,0.8559577219958321,-0.07003904237435676
6127040100,5.790384972967762,0.7860196493263389,0.14580422287649783,0.19910184157352617,0.8562569200412291,-0.07023727071489017
6128040100,5.7913743623495355,0.7861098320318494,0.1460665161393317,0.2622932628338568,0.8565561649731102,-0.07044633294126079
6129040100,5.792363713589169,0.7862354479702063,0.14630672678413395,0.24021064480225762,0.8568554569757119,-0.07062000900550558
6130040100,5.793353029838159,0.7863417448994081,0.14655277268256728,0.24604589843336555,0.857154793252505,-0.07081304835309687
6131040100,5.794342310187324,0.7864133055319207,0.14678147154235,0.22869885978270332,0.8574541747534283,-0.07104086922150765
6132040100,5.795331557114014,0.7865996842143437,0.14702023868791883,0.2387671455687972,0.8577536011999634,-0.07115391698561968
6133040100,5.796320769091621,0.78678337685027,0.14727685218626616,0.2566134983473125,0.858053073338688,-0.07126969648841797
6134040100,5.797309943445048,0.78690725348036,0.14747630569266565,0.19945350639949666,0.8583525907042926,-0.07144533722393265
6135040100,5.798299088509991,0.7870099005500729,0.14767735648521282,0.20105079254719738,0.8586521524832733,-0.0716422519332004
6136040100,5.799288204012077,0.7872332478883444,0.14790868885766403,0.23133237245121152,0.8589517611969804,-0.07171851330863599
6137040100,5.800277285449182,0.7873682466625025,0.14815105340095489,0.24236454329085277,0.859251416759939,-0.0718831700974365
6138040100,5.8012663311399795,0.7875825150651382,0.14833324385104163,0.1821904500867806,0.8595511178054593,-0.07196860274032113
6139040100,5.802255349921286,0.7877960951533293,0.14855996072900865,0.22671687796702722,0.8598508638207925,-0.07205476866746319
6140040100,5.803244335170714,0.7880569162843916,0.14874723623286865,0.18727550386000513,0.8601506574813946,-0.07209374119700307
6141040100,5.8042332926833815,0.7881640228353501,0.14893505214373035,0.1878159108616908,0.8604504967773856,-0.07228647394203547
6142040100,5.805222222344417,0.7882660398919821,0.14909934838718067,0.1642962434503299,0.8607503834631522,-0.07248434357117017
6143040100,5.806211127612998,0.7883942778280059,0.1493409111758403,0.24156278865963277,0.8610503175017854,-0.07265603967377954
6144040100,5.807199996969169,0.7885208676190636,0.14958543822206052,0.24452704622021804,0.861350299940618,-0.07282943232155437
6145040100,5.808188829913475,0.7886479913473425,0.14981722251769014,0.23178429562960834,0.861650327282625,-0.07300233593528249
6146040100,5.80917762828882,0.7887520430701362,0.15005020021249194,0.23297769480179298,0.8619503993727626,-0.07319835630262639
6147040100,5.810166391863684,0.7889372583758741,0.1502832792094721,0.23307899698017032,0.8622505167669026,-0.07331325839102842
6148040100,5.811155120569232,0.7890407182339322,0.15052830899253875,0.24502978306664458,0.862550679391525,-0.07350996115759278
6149040100,5.8121438125596745,0.7892125518837622,0.1507330094940123,0.20470050147355479,0.8628508872224643,-0.07363833533870212
6150040100,5.8131324738324155,0.789315543768129,0.15097900381843002,0.24599432441770053,0.863151139695848,-0.07383559592771904
6151040100,5.814121098136029,0.7894910354413474,0.15119109040583106,0.2120865874010438,0.8634514386299266,-0.07396040318857922
6152040100,5.815109690518298,0.7896678375971053,0.15143801572041055,0.2469253145794803,0.8637517821227689,-0.07408394452566358
6153040100,5.81609824567959,0.7898448358977589,0.15164896312358533,0.21094740317482374,0.8640521717046852,-0.07420733580692629
6154040100,5.817086768995394,0.7900034707039483,0.15185952550487963,0.21056238129428761,0.8643526057621251,-0.07434913505817686
6155040100,5.818075260479969,0.7901315617035923,0.15207025892300158,0.21073341812194069,0.8646530859255463,-0.07452152422195402
6156040100,5.819063720063577,0.7902654710738097,0.15229048083206068,0.22022190905911065,0.8649536121965227,-0.07468814112271294
6157040100,5.820052146262939,0.7904131344089041,0.15252634256871267,0.23586173665199106,0.8652541845510804,-0.07484105014217624
6158040100,5.821040536653993,0.7906319274987261,0.15275965148783738,0.2333089191246991,0.8655548025352928,-0.0749228750365667
6159040100,5.82202889157021,0.7907915214395177,0.15298641214864916,0.22676066081178736,0.8658554654086785,-0.07506394396916083
6160040100,5.823017211955703,0.7909155596724727,0.15317779411625093,0.19138196760176784,0.8661561732692675,-0.07524061359679479
6161040100,5.824005503158333,0.7911754172566408,0.15339908037980915,0.22128626355821512,0.8664569264010176,-0.07528150914437681
6162040100,5.824993760573023,0.7914320283700502,0.15363852056266375,0.23944018285459223,0.8667577264285526,-0.07532569805850242
6163040100,5.825981981373362,0.7915904033051854,0.1538101564026911,0.17163584002735055,0.8670585719475596,-0.07546816864237427
6164040100,5.826970175892888,0.7917027374700017,0.1539835266926449,0.17337028995378478,0.8673594620942886,-0.07565672462428685
6165040100,5.82795834383647,0.7918829729556826,0.15420632241602,0.22279572337511033,0.8676604000123724,-0.07577742705668988
6166040100,5.828946477584069,0.7920052192801272,0.15445253961773847,0.24621720171847028,0.8679613856100836,-0.07595616632995639
6167040100,5.829934573483768,0.7921776039587575,0.15466507149906247,0.21253188132399603,0.8682624165639297,-0.07608481260517219
6168040100,5.83092263666542,0.7923622935880765,0.15490697820833074,0.24190670926828073,0.8685634917579002,-0.07620119816982363
6169040100,5.831910662552633,0.7925389998196296,0.15512409524159915,0.21711703326841403,0.8688646127517359,-0.07632561293210627
6170040100,5.8328986549179636,0.7927205382391167,0.1553353155621848,0.2112203205856522,0.869165778147444,-0.0764452399083273
6171040100,5.833886614627144,0.7929146247731108,0.15555079870091795,0.21548313873315084,0.8694669890915954,-0.07655236431848456
6172040100,5.834874540975694,0.7930969295244698,0.15576412786495508,0.21332916403709312,0.8697682458451581,-0.07667131632068835
6173040100,5.835862434251898,0.7932101079686008,0.15597142021688348,0.20729235192841,0.8700695481903615,-0.07685944022176072
6174040100,5.836850295348574,0.7934017296314348,0.1561848642511375,0.21344403425402514,0.8703708962121404,-0.07696916658070552
6175040100,5.837838123266394,0.7935828971658804,0.15643327061644843,0.2484063653109685,0.8706722901799466,-0.07708939301406625
6176040100,5.838825912513966,0.7937191019288127,0.1566426978900316,0.20942727358313462,0.8709737297859945,-0.07725462785718185
6177040100,5.839813669111938,0.793801085959664,0.156857615591073,0.21491770104141206,0.8712752133511152,-0.07747412739145121
6178040100,5.840801392159315,0.793954230478956,0.15709536721501183,0.237751623938814,0.8715767427094683,-0.07762251223051231
6179040100,5.841789078038364,0.7941194292361857,0.1573606911922623,0.26532397725044854,0.8718783175830396,-0.07775888834685385
6180040100,5.842776722372711,0.7942392204508869,0.15759075454361013,0.2300633513478476,0.8721799368639047,-0.07794071641301781
6181040100,5.843764330627219,0.7944129392311008,0.1578150858206833,0.2243312770731296,0.8724815992115786,-0.07806865998047785
6182040100,5.84475190365049,0.794569164065144,0.15806250614469106,0.2474203240077555,0.8727833062912929,-0.07821414222614886
6183040100,5.845739437758752,0.7947500221693695,0.15828324102856162,0.2207348838705525,0.8730850583588889,-0.07833503618951942
6184040100,5.846726937098146,0.7949256815433893,0.15851303643392556,0.22979540536392884,0.8733868542851546,-0.07846117274176534
6185040100,5.847714400190394,0.7951217351739492,0.1587307790091772,0.2177425752516431,0.8736886953335699,-0.07856696015962061
6186040100,5.848701828888554,0.7952564190083425,0.15895139587395532,0.2206168647781046,0.8739905810489077,-0.07873416204056516
6187040100,5.849689222690865,0.7954024811453559,0.1591620496080942,0.21065373413885657,0.8742925119943443,-0.07889003084898838
6188040100,5.850676583128383,0.7955841192687018,0.15940374534958787,0.2416957414936649,0.8745944880132193,-0.0790103687445175
6189040100,5.8516639052304855,0.795747247484775,0.15964008630425436,0.23634095466649452,0.8748965095706431,-0.07914926208586814
6190040100,5.8526511897907225,0.7959189875034566,0.15985890280189727,0.21881649764290922,0.8751985751427291,-0.07927958763927256
6191040100,5.853638439543624,0.7960398926778662,0.16008727413521953,0.22837133332229853,0.8755006849684754,-0.0794607922906092
6192040100,5.854625652918881,0.7962052840948448,0.16031162243368194,0.22434829846239368,0.8758028398811675,-0.07959755578632266
6193040100,5.855612830507196,0.7964065923535197,0.16056177319722972,0.25015076354778953,0.8761050393968084,-0.07969844704328866
6194040100,5.856599968134099,0.7965285928277265,0.16078997675716483,0.22820355993509933,0.8764072836927568,-0.0798786908650303
6195040100,5.857587069251761,0.7967467725801716,0.16100044615848003,0.2104694013152031,0.8767095714871367,-0.07996279890696512
6196040100,5.858574136651821,0.7969498957627001,0.16125095177588544,0.2505056174054039,0.8770119038332673,-0.08006200807056718
6197040100,5.859561163863409,0.7970789769582837,0.16145355833523442,0.2026065593489661,0.8773142815828727,-0.08023530462458905
6198040100,5.860548158525637,0.7972406777418954,0.16166391439041317,0.21035605517875666,0.8776167027500534,-0.08037602500815799
6199040100,5.861535119350654,0.7974607856013628,0.1619116598277953,0.24774543738213262,0.8779191696718911,-0.0804583840705283
6200040100,5.862522040268117,0.7976334279421621,0.1621433998807682,0.2317400529729361,0.8782216819507376,-0.0805882540085755
6201040100,5.863508923801389,0.797720948543664,0.1623461238831565,0.202724002388311,0.8785242377223774,-0.08080328917871338
6202040100,5.864495774587863,0.7978739735621091,0.16257286221813722,0.22673833498071416,0.8788268377564883,-0.08095286419437919
6203040100,5.865482588700363,0.7981048770279664,0.16284261371286732,0.2697514947300985,0.8791294834717043,-0.08102460644373788
6204040100,5.8664693591156105,0.798294721136088,0.16307993508107196,0.2373213682046582,0.8794321736604047,-0.0811374525243167
6205040100,5.867456091027613,0.7984064002807028,0.1632784830357584,0.19854795468644504,0.8797349061641491,-0.08132850588344631
6206040100,5.868442790684309,0.7985926158454506,0.1634978076036259,0.21932456786748933,0.8800376825720981,-0.08144506672664753
6207040100,5.869429454665198,0.7987635460034255,0.16375661879987585,0.25881119624995463,0.8803405047980704,-0.08157695879464488
6208040100,5.8704160764862525,0.7989315060079448,0.16397841790839326,0.22179910851742557,0.8806433717891906,-0.08171186578124578
6209040100,5.871402662124082,0.7991321204540222,0.1642081459765375,0.22972806814422286,0.8809462815511786,-0.08181416109715645
6210040100,5.872389210234025,0.7993002595507296,0.16443965040635827,0.2315044298207869,0.8812492359149608,-0.08194897636423126
6211040100,5.87337572047323,0.7994921045444587,0.1646550545961326,0.21540418977433684,0.8815522344640385,-0.08206012991957978
6212040100,5.874362195427976,0.7996325005192294,0.16488698827214435,0.23193367601173764,0.8818552770893717,-0.08222277657014232
6213040100,5.875348632339462,0.7997837539346729,0.16510731343303617,0.22032516089185306,0.8821583645818798,-0.08237461064720686
6214040100,5.876335033062647,0.7999493292482753,0.16535371092003018,0.24639748699400132,0.8824614960903823,-0.08251216684210694
6215040100,5.877321393258446,0.800159998520791,0.16559500545087108,0.24129453084089048,0.882764672181267,-0.08260467366047597
6216040100,5.878307713708154,0.8003319746782066,0.1658294365253782,0.23443107450713807,0.8830678915170438,-0.08273591683883719
6217040100,5.879293995487323,0.8004826983775272,0.1660415273430013,0.21209081762307713,0.8833711543337444,-0.08288845595621719
6218040100,5.880280242234384,0.8006061067795743,0.16627324903195484,0.2317216889535596,0.8836744609580727,-0.08306835417849834
6219040100,5.881266450656093,0.8008089171747557,0.16651592401961982,0.24267498766496565,0.8839778125053463,-0.08316889533059069
6220040100,5.882252618884074,0.8009685170798732,0.16677263900368464,0.25671498406480064,0.8842812079590594,-0.08331269087918625
6221040100,5.883238744529699,0.8010641602259189,0.1669898761145191,0.21723711083446817,0.8845846467404357,-0.08352048651451682
6222040100,5.884224834090557,0.8011922621335232,0.16722902781196963,0.23915169745052256,0.8848881281101413,-0.08369586597661804
6223040100,5.885210883872652,0.8013314957935549,0.16750059485956803,0.2715670475983869,0.8851916540638065,-0.08386015827025162
6224040100,5.886196888415869,0.8014877870524412,0.16775630566645902,0.255710806890995,0.8854952234606159,-0.08400743640817476
6225040100,5.887182850295141,0.801726306158958,0.16800680099018203,0.25049532372300476,0.885798834615052,-0.08407252845609403
6226040100,5.888168770318132,0.8019356618162776,0.16824908303308217,0.24228204290013955,0.8861024883151885,-0.08416682649891083
6227040100,5.889154649798377,0.8020830964415171,0.16845040269420442,0.2013196611222432,0.8864061848052707,-0.08432308836375357
6228040100,5.890140495546376,0.8021642095940782,0.1686665141565637,0.21611146235928969,0.8867099244855758,-0.08454571489149765
6229040100,5.891126305039211,0.8022414050072602,0.16891392034018465,0.24740618362096622,0.88701370945072,-0.08477230444345984
6230040100,5.89211207297031,0.8024350176659627,0.16919495524618947,0.2810349060048156,0.8873175389200014,-0.08488252125403872
6231040100,5.89309779361719,0.8026547828901159,0.1694784245420647,0.2834692958752134,0.8876214112539742,-0.08496662836385827
6232040100,5.894083466491397,0.8028679257134351,0.16970392716687582,0.22550262481113803,0.8879253246837635,-0.08505739897032838
6233040100,5.895069101305405,0.8030713773078428,0.16991654235328116,0.21261518640533006,0.8882292790533732,-0.0851579017455304
6234040100,5.896054700188444,0.8032088363566179,0.1701326708331063,0.2161284798251446,0.8885332773532468,-0.08532444099662895
6235040100,5.8970402625011165,0.8033446810648734,0.17035386798593008,0.22119715282375152,0.8888373202364868,-0.08549263917161332
6236040100,5.898025787338101,0.8035079771657511,0.17060841687092226,0.25454888499217976,0.8891414075023647,-0.08563343033661364
6237040100,5.899011268989204,0.8036407862340897,0.17086413160260844,0.2557147316861714,0.8894455388679319,-0.08580475263384213
6238040100,5.899996707192337,0.8038241216560673,0.17110642435835757,0.24229275574913856,0.8897497125668608,-0.08592559091079344
6239040100,5.900982104168549,0.8040123498133906,0.17136432452631822,0.2579001679606412,0.8900539285135736,-0.08604157870018292
6240040100,5.901967457198627,0.8041534837522237,0.17159722440240086,0.23289987608263507,0.8903581873892108,-0.08620470363698707
6241040100,5.9029527704863005,0.8042517114676123,0.17182793143670944,0.23070703430858908,0.8906624883496193,-0.08641077688200693
6242040100,5.9039380443530645,0.8043988505141033,0.1720825329566919,0.25460151998247715,0.8909668326885765,-0.08656798217447315
6243040100,5.904923274655199,0.8045718140028956,0.17235902151091811,0.2764885542262381,0.8912712205013342,-0.08669940649843866
6244040100,5.905908457575299,0.8047340505090297,0.17261139063402597,0.2523691231078473,0.8915756505033805,-0.08684159999435082
6245040100,5.906893597180981,0.8049888359701834,0.17285113156365398,0.23974092962797955,0.8918801215101091,-0.08689128553992564
6246040100,5.907878695581527,0.8051979462472549,0.17309654095595337,0.24540939229939562,0.8921846347735958,-0.08698668852634084
6247040100,5.9088637517440326,0.8054045110736711,0.17329579645472665,0.19925549877328552,0.8924891909413297,-0.08708467986765867
6248040100,5.909848773568524,0.8055739475558127,0.17351810188944602,0.22230543471937958,0.8927937896895699,-0.08721984213375722
6249040100,5.910833757036614,0.8057948326454368,0.17374189740758986,0.22379551814382714,0.8930984334573324,-0.08730360081189559
6250040100,5.911818701842037,0.8059102680850095,0.17398455002220334,0.24265261461348264,0.8934031209983289,-0.08749285291331932
6251040100,5.912803604671321,0.8060397719305683,0.17420166782459523,0.21711780239193135,0.8937078522139537,-0.08766808028338535
6252040100,5.913788469892539,0.8061772859123512,0.17447191088087916,0.2702430562839331,0.8940126260748862,-0.08783534016253502
6253040100,5.914773288238743,0.8064050490231018,0.17473549159685467,0.26358071597551724,0.8943174439287276,-0.08791239490562575
6254040100,5.915758060796265,0.8065514529342687,0.1749954238489167,0.25993225206202486,0.8946223029028424,-0.08807084996857373
6255040100,5.916742788131905,0.8066882959373084,0.17521040628835824,0.21498243944154583,0.8949272033283258,-0.08823890739101736
6256040100,5.917727478015566,0.8068063354330753,0.17546640604630462,0.2559997579463851,0.8952321453756191,-0.08842580994254379
6257040100,5.91871212324228,0.8070497676618024,0.17572754326730805,0.26113722100343817,0.895537131446499,-0.08848736378469668
6258040100,5.919696722849375,0.8071692206814631,0.17599847814689137,0.2709348795833366,0.8958421593050865,-0.08867293862362335
6259040100,5.920681275054273,0.8072992819337103,0.17620686074510813,0.20838259821677396,0.8961472286481857,-0.08884794671447549
6260040100,5.921665790751819,0.8074380113094299,0.17647762492276084,0.2707641776526941,0.8964523389182588,-0.08901432760882888
6261040100,5.92265025894928,0.8075447279667468,0.17674345554564289,0.26583062288206993,0.8967574934871436,-0.08921276552039681
6262040100,5.9236346804419355,0.8077378977259309,0.17700530710658088,0.26185156093798767,0.8970626889431479,-0.08932479121721704
6263040100,5.9246190558608705,0.8079325505578662,0.1772835824278774,0.2782753212965001,0.8973679255274973,-0.08943537496963117
6264040100,5.925603382242288,0.8081322823399905,0.17751887589606322,0.23529346818583408,0.8976732034306814,-0.0895409210906909
6265040100,5.926587667100953,0.808249268989563,0.1777536697374332,0.2347938413699826,0.8979785217281595,-0.08972925273859655
6266040100,5.927571910470715,0.8084204142754293,0.17798615547388644,0.23248573645326887,0.8982838827458508,-0.08986346847042148
6267040100,5.928556112705963,0.8085310209068094,0.17826041188545838,0.2742564115719779,0.8985892864898979,-0.09005826558308849
6268040100,5.929540266347675,0.8086966245667032,0.17850787885897768,0.24746697351929403,0.8988947330659229,-0.09019810849921972
6269040100,5.930524376078948,0.8089355511951188,0.1787860262556184,0.27814739664071486,0.8992002201540892,-0.09026466895897034
6270040100,5.931508436383923,0.8091222578294616,0.1790369751609294,0.25094890531098435,0.8995057492028913,-0.09038349137342971
6271040100,5.932492452030393,0.8092479836564429,0.17925141676713818,0.21444160620878217,0.899811318494617,-0.09056333483817414
6272040100,5.933476429466045,0.8094678880878202,0.17949222621716002,0.24080945002182808,0.9001169295044527,-0.09064904141663244
6273040100,5.934460363938518,0.8096433075565036,0.17976390670028317,0.2716804831231585,0.9004225842305402,-0.09077927667403662
6274040100,5.935444249871569,0.8098642938263203,0.17998869123992373,0.22478453964056588,0.9007282811924284,-0.09086398736610812
6275040100,5.936428095588897,0.8100001615680757,0.180235999933798,0.2473086938742608,0.9010340186525667,-0.09103385708449097
6276040100,5.93741189700332,0.8103087071124727,0.18046071497861127,0.22471504481328575,0.9013397991926482,-0.09103109208017546
6277040100,5.93839565811009,0.8104432422226476,0.18072835065302342,0.2676356744121502,0.9016456215378739,-0.09120237931522623
6278040100,5.939379371145621,0.8106263975452048,0.18090966288228863,0.18131222926516588,0.9019514869257073,-0.09132508938050243
6279040100,5.940363051574815,0.8108875550491195,0.18117834451052398,0.2686816282353577,0.9022573929375142,-0.0913698378883947
6280040100,5.941346683626105,0.8110782547840328,0.18142298184593342,0.24463733540947752,0.9025633443782617,-0.09148508959422885
6281040100,5.942330271567065,0.8112732640574148,0.18162873039300814,0.20574854707472268,0.9028693363383731,-0.09159607228095823
6282040100,5.943313822364123,0.8115623958752839,0.18186995866871583,0.24122827570768846,0.9031753701402572,-0.09161297426497328
6283040100,5.944297329559078,0.8117331200308506,0.18210927514513256,0.23931647641672993,0.9034814479472324,-0.09174832791638177
6284040100,5.945280793440937,0.8120046191799755,0.18230158624382953,0.19231109869698515,0.9037875677453577,-0.09178294856538227
6285040100,5.94626422247623,0.8122462663902317,0.18255339296053785,0.2518067167083142,0.9040937296198912,-0.09184746322965953
6286040100,5.947247605829424,0.8124171681206394,0.182754902544122,0.20150958358415183,0.9043999362026014,-0.09198276808196204
6287040100,5.948230952580376,0.8125607399993847,0.18297148956997372,0.2165870258517275,0.9047061841155184,-0.09214544411613368
6288040100,5.949214259945893,0.8126981223610185,0.18322374069321817,0.2522511232444189,0.9050124761820086,-0.09231435382099018
6289040100,5.9501975213824645,0.8128267251363352,0.18349000425945586,0.266263566237688,0.905318811531405,-0.09249208639506978
6290040100,5.951180734270881,0.8130532124472627,0.18375972213167796,0.26971787222209787,0.905625188120613,-0.09257197567335029
6291040100,5.952163897910247,0.8132538910704455,0.1840342059645921,0.2744838329141399,0.9059316051281741,-0.09267771405772851
6292040100,5.953147011356894,0.8135581996888867,0.18425992759827073,0.22572163367863185,0.906238062330047,-0.09267986264116035
6293040100,5.954130083472084,0.8137584809456496,0.184498785230135,0.23885763186425124,0.906544559426326,-0.09278607848067633
6294040100,5.955113111795964,0.8139633767067082,0.1846858521885288,0.18706695839379806,0.9068510991745349,-0.09288772246782673
6295040100,5.956096105784492,0.8141774686293868,0.18492516667070952,0.23931448218075313,0.9071576808031097,-0.09298021217372288
6296040100,5.957079055797702,0.8144041984359415,0.18516239821266048,0.23723154195092477,0.9074643072571718,-0.09306010882123028
6297040100,5.958061962162782,0.8145876445558594,0.1853952391556078,0.23284094294730506,0.9077709755257644,-0.09318333096990494
6298040100,5.959044825633767,0.8147377499673213,0.1856219419408064,0.22670278519860054,0.908077685706214,-0.09333993573889277
6299040100,5.960027647290235,0.814989011221333,0.18587055405337297,0.24861211256658833,0.9083844380291524,-0.09339542680781932
6300040100,5.961010423033019,0.8151133907826806,0.18613617088523485,0.26561683186187834,0.9086912328270174,-0.09357784204433672
6301040100,5.96199314965457,0.8152869913147917,0.18635134210037282,0.21517121513798698,0.908998068815464,-0.09371107750067231
6302040100,5.962975836433099,0.8154144276677462,0.1866303396699879,0.2789975696150768,0.909304944987678,-0.09389051731993181
6303040100,5.963958471482206,0.8156245962602006,0.1868850133973852,0.2546737273972799,0.9096118642361013,-0.09398726797590073
6304040100,5.9649410592450405,0.815817259787076,0.1871631497182563,0.27813632087109186,0.9099188228432205,-0.09410156305614448
6305040100,5.965923595292404,0.8159324144399309,0.18740013317875473,0.2369834604984311,0.9102258221912791,-0.0942934077513482
6306040100,5.966906087216111,0.8160844127829412,0.18764611821415475,0.24598503540003303,0.9105328608907115,-0.09444844810777031
6307040100,5.967888533281807,0.816197204742443,0.18793126113034503,0.285142916190281,0.9108399413084882,-0.09464273656604527
6308040100,5.96887092611505,0.8164553488381545,0.18819831322477934,0.267052094434316,0.9111470628975837,-0.09469171405942922
6309040100,5.969853269020728,0.8166149608489447,0.1884853777558865,0.2870645311071611,0.9114542233469649,-0.09483926249802022
6310040100,5.970835558179221,0.8168185398031165,0.1886998836817389,0.214505925852424,0.9117614236838882,-0.09494288388077177
6311040100,5.971817807122859,0.8169712356986877,0.18896397077047536,0.26408708873646325,0.9120686627077745,-0.09509742700908685
6312040100,5.972800006494256,0.8171175340312994,0.18920630105114195,0.2423302806665748,0.9123759446459552,-0.09525841061465579
6313040100,5.973782160317153,0.8173041749417954,0.1894744034903412,0.26810243919924903,0.9126832665661944,-0.09537909162439895
6314040100,5.974764263680202,0.8175501369457959,0.18974604674922474,0.27164325888353225,0.9129906297220955,-0.09544049277629962
6315040100,5.975746315844983,0.8177011958173241,0.1899977807814879,0.25173403226317936,0.9132980325712126,-0.09559683675388841
6316040100,5.976728320499217,0.8178735679220317,0.19021999699529699,0.22221621380908352,0.9136054748764799,-0.09573190695444822
6317040100,5.977710283162181,0.8180408751990295,0.19048999727028487,0.2700002749878805,0.913912957786696,-0.09587208258766655
6318040100,5.978692194739071,0.8181615076579146,0.19074963145276844,0.25963418248359993,0.9142204830251401,-0.09605897536722552
6319040100,5.979674057123717,0.8183996908522065,0.19101209964914387,0.26246819637540386,0.9145280477383508,-0.0961283568861443
6320040100,5.98065586971189,0.8186664055662678,0.19129829885646754,0.28619920732363924,0.914835652513716,-0.09616924694744822
6321040100,5.981637627924165,0.8188371612913027,0.19152588157032718,0.22758271385964846,0.9151432971562308,-0.09630613586492809
6322040100,5.98261934283988,0.8189513555872813,0.19173930031773387,0.21341874740667777,0.9154509802248221,-0.0964996246375408
6323040100,5.983601017107464,0.8191448724660434,0.1920009916273791,0.261691309645246,0.9157587051861533,-0.09661383272010993
6324040100,5.98458264147181,0.8193840036887665,0.1922913716592532,0.2903800318740737,0.916066472865964,-0.09668246917719747
6325040100,5.985564210383438,0.8195150862839315,0.19254234026057732,0.2509686013241128,0.9163742803576689,-0.09685919407373733
6326040100,5.986545731301913,0.8197356988275086,0.192770658948406,0.22831868782869025,0.9166821259148712,-0.09694642708736256
6327040100,5.987527208504912,0.8199291021787259,0.19305337450868654,0.28271556028051936,0.9169900118710075,-0.09706090969228154
6328040100,5.988508631506334,0.8201776657453335,0.19329151984105314,0.23814533236660163,0.9172979395628182,-0.09712027381748478
6329040100,5.989490008790211,0.8203488262263413,0.19354351968611805,0.25199984506490813,0.9176059056947956,-0.0972570794684543
6330040100,5.990471337636239,0.8206276157248721,0.1937680774487019,0.2245577625838484,0.9179139129234031,-0.09728629719853099
6331040100,5.991452623266658,0.8208905833180243,0.19403163099589582,0.2635535471939321,0.9182219603895767,-0.09733137707155237
6332040100,5.992433858113701,0.8210984804473176,0.19424144866904666,0.209817673150839,0.9185300497275364,-0.09743156928021879
6333040100,5.9934150524828524,0.8214289852043467,0.1944592884742694,0.21783980522273372,0.9188381785559869,-0.09740919335164022
6334040100,5.994396204780782,0.8216524029332976,0.19470488372006536,0.24559524579598557,0.9191463501060326,-0.09749394717273507
6335040100,5.995377309591268,0.8218140794132918,0.19488915184637706,0.1842681263116639,0.9194545638729252,-0.09764048445963347
6336040100,5.9963583787334525,0.8220527122165868,0.1951271541872272,0.23800234085013483,0.9197628181503426,-0.09771010593375573
6337040100,5.997339401756845,0.8222561989456685,0.19539634056341285,0.2691863761856559,0.9200711166473923,-0.09781491770172379
6338040100,5.998320372551804,0.8224486516306424,0.19562721021915178,0.23086965573894158,0.9203794560757856,-0.09793080444514324
6339040100,5.999301298496042,0.822724113690102,0.19587588308306786,0.24867286391608845,0.9206878345096001,-0.09796372081949811
6340040100,6.000282176072468,0.8228856199373875,0.19613032432324606,0.25444124017819636,0.9209962542625476,-0.0981106343251601
6341040100,6.0012630040963275,0.8231743163835723,0.19634334745113488,0.21302312788883038,0.921304714223588,-0.09813039784001565
6342040100,6.002243790584984,0.8234032090752335,0.1966136624965847,0.27031504544982,0.9216132140145383,-0.09821000493930487
6343040100,6.003224524303601,0.8236623740525231,0.1968204419642294,0.206779467644727,0.921921756152063,-0.09825938209953988
6344040100,6.004205217607014,0.8238083836988175,0.1970573037813148,0.2368618170853951,0.9222303370965328,-0.09842195339771531
6345040100,6.005185864564079,0.8239976560292874,0.19727914769099295,0.2218439096781304,0.9225389607301047,-0.09854130470081723
6346040100,6.006166468063428,0.8242101917013508,0.19755791583869425,0.2787681477013044,0.9228476251815891,-0.09863743348023835
6347040100,6.0071470168855665,0.8243888838980569,0.19781531183750614,0.25739599881186725,0.9231563313552726,-0.09876744745721577
6348040100,6.0081275151547375,0.8246678708214571,0.19806128936762404,0.24597753011791412,0.9234650757134908,-0.0987972048920337
6349040100,6.009107965052843,0.8248185471932921,0.19832446783201094,0.2631784643869044,0.9237738595486178,-0.09895531235532573
6350040100,6.01008836313166,0.8250714758048892,0.19853757826532864,0.2131104333177094,0.9240826835420961,-0.09901120773720695
6351040100,6.011068719199723,0.8253518706541988,0.19881518034884793,0.27760208351928073,0.9243915466019956,-0.09903967594779683
6352040100,6.012049020476929,0.8256057130446718,0.19904178771459333,0.22660736574542817,0.9247004518131199,-0.0990947387684481
6353040100,6.0130292769722,0.8257426165434596,0.19925474005781849,0.2129523432251499,0.925009395143011,-0.09926677859955135
6354040100,6.014009491338151,0.8260468722381141,0.1994810978917242,0.22635783390571507,0.9253183797402471,-0.09927150750213298
6355040100,6.014989660873977,0.8262931089861403,0.19976628996734194,0.2851920756177506,0.9256274064362842,-0.09933429745014388
6356040100,6.015969773856067,0.8264487280992246,0.19996783653642955,0.20154656908759994,0.9259364743749678,-0.0994877462757432
6357040100,6.016949846823295,0.8266438585808396,0.20019853886253597,0.2307023261064205,0.9262455798537097,-0.09960172127287015
6358040100,6.017929873938238,0.8267841400612183,0.20047487574887368,0.2763368863377125,0.9265547280829978,-0.09977058802177952
6359040100,6.018909846062329,0.8269161157794699,0.20073170636171458,0.25683061284090014,0.9268639172169237,-0.09994780143745385
6360040100,6.019889767010209,0.8270437891035289,0.20101631974279963,0.28461338108504486,0.9271731443665132,-0.10012935526298428
6361040100,6.020869631170364,0.8272944125952048,0.2013054595156426,0.2891397728430085,0.927482410729155,-0.1001879981339503
6362040100,6.021849437558384,0.8274906758565677,0.20159713327818524,0.291673762542644,0.9277917145273804,-0.10030103867081275
6363040100,6.022829185584967,0.8276953537560622,0.20182746803532436,0.23033475713912188,0.9281010554434381,-0.10040570168737595
6364040100,6.023808887464624,0.8279572911882354,0.20208522762184553,0.2577595865211486,0.928410433284121,-0.10045314209588563
6365040100,6.02478853764124,0.8281670872366382,0.2023390077514958,0.2537801296502853,0.9287198519002864,-0.10055276466364815
6366040100,6.02576813684945,0.828362315626039,0.202564273464916,0.22526571342021517,0.9290293095315469,-0.10066699390550793
6367040100,6.026747690763145,0.828534997288795,0.2028158287009347,0.25155523601865726,0.9293388064039618,-0.10080380911516684
6368040100,6.027727194037504,0.8287010677982719,0.2030749159239976,0.25908722306289644,0.9296483443046846,-0.10094727650641266
6369040100,6.028706645091505,0.8288327958899689,0.20334557073701276,0.27065481301516714,0.9299579215393265,-0.1011251256493576
6370040100,6.029686041523426,0.8291246851090539,0.20361983780707738,0.2742670700646366,0.9302675376021732,-0.10114285249311927
6371040100,6.030665382531073,0.8293440081908273,0.20391165127607658,0.2918134689992049,0.9305771917276537,-0.10123318353682642
6372040100,6.031644664487757,0.8296427337274312,0.20412343874251157,0.21178746643500013,0.9308868836555142,-0.10124414992808295
6373040100,6.032623903535204,0.829836841160423,0.20437170891648446,0.2482701739728943,0.9311966122318935,-0.10135977107147054
6374040100,6.0336030922259045,0.830058089218882,0.2045803181933811,0.2086092768966319,0.9315063825561829,-0.10144829333730088
6375040100,6.034582238557633,0.8302810238421929,0.20484148872182142,0.2611705284403236,0.9318161922672346,-0.10153516842504162
6376040100,6.035561331797543,0.8304399363431151,0.20508928575421445,0.24779703239302187,0.9321260438903494,-0.10168610754723428
6377040100,6.036540374602512,0.8306734229783713,0.20533643429421272,0.24714853999826225,0.9324359340237116,-0.10176251104534029
6378040100,6.03751936704465,0.8308904192704399,0.20561591510579397,0.2794808115812415,0.9327458635021664,-0.10185544423172643
6379040100,6.038498302463385,0.8310335996928059,0.2058582814084408,0.24236630264685055,0.9330558323426992,-0.1020222326498933
6380040100,6.039477188369406,0.8312892581639825,0.20610909850881742,0.2508171003766122,0.933365838430035,-0.10207658026605249
6381040100,6.040456022975767,0.8314139889056114,0.2063971758187768,0.2880773099593774,0.9336758841363029,-0.10226189523069151
6382040100,6.041434798585653,0.8315624405842372,0.20662914268826713,0.23196686949030298,0.9339859688896759,-0.10242352830543866
6383040100,6.042413526631104,0.8317816474717946,0.20692696365410732,0.29782096584019513,0.9342960902452297,-0.10251444277343513
6384040100,6.043392193531629,0.8319549110944165,0.2072132657918933,0.28630213778597957,0.9346062518188347,-0.10265134072441817
6385040100,6.044370801570299,0.8320946025235014,0.20746439234361122,0.25112655171787224,0.9349164493002817,-0.1028218467767803
6386040100,6.045349357912946,0.8323106775713872,0.2077387823494355,0.27439000582426654,0.935226683405741,-0.10291600583435379
6387040100,6.046327857700088,0.8325223193133171,0.20803031784938716,0.2915354999516775,0.9355369564002274,-0.10301463708691028
6388040100,6.047306297317083,0.832801852925861,0.20828386938034515,0.2535515309579772,0.9358472667364559,-0.10304541381059495
6389040100,6.048284684535847,0.8330106361179147,0.20853985357234076,0.25598419199559475,0.9361576132609315,-0.1031469771430168
6390040100,6.049263018789847,0.8331817248922367,0.2087619715489768,0.22211797663601285,0.9364679984319508,-0.10328627353971409
6391040100,6.050241307034271,0.833446134388307,0.20901968726308767,0.25771571411086325,0.9367784220635578,-0.10333228767525082
6392040100,6.051219541834906,0.833639598418245,0.20929654808607276,0.2768608229850924,0.9370888863569355,-0.10344928793869057
6393040100,6.052197719149147,0.8338493261866518,0.2095268609886638,0.23031290259104265,0.9373993889470746,-0.10355006276042289
6394040100,6.053175848584907,0.8340051957304707,0.209792899849822,0.2660388611581923,0.9377099285441091,-0.10370473281363835
6395040100,6.054153922650733,0.8341933458193014,0.21005102696885072,0.2581271190287371,0.938020508192011,-0.10382716237270961
6396040100,6.055131942927107,0.8344075612483121,0.2103364126458153,0.28538567696456396,0.9383311255060143,-0.10392356425770222
6397040100,6.056109903657942,0.8346746963693938,0.21060592181777504,0.2695091719597347,0.9386417809815093,-0.10396708461211546
6398040100,6.057087808082735,0.8348961524530483,0.21086261028048364,0.25668846270856815,0.9389524727832388,-0.10405632033019052
6399040100,6.0580656588139545,0.8350694166072764,0.2110929441736352,0.2303338931515424,0.9392632019332616,-0.10419378532598522
6400040100,6.059043461309549,0.8352703002664912,0.21134631480577984,0.2533706321446325,0.9395739692550684,-0.10430366898857724
6401040100,6.060021210685337,0.8355487786733228,0.21162407549486476,0.27776068908491225,0.939884776477296,-0.10433599780397318
6402040100,6.060998901755758,0.8357448037407882,0.21188826622879275,0.2641907339279892,0.940195622041557,-0.10445081830076886
6403040100,6.061976537299318,0.8359192414347448,0.21211374349424397,0.22547726545121427,0.9405065042925287,-0.10458726285778386
6404040100,6.062954125398736,0.836250768233345,0.21238069548710056,0.266951992856598,0.9408174241067577,-0.10456665587341274
6405040100,6.063931657262789,0.8365097016704709,0.21265873291258078,0.27803742548022403,0.9411283840487954,-0.1046186823783245
6406040100,6.06490913048219,0.8366195357277333,0.2128582047159304,0.1994718033496572,0.9414393813161688,-0.10481984558843549
6407040100,6.065886561581729,0.8369017056218956,0.21309409599034554,0.23589127441513225,0.9417504151353455,-0.10484870951344993
6408040100,6.06686394282099,0.8371635121785581,0.2134049576301179,0.31086163977239956,0.9420614907587073,-0.10489797858014915
6409040100,6.067841258270448,0.8373417128125445,0.21362973006499125,0.22477243487334664,0.9423726057177149,-0.10503089290517031
6410040100,6.068818526090926,0.8375244700054587,0.21386480245324208,0.23507238825084942,0.94268375493467,-0.10515928492921134
6411040100,6.069795744047056,0.8377639972690291,0.2141419608289707,0.2771583757286262,0.9429949441845515,-0.10523094691552248
6412040100,6.070772903142051,0.8379057176269598,0.21441711780581255,0.27515697684185136,0.943306172749999,-0.1054004551230392
6413040100,6.071750003726703,0.8380743148652873,0.214664052807713,0.24693500190046902,0.9436174377591726,-0.10554312289388534
6414040100,6.072727051739247,0.8382708496624843,0.2149602485735989,0.2961957658859107,0.9439287393165756,-0.10565788965409129
6415040100,6.073704036613547,0.8384076092389474,0.21524330958203922,0.28306100844031756,0.9442400793074022,-0.10583247006845475
6416040100,6.074680961069363,0.8386407282035648,0.21551265063814382,0.26934105610458414,0.9445514543576188,-0.10591072615405395
6417040100,6.075657827962499,0.8389328376357251,0.21581224606525792,0.2995954271141055,0.9448628653262787,-0.1059300276905536
6418040100,6.076634630743839,0.8390841544137411,0.21606383634152462,0.2515902762666897,0.9451743131164285,-0.10609015870268745
6419040100,6.077611379618496,0.8393472838118159,0.21628598847148076,0.22215212995616018,0.9454857956324503,-0.10613851182063438
6420040100,6.0785880808426,0.8395528729697793,0.21657887462292108,0.2928861514403249,0.9457973161212614,-0.10624444315148207
6421040100,6.079564719170381,0.8398133998681232,0.2168159702329081,0.23709560998703516,0.9461088765722643,-0.10629547670414108
6422040100,6.080541306521312,0.8399894734776436,0.2170820678866328,0.26609765372470195,0.9464204721155163,-0.10643099863787264
6423040100,6.081517836594411,0.8401868352963192,0.21732081635358166,0.23874846694884333,0.9467321065469676,-0.10654527125064839
6424040100,6.082494315217774,0.8404086151329949,0.21760208203068576,0.28126567710409356,0.9470437778494869,-0.10663516271649198
6425040100,6.083470733157629,0.8406330005247905,0.21787295065771395,0.27086862702819636,0.9473554878766635,-0.10672248735187295
6426040100,6.084447092584141,0.8408076922115747,0.21813180949845168,0.25885884073776366,0.9476672336741245,-0.10685954146254983
6427040100,6.085423396024737,0.8409772548508735,0.2183895581675831,0.25774866913140904,0.9479790159273556,-0.10700176107648207
6428040100,6.086399643654524,0.841174161095714,0.21867244609823808,0.28288793065498186,0.948290835436449,-0.10711667434073502
6429040100,6.087375829955397,0.8414121015695246,0.21895820169430655,0.28575559606846723,0.9486026922505744,-0.10719059068104975
6430040100,6.088351954226345,0.841655703725362,0.2192305340412587,0.27233234695217057,0.948914584599784,-0.10725888087442192
6431040100,6.089328019307022,0.8419104484984535,0.2194825149450187,0.25198090375998694,0.9492265122523627,-0.10731606375390912
6432040100,6.090304029556248,0.8422032272686704,0.2197318193104433,0.24930436542464873,0.9495384761081844,-0.10733524883951406
6433040100,6.091279985495455,0.8423876300509375,0.2199756849070279,0.24386559658459395,0.94985047755344,-0.10746284750250246
6434040100,6.0922558882507705,0.8426008405131118,0.2202005907451168,0.22490583808890552,0.9501625167482715,-0.10756167623515966
6435040100,6.093231741905625,0.842752248770661,0.22047995872479362,0.27936797967681914,0.9504745940463444,-0.10772234527568336
6436040100,6.0942075345013444,0.8429759266446327,0.2207451396498094,0.2651809250157946,0.9507867107475079,-0.10781078410287515
6437040100,6.09518326906822,0.8431402746306838,0.22104156279557025,0.2964231457608266,0.9510988630202881,-0.10795858838960437
6438040100,6.096158938688382,0.8433851191661611,0.22130204586772587,0.2604830721555842,0.9514110518266783,-0.10802593266051719
6439040100,6.097134551165583,0.8436360772712443,0.22159250783228746,0.29046196456155915,0.9517232749455857,-0.10808719767434138
6440040100,6.098110099845199,0.8439062373577934,0.22184287343556136,0.2503656032738937,0.9520355348666492,-0.1081292975088558
6441040100,6.099085593468019,0.8441095036929238,0.22209032325874226,0.24744982318090258,0.9523478294524175,-0.10823832575949366
6442040100,6.100061032615158,0.8443270797234846,0.22232827369254116,0.23795043379890024,0.9526601614936574,-0.10833308177017276
6443040100,6.101036419321558,0.8444509234563977,0.22259990786119738,0.27163416865620116,0.9529725311698556,-0.10852160771345787
6444040100,6.102011746096317,0.8446736867564918,0.2228645955869088,0.2646877257114213,0.953284939126327,-0.10861125236983515
6445040100,6.102987014402828,0.8449077271884484,0.2231765457300278,0.31195014311900104,0.9535973829569961,-0.10868965576854772
6446040100,6.1039622137133325,0.8450409421748823,0.22343923338771637,0.26268765768856883,0.9539098631233394,-0.10886892094845702
6447040100,6.104937354849926,0.8452256719164877,0.22369645752677944,0.2572241390630783,0.9542223762441289,-0.10899670432764119
6448040100,6.105912438957335,0.8454779545774183,0.22400446946209576,0.30801193531628135,0.9545349257793667,-0.10905697120194846
6449040100,6.106887454690514,0.8457325690387313,0.22428699786663778,0.2825284045420191,0.9548475120889073,-0.109114943050176
6450040100,6.1078624076251025,0.8460613866821275,0.22453588880596576,0.24889093932796946,0.9551601315279186,-0.10909874484579107
6451040100,6.108837305173343,0.8462824580034116,0.22478374641979326,0.2478576138275026,0.9554727858757275,-0.10919032787231586
6452040100,6.109812147505168,0.8465282942465076,0.22499448757038681,0.2107411505935548,0.9557854775020331,-0.10925718325552558
6453040100,6.11078694284208,0.8466876790246617,0.22525930376189482,0.2648161915080043,0.9560982064546906,-0.10941052743002888
6454040100,6.111761679064059,0.8469403275097936,0.22551188994109192,0.2525861791971189,0.9564109753652055,-0.10947064785541183
6455040100,6.112736358837517,0.8472210698234272,0.2258080285999534,0.2961386588614714,0.9567237803385282,-0.10950271051510108
6456040100,6.113710972350058,0.8473750469309679,0.22605767374970626,0.24964514975286867,0.9570366222232671,-0.10966157529229925
6457040100,6.11468552993819,0.8475131453539198,0.22629335464005862,0.23568089035237638,0.9573494978622641,-0.10983635250834434
6458040100,6.11566003467439,0.8477929548444,0.22659275280764932,0.2993981675907078,0.9576624105661722,-0.1098694557217722
6459040100,6.1166344721918655,0.8479990914862497,0.22690045847855195,0.3077056709026178,0.9579753613150039,-0.10997626982875419
6460040100,6.11760884053446,0.8481452358442295,0.22713739392066892,0.2369354421169685,0.9582883454875812,-0.11014310964335172
6461040100,6.118583155549061,0.8483466334247921,0.22741139619403536,0.27400227336643224,0.9586013624467533,-0.1102547290219612
6462040100,6.119557408824688,0.8485165134127496,0.22771574474783657,0.30434855380119896,0.9589144172756967,-0.11039790386294712
6463040100,6.120531593437889,0.8486792078825283,0.22799270893972876,0.2769641918922108,0.9592275072648668,-0.11054829938233857
6464040100,6.121505715488276,0.848945331120676,0.2282857359280393,0.2930269883105574,0.9595406301809852,-0.11059529906030918
6465040100,6.122479771266111,0.849246751927011,0.2285826729958061,0.29693706776677553,0.959853787976197,-0.11060703604918598
6466040100,6.12345375980175,0.84937732050897,0.22882800718804913,0.24533419224304565,0.9601669794497063,-0.11078965894073634
6467040100,6.124427692716015,0.8496195313217743,0.22905573297668166,0.22772578863253168,0.9604802042811542,-0.11086067295937996
6468040100,6.125401573948566,0.8499146690430307,0.22936926686897052,0.31353389228886264,0.9607934661999842,-0.11087879715695348
6469040100,6.126375383942865,0.8501582486749053,0.22962714029173978,0.2578734227692583,0.9611067664670045,-0.11094851779209924
6470040100,6.12734913527382,0.8504413776811265,0.22985860575946965,0.23146546772990884,0.9614200987831332,-0.11097872110200668
6471040100,6.128322833893802,0.8505970157281216,0.2301160058018131,0.25740004234346614,0.9617334671861677,-0.11113645145804607
6472040100,6.129296473835541,0.850796964027603,0.23035370967922986,0.23770387741675614,0.9620468735849705,-0.11124990955736758
6473040100,6.130270059531783,0.8510223499301809,0.2306554935708474,0.30178389161754615,0.9623603160521164,-0.11133796612193547
6474040100,6.13124357627982,0.8513040970247101,0.23093536735872866,0.2798737878812694,0.9626737960077989,-0.1113696989830888
6475040100,6.132217029006186,0.8515398534792795,0.23120271727743624,0.26734991870754343,0.9629873087102396,-0.11144745523096011
6476040100,6.1331904205045324,0.8517699767462951,0.23144196650476306,0.23924922732681697,0.963300855737451,-0.11153087899115588
6477040100,6.134163757151443,0.8519305323319247,0.23170438379560035,0.26241729083729304,0.9636144379813665,-0.11168390564944175
6478040100,6.135137033571226,0.8521167886873733,0.23196980220652053,0.26541841092013585,0.9639280574891274,-0.11181126880175407
6479040100,6.136110249006922,0.8524019599110044,0.23227032921790053,0.30052701138001203,0.9642417125215914,-0.11183975261058698
6480040100,6.13708339530901,0.8525861862533072,0.23255827840407672,0.28794918617618626,0.9645554028272763,-0.11196921657396908
6481040100,6.138056475288458,0.852785682064861,0.23279684483093616,0.23856642685939455,0.9648691257710951,-0.11208344370623402
6482040100,6.1390295002583635,0.8530496325091486,0.23308615901072974,0.28931417979360874,0.9651828822504989,-0.1121332497413503
6483040100,6.140002458442818,0.8532346515801698,0.23336808374502596,0.2819247342962352,0.9654966759056833,-0.11226202432551358
6484040100,6.140975351469259,0.8534897329662855,0.23361789943726752,0.24981569224154976,0.9658105029314115,-0.11232076996512597
6485040100,6.141948186694061,0.8537616352290793,0.23390745511732347,0.28955568005595,0.9661243638441555,-0.11236272861507612
6486040100,6.142920954846333,0.8540018828565417,0.23416211414239332,0.2546590250698648,0.9664382610094364,-0.11243637815289476
6487040100,6.143893663942109,0.8542886566081715,0.2344084648451976,0.2463507028042793,0.9667521914280286,-0.11246353481985705
6488040100,6.1448663158480965,0.8545020671809341,0.23467080685790545,0.2623420127078977,0.9670661576788966,-0.11256409049796245
6489040100,6.145838906787047,0.8547690082319455,0.23490995810966595,0.23915125176050234,0.9673801603574432,-0.11261115212549777
6490040100,6.146811442090059,0.8550019822749474,0.23518601034891098,0.2760522392450475,0.9676941982369733,-0.11269221596202594
6491040100,6.147783913103363,0.8552940006064635,0.23543540914318042,0.24939879426944467,0.9680082730316748,-0.11271427242521126
6492040100,6.148756325970549,0.8554395486467028,0.23570197210054364,0.2665629573632231,0.9683223819394335,-0.11288283329273074
6493040100,6.149728676623005,0.8556736442138447,0.23593907415133084,0.2371020507872319,0.9686365269369865,-0.11296288272314181
6494040100,6.15070097187873,0.8558951498305497,0.23624976658656827,0.31069243523744206,0.968950706702465,-0.11305555687191526
6495040100,6.151673194461262,0.8561174628266387,0.23651636281071378,0.26659622414548756,0.96926492343162,-0.11314746060498126
6496040100,6.152645354610208,0.8562781849785357,0.23678945791414094,0.27309510342714893,0.9695791715331019,-0.11330098655456622
6497040100,6.153617450731967,0.8565047633918063,0.23706234888425035,0.2728909701094062,0.969893454307897,-0.11338869091609072
6498040100,6.15458948280198,0.8566409976953164,0.2373663597343581,0.3040108501077543,0.9702077712328396,-0.1135667735375232
6499040100,6.155561443430689,0.856935963870795,0.23763763500587623,0.2712752715181155,0.9705221222918645,-0.11358615842106956
6500040100,6.156533340234978,0.8571325881325476,0.23795445563282672,0.3168206269504523,0.9708365050864742,-0.11370391695392668
6501040100,6.157505162408598,0.8573794136791754,0.23819196502482365,0.2375093919969511,0.9711509220716366,-0.1137715083924612
6502040100,6.158476928570232,0.8575925562372836,0.23847889805440672,0.28693302958304123,0.9714653697424325,-0.11387281350514888
6503040100,6.159448626991155,0.8577838936762994,0.2387408810286173,0.26198297421056904,0.9717798541148852,-0.11399596043858584
6504040100,6.160420263491845,0.8581415184948598,0.23901992653154472,0.2790455029274599,0.9720943713855696,-0.11395285289070989
6505040100,6.16139183396619,0.8583714271124463,0.23931013740279758,0.2902108712528664,0.9724089234301907,-0.1140374963177444
6506040100,6.162363335692046,0.858650438634968,0.23951713582569858,0.20699842290099468,0.9727235089113506,-0.11407307027638258
6507040100,6.163334788331738,0.8589094469987784,0.23978817842108305,0.27104259538450126,0.9730381269389632,-0.11412867994018483
6508040100,6.164306176635344,0.8590739593279115,0.24003475705023644,0.24657862915340223,0.9733527838733558,-0.11427882454544425
6509040100,6.165277506347768,0.8593603852296892,0.2402914680092767,0.2567109590402885,0.9736674747681491,-0.11430708953845992
6510040100,6.1662487749986505,0.8596060567381187,0.24059574432298725,0.3042763137105404,0.9739822014767832,-0.11437614473866442
6511040100,6.167219971191152,0.8598742390372839,0.24083913835890966,0.24339403592241382,0.97429696319141,-0.11442272415412613
6512040100,6.16819110935865,0.8602036686980032,0.24110306527491487,0.2639269160052202,0.9746117562100451,-0.1144080875120419
6513040100,6.169162184541103,0.8604306535655966,0.2413558456689954,0.25278039408051556,0.974926585202649,-0.1144959316370524
6514040100,6.170133199335164,0.8607312017051312,0.24157799116794693,0.22214549895152214,0.975241448553728,-0.11451024684859679
6515040100,6.171104161008184,0.860966169725743,0.24185155199966604,0.2735608317191036,0.9755563470975055,-0.11459017737176247
6516040100,6.172075057199523,0.8611578830816061,0.24208837749257223,0.23682549290620525,0.9758712831838885,-0.11471340010228237
6517040100,6.173045896643764,0.8613580378828241,0.2423581717523741,0.269794259801867,0.9761862527963245,-0.11482821491350048
6518040100,6.174016671374725,0.8615364529980208,0.24264985662009,0.2916848677159096,0.9765012587607949,-0.11496480576277401
6519040100,6.174987376062196,0.8616670136189168,0.24293756864347213,0.2877120233821331,0.9768162984849731,-0.11514928486605625
6520040100,6.175958011579286,0.8619399517925561,0.24323644063893676,0.2988719954646297,0.9771313702303956,-0.11519141843783953
6521040100,6.1769285751578815,0.8621923461373805,0.24355962491442298,0.32318427548623463,0.9774464742713995,-0.11525412813401903
6522040100,6.177899060848458,0.8624326315416289,0.24381172089306297,0.25209597863999056,0.9777616097001349,-0.11532897815850607
6523040100,6.178869485713055,0.8627835280030507,0.24407422996214398,0.2625090690810199,0.9780767745748769,-0.11529324657182616
6524040100,6.179839847173645,0.8630283469038974,0.24434295798345726,0.26872802131327633,0.9783919744275025,-0.11536362752360507
6525040100,6.180810143658897,0.8632443154495479,0.24455632657190807,0.21336858845079876,0.9787072084128603,-0.11546289296331236
6526040100,6.181780388504179,0.8634860320132774,0.2448228918371816,0.2665652652734811,0.9790224760123536,-0.11553644399907614
6527040100,6.182750568772641,0.8636632513330361,0.24510409768522862,0.28120584804699167,0.9793377815517381,-0.115674530218702
6528040100,6.183720680842805,0.8639566396615039,0.24537259567213304,0.2684979869044286,0.9796531208197585,-0.1156964811582546
6529040100,6.184690727725003,0.8641702230022403,0.24567363538523734,0.3010397131043143,0.9799684926308032,-0.11579826962856288
6530040100,6.1856607014353475,0.8644932847606855,0.2459166508324644,0.24301544722703383,0.9802838979549335,-0.115790613194248
6531040100,6.186630616013316,0.864719807936374,0.24619978917406674,0.2831383416023483,0.9805993341872536,-0.1158795262508796
6532040100,6.187600461623653,0.8648770133530084,0.24642818850985732,0.2283993357905867,0.9809148058849395,-0.11603779253193114
6533040100,6.188570251543182,0.8650745987886024,0.24670505276675314,0.2768642568958146,0.9812303098408925,-0.11615571105229017
6534040100,6.189539973886829,0.8653637811879188,0.24701690862938827,0.31185586263511933,0.9815458503664196,-0.11618206917850082
6535040100,6.190509620024969,0.8656366824913199,0.24730882867751042,0.29192004812216643,0.9818614235867713,-0.11622474109545144
6536040100,6.191479194743691,0.8658669969924166,0.24755501937282576,0.24619069531534632,0.982177026684198,-0.11631002969178139
6537040100,6.1924487091666425,0.8661668531162967,0.24780945095822435,0.2544315853985848,0.9824926612067273,-0.11632580809043058
6538040100,6.193418161213761,0.8664027900034786,0.2480853622973692,0.27591133914485466,0.9828083307671243,-0.11640554076364562
6539040100,6.194387545548193,0.8666322660233762,0.2483265519709293,0.24118967356010979,0.9831240346804719,-0.11649176865709576
6540040100,6.195356870630694,0.8668635069798154,0.24859987797336616,0.2733260024368589,0.9834397712005369,-0.11657626422072154
6541040100,6.196326128498325,0.8670859387328366,0.24887662323380422,0.27674526043805536,0.9837555430750449,-0.1166696043422083
6542040100,6.197295318236465,0.8672928717208456,0.249152672765029,0.2760495312248108,0.984071347701974,-0.11677847598112845
6543040100,6.198264439942442,0.8676588324242203,0.24943333001992127,0.2806572548922659,0.9843871847746009,-0.1167283523503806
6544040100,6.199233492404975,0.8678620537134281,0.2497219706883377,0.2886406684164273,0.9847030543158475,-0.11684100060241942
6545040100,6.200202473574788,0.8681199707547012,0.24993101355105693,0.2090428627192229,0.9850189559220333,-0.1168989851673321
6546040100,6.201171403061714,0.868288132174557,0.25022166751396313,0.29065396290619816,0.985334888915947,-0.11704675674138998
6547040100,6.2021402606182,0.8685148986533959,0.25048510532660595,0.2634378126428194,0.9856508596836377,-0.11713596103024182
6548040100,6.203109052908931,0.8687729799977778,0.25079373545554157,0.3086301289355968,0.9859668616145818,-0.117193881616804
6549040100,6.204077768652152,0.8689443191896967,0.2510732571075165,0.2795216519749477,0.9862828968736572,-0.1173385776839605
6550040100,6.20504641498782,0.8691884801697873,0.251337253898615,0.26399679109853014,0.9865989617712998,-0.11741048160151246
6551040100,6.206014995701393,0.8694851987044613,0.25164492603664,0.30767213802503535,0.9869150586274706,-0.11742985992300936
6552040100,6.2069834998512405,0.869714978496073,0.2519163471315955,0.2714210949554823,0.9872311886687726,-0.11751621017269953
6553040100,6.207951936382264,0.8699582774198469,0.2521615448648381,0.24519773324261585,0.9875473483147239,-0.11758907089487702
6554040100,6.2089203117661205,0.870303335677825,0.2524403995316452,0.27885466680708615,0.9878635404758427,-0.11756020479801765
6555040100,6.209888617538723,0.8705896899137142,0.25271265667642967,0.2722571447844615,0.9881797672569483,-0.11759007734323412
6556040100,6.210856855274383,0.8708129215278444,0.25293399380115167,0.22133712472200018,0.9884960258857198,-0.11768310435787543
6557040100,6.2118250376451005,0.8711329686024119,0.2531847586695368,0.2507648683851649,0.9888123168674383,-0.11767934826502646
6558040100,6.212793157232555,0.8714101935671907,0.25346728714401023,0.2825284744733376,0.9891286443339098,-0.11771845076671905
6559040100,6.213761206011252,0.8717122108705347,0.25370141869142526,0.23413154741500808,0.9894450058541331,-0.11773279498359834
6560040100,6.21472919605213,0.8719805316392826,0.25395705659372136,0.2556379022960886,0.9897613987969756,-0.11778086715769298
6561040100,6.215697121899178,0.8722722520131986,0.25420034278932346,0.24328619560211417,0.9900778270994159,-0.11780557508621736
6562040100,6.216664986595318,0.8725829292594558,0.25446059114709,0.26024835776654376,0.9903942889702648,-0.11781135971080903
6563040100,6.21763278581363,0.8728078279996436,0.2547092059694706,0.24861482238057175,0.99071078539653,-0.11790295739688639
6564040100,6.218600522419863,0.8729274555575207,0.25494837127174874,0.23916530227813393,0.9910273149552999,-0.11809985939777923
6565040100,6.219568198737372,0.87315401448149,0.2552306256549511,0.28225438320236274,0.9913438785757549,-0.11818986409426491
6566040100,6.220535803833065,0.8734547528528813,0.2555659265322765,0.3353008773254025,0.9916604770102353,-0.11820572415735398
6567040100,6.221503324221434,0.873612083210426,0.25584795921258957,0.2820326803130504,0.9919771066733247,-0.11836502346289868
6568040100,6.222470773275438,0.8739207574229813,0.25609294956607953,0.24499035348993692,0.9922937631417064,-0.11837300571872511
6569040100,6.223438160301716,0.8742450572170338,0.2564099759813606,0.3170264152810158,0.9926104507817008,-0.11836539356466702
6570040100,6.224405466975682,0.8744298728583159,0.2566513620817977,0.24138610043707898,0.9929271726312265,-0.11849729977291068
6571040100,6.22537271240365,0.8747147310122615,0.2568849373403626,0.23357525856494443,0.9932439226815113,-0.1185291916692498
6572040100,6.226339898513783,0.8749929345890788,0.25718853264451036,0.30359530414775127,0.993560707179789,-0.11856777259071016
6573040100,6.227307007445205,0.8752580968524928,0.2574421877690114,0.2536551245010663,0.9938775267500866,-0.11861942989759378
6574040100,6.228274051825148,0.8755501047745612,0.2576992649500735,0.25707718106217436,0.9941943755329383,-0.11864427075837713
6575040100,6.229241030719262,0.8757854565124755,0.2579629807671533,0.263715817079774,0.9945112576560788,-0.11872580114360332
6576040100,6.230207942370071,0.8760159846549845,0.2582133401734524,0.25035940629909104,0.9948281728050752,-0.11881218815009065
6577040100,6.231174790121023,0.876280060685786,0.25849220731157857,0.27886713812620356,0.9951451203954491,-0.1188650597096631
6578040100,6.232141566624673,0.8765464027690687,0.25877367530699197,0.2814679954133872,0.9954621015148,-0.11891569874573127
6579040100,6.233108271140294,0.8767642895010462,0.25903849193292466,0.26481662593271893,0.9957791137455736,-0.11901482424452736
6580040100,6.234074907856702,0.877024674363598,0.2593022924286231,0.2638004956984792,0.9960961568354989,-0.11907148247190091
6581040100,6.235041476966653,0.8773011825038702,0.2595905343422659,0.28824191364279117,0.9964132321492691,-0.1191120496453989
6582040100,6.236007972129428,0.877556426995248,0.2598576566834465,0.267122341180581,0.9967303397413865,-0.11917391274613842
6583040100,6.236974398691471,0.8778144285323152,0.26011681472384407,0.25915804039757817,0.9970474775223899,-0.1192330489900747
6584040100,6.237940758632218,0.8780511100457714,0.26038674346971113,0.26992874586707405,0.9973646472372906,-0.11931353719151916
6585040100,6.238907049113859,0.87827616231157,0.26065542799603786,0.26868452632674056,0.9976818495270194,-0.11940568721544942
6586040100,6.239873270386641,0.8784287135101073,0.26093494986313664,0.2795218670988111,0.9979990834513082,-0.11957036994120085
6587040100,6.240839419585008,0.87875091527624,0.2612204865346612,0.28553667152453643,0.9983163490833178,-0.11956543380707774
6588040100,6.241805495080107,0.8790663235037451,0.2615426190225438,0.32213248788258286,0.9986336454729177,-0.11956732196917252
6589040100,6.242771487331203,0.8792926402101543,0.26177993179467063,0.23731277212692525,0.9989509720755727,-0.11965833186541841
6590040100,6.243737418192894,0.8795382092086335,0.26202066027938925,0.24072848471863328,0.999268325746911,-0.11973011653827759
6591040100,6.244703286726005,0.8797856040050994,0.26230613013292736,0.28546985353810395,0.9995857136572432,-0.11980010965214383
6592040100,6.2456690812737135,0.8800489898171283,0.2625821345977511,0.27600446482373897,0.9999031354902463,-0.11985414567311803
6593040100,6.246634804214336,0.8802503584592802,0.26285738317898993,0.2752485812388612,1.0002205874062433,-0.11997022894696308
6594040100,6.247600455670716,0.880492097024097,0.2631247594261522,0.2673762471622678,1.0005380701774058,-0.12004597315330878
6595040100,6.248566037617309,0.8807271081983314,0.26342339191409375,0.2986324879415414,1.0008555838347526,-0.12012847563642115
6596040100,6.249531541846827,0.8810118427087471,0.2637020064339801,0.27861451988630304,1.0011731290183192,-0.12016128630957212
6597040100,6.25049697349117,0.8812859160137632,0.2639841654802862,0.2821590463060879,1.0014907030193143,-0.12020478700555115
6598040100,6.251462331550533,0.8815319291750856,0.26424154294619706,0.257377465910843,1.001808307515745,-0.1202763783406593
6599040100,6.252427622420739,0.8817201197261929,0.2645043533249083,0.2628103787112317,1.0021259421690871,-0.12040582244289422
6600040100,6.253392844617528,0.8819340003548544,0.2647813520969062,0.276998771997893,1.0024436090746107,-0.12050960871975636
6601040100,6.254357994361252,0.8821565637829569,0.26508753725281115,0.3061851559049813,1.0027613077351063,-0.12060474395214937
6602040100,6.255323063931618,0.8824439225347718,0.26538110088348865,0.29356363067756597,1.0030790368973364,-0.12063511436256458
6603040100,6.256288056548565,0.8827258181583145,0.26567052869678115,0.28942781329250344,1.0033967940095891,-0.12067097585127462
6604040100,6.257252973214822,0.8830329133108294,0.26592763361994975,0.2571049231686069,1.0037145801215175,-0.12068166681068804
6605040100,6.258217822344663,0.8832770059851134,0.2661875563880689,0.25992276811920223,1.0040323955531498,-0.12075538956803644
6606040100,6.259182603133063,0.8835955065304688,0.26643491549211223,0.2473591040433485,1.0043502430665043,-0.12075473653603552
6607040100,6.2601473188228525,0.8839040239681382,0.2667139393858103,0.279023893698068,1.0046681223876384,-0.1207640984195002
6608040100,6.261111961009822,0.8841352226816105,0.2669557740054139,0.24183461960364028,1.0049860345764685,-0.12085081189485802
6609040100,6.262076539429927,0.884395182569445,0.267202635402211,0.24686139679705876,1.005303976854492,-0.12090879428504697
6610040100,6.263041052699527,0.8846421513674992,0.26748834469283234,0.28570929062135497,1.0056219524217838,-0.12097980105428452
6611040100,6.2640054904926865,0.8850408646996683,0.26775980607226557,0.2714613794332672,1.0059399608140538,-0.12089909611438554
6612040100,6.264969856500372,0.8853193790219829,0.2680379214882666,0.2781154160010282,1.0062579986176132,-0.12093861959563035
6613040100,6.265934148889284,0.8855595119204318,0.2682400179917977,0.20209650353110242,1.0065760670398944,-0.12101655511946263
6614040100,6.26689838773528,0.885766798266061,0.2685023084178168,0.262290426019117,1.0068941654666936,-0.12112736720063266
6615040100,6.267862557032016,0.8861038512283633,0.26878396048908454,0.28165207126765646,1.0072123005125704,-0.12110844928420705
6616040100,6.268826651571679,0.8863051819461449,0.26908227584370137,0.29831535461680825,1.0075304668888272,-0.12122528494268225
6617040100,6.269790666848041,0.8866010934855838,0.2693156857819996,0.23340993829815715,1.0078486628674774,-0.12124756938189363
6618040100,6.270754620046847,0.8868977964836707,0.2696172053742766,0.301519592276978,1.0081668869509812,-0.12126909046731049
6619040100,6.2717184929759595,0.8871772973999941,0.26987149323323983,0.2542878589632591,1.008485144803192,-0.12130784740319789
6620040100,6.272682298141162,0.8873961883391553,0.27012544535694083,0.25395212370094566,1.0088034304085163,-0.12140724206936093
6621040100,6.273646035569724,0.887605888289763,0.2703880899674584,0.26264461051753507,1.009121747886791,-0.12151585959702815
6622040100,6.2746097028777195,0.8879266232575243,0.27068125435611046,0.2931643886520441,1.0094400972383042,-0.12151347398077994
6623040100,6.2755732918385,0.8881432813233493,0.2709792474744603,0.29799311834982833,1.0097584776666757,-0.1216151963433264
6624040100,6.2765368010767295,0.888450729992728,0.2712217339135837,0.2424864391234065,1.0100768864441356,-0.12162615645140762
6625040100,6.2775002453790565,0.888746324898914,0.27151647647964267,0.2947425660590095,1.0103953231056053,-0.12164899820669128
6626040100,6.278463610675435,0.8890117224880911,0.27176585966191397,0.249383182271246,1.0107137925285379,-0.12170207004044675
6627040100,6.279426909059117,0.8892394941093122,0.27202123185554644,0.25537219363251795,1.011032290052615,-0.12179279594330272
6628040100,6.280390138861089,0.889454463897374,0.2722918229581255,0.2705911025790435,1.01135081966639,-0.12189635576901603
6629040100,6.281353295925681,0.8896675351220068,0.27258142460551665,0.2896016473911458,1.0116693808092663,-0.12200184568725947
6630040100,6.282316375064553,0.8899862417595348,0.2728776501167476,0.2962255112309915,1.0119879720976677,-0.12200173033813289
6631040100,6.2832793744118005,0.8903589693104129,0.2731750510225832,0.2974009058356353,1.012306591805423,-0.12194762249501012
6632040100,6.28424229356581,0.8906154565535633,0.2734196482577887,0.24459723520547527,1.0126252393046364,-0.1220097827510731
6633040100,6.2852051467011005,0.8908609734554169,0.27363714077194473,0.21749251415607707,1.0129439144516468,-0.12208294099622985
6634040100,6.286167941085066,0.8911426893083775,0.27391289163967086,0.2757508677261282,1.0132626219278542,-0.12211993261947673
6635040100,6.287130660914882,0.8913330499183123,0.27419429022379266,0.2813985841217961,1.0135813641309817,-0.12224831421266935
6636040100,6.288093304588121,0.8916581174796537,0.27445768074852134,0.2633905247286539,1.0139001358208368,-0.12224201834118309
6637040100,6.289055876909344,0.8918768380960247,0.27476702046028656,0.30933971176522057,1.0142189364568388,-0.12234209836081411
6638040100,6.290018365345731,0.892141891817428,0.2750090086355712,0.24198817528464578,1.0145377676204035,-0.1223958758029755
6639040100,6.290980788097053,0.8923672191886639,0.27530438576821686,0.29537713264561827,1.0148566251499318,-0.1224894059612679
6640040100,6.291943130595074,0.8926728415402405,0.2755767171389444,0.2723313707275228,1.0151755150648327,-0.12250267352459221
6641040100,6.2929053990268855,0.8929874321508665,0.2758691150025292,0.2923978635848343,1.0154944325284703,-0.12250700037760376
6642040100,6.293867587855537,0.8933568533280047,0.2761214057405361,0.2522907380069297,1.0158133795809334,-0.12245652625292869
6643040100,6.294829707933786,0.8936322640562924,0.27636923585631484,0.2478301157787144,1.0161323543767438,-0.1225000903204514
6644040100,6.295791760417547,0.8939973323003486,0.27658956366774845,0.2203278114335303,1.0164513605039005,-0.12245402820355189
6645040100,6.296753752758327,0.894260947349929,0.2768569995600782,0.26743589232977216,1.0167703983368916,-0.12250945098696264
6646040100,6.297715672034267,0.8944971255498391,0.2770795304866187,0.22253092654053552,1.0170894703387496,-0.12259234478891057
6647040100,6.29867753046119,0.8947272583443913,0.27735291600873513,0.27338552211644096,1.0174085722150679,-0.1226813138706766
6648040100,6.299639314068179,0.8950125316586935,0.2776402007402697,0.2872847315345397,1.0177277080096836,-0.12271517635099005
6649040100,6.300601018973849,0.8952719524107824,0.27793070313963203,0.290502399362353,1.018046873078454,-0.1227749206676716
6650040100,6.3015626442160135,0.8955119522429944,0.2781937176997056,0.2630145600735745,1.0183660661231357,-0.12285411388014134
6651040100,6.302524197262573,0.8958408342946104,0.27846979207342676,0.2760743737211606,1.0186852868137386,-0.12284445251912823
6652040100,6.30348567445715,0.8960845062073345,0.27875574917176366,0.2859570983369131,1.019004537619221,-0.12292003141188645
6653040100,6.304447073007183,0.8964214558772586,0.27899726095534605,0.24151178358240943,1.019323817315847,-0.12290236143858835
6654040100,6.305408405074883,0.8966792835508535,0.2792815434695141,0.28428251416798545,1.019643124965981,-0.1229638414151275
6655040100,6.306369658814658,0.8969837433206448,0.2795191657977965,0.23762232828236773,1.0199624645995229,-0.1229787212788781
6656040100,6.307330847023112,0.8972455180774165,0.2797964881398674,0.277322342070879,1.0202818322720617,-0.12303631419464522
6657040100,6.3082919586831725,0.8974923898321705,0.280050538269144,0.254050129276582,1.0206012322257507,-0.12310884239358022
6658040100,6.30925300015372,0.8978120160432456,0.28032606229589935,0.27552402675532917,1.020920660790388,-0.12310864474714245
6659040100,6.310213965431787,0.8980588734102827,0.2806091972427574,0.2831349468580715,1.0212401200697165,-0.12318124665943386
6660040100,6.311174852336675,0.8983308399154318,0.28085596998493706,0.2467727421796735,1.0215596080586842,-0.12322876814325234
6661040100,6.312135670870799,0.8985916129073012,0.28113928676519917,0.2833167802620655,1.021879124021968,-0.12328751111466685
6662040100,6.313096410837133,0.8989248900117873,0.2814101580624796,0.2708712972804108,1.022198671275948,-0.12327378126416078
6663040100,6.314057075614876,0.8992698866808154,0.28168675931027226,0.2766012477926745,1.0225182464196436,-0.1232483597388282
6664040100,6.315017663540768,0.8995370295082541,0.28192709504269264,0.24033573242038941,1.0228378505668623,-0.12330082105860818
6665040100,6.315978184631275,0.899799290226549,0.28216153470956,0.23443966686737272,1.0231574831541543,-0.1233581929276053
6666040100,6.316938640472588,0.9001368401683527,0.28243502049677854,0.27348578721849615,1.0234771475050835,-0.12334030733673074
6667040100,6.3178990201306915,0.9004497332926729,0.2827110780276527,0.2760575308741582,1.0237968441391239,-0.123347110846451
6668040100,6.318859322816344,0.9007042044013028,0.2829494713817126,0.23839335405990658,1.0241165694075889,-0.12341236500628605
6669040100,6.319819558972469,0.9009620947661744,0.2832002211260149,0.2507497443022695,1.0244363230375413,-0.12347422827136689
6670040100,6.320779725091825,0.9012157543567537,0.28348032662394856,0.28010549793369166,1.0247561084968133,-0.1235403541400596
6671040100,6.321739812903687,0.9015245539049604,0.2837588621986101,0.2785355746615108,1.025075924608604,-0.12355137070364364
6672040100,6.322699822772253,0.9017685980749282,0.2840396607997195,0.2807986011094241,1.0253957686082842,-0.12362717053335603
6673040100,6.323659753988866,0.9020216314591771,0.28429292545486284,0.2532646551433346,1.025715640606741,-0.12369400914756379
6674040100,6.32461961420089,0.9023019239767903,0.284578733454171,0.2858079993081395,1.0260355403573733,-0.123733616380583
6675040100,6.325579394210619,0.9025621181864678,0.2848601944551591,0.28146100098810356,1.026355470398805,-0.12379335221233712
6676040100,6.3265390951612686,0.9029045442698781,0.2851281203099123,0.2679258547532364,1.0266754276553307,-0.12377088338545261
6677040100,6.32749872078407,0.9032095462949395,0.28540622845227426,0.27810814236187253,1.0269954124973637,-0.12378586620242416
6678040100,6.328458268143392,0.9034569619558755,0.2856431895680406,0.23696111576632561,1.0273154261586903,-0.12385846420281477
6679040100,6.32941774876002,0.9038077779639412,0.28589890714590066,0.255717577860082,1.027635467650125,-0.12382768968618374
6680040100,6.330377157290549,0.9041118095079645,0.28618357707253844,0.28466992663780233,1.0279555408047365,-0.12384373129677195
6681040100,6.331336485499598,0.9044190512406783,0.286416501171493,0.2329240989545618,1.0282756438310514,-0.12385659259037307
6682040100,6.332295747929761,0.9046396677871998,0.28667286458128494,0.25636340979194694,1.0285957739712472,-0.1239561061840474
6683040100,6.333254937901501,0.904923195775526,0.2869276622304871,0.2547976492021562,1.028915936068632,-0.12399274029310592
6684040100,6.3342140557949,0.9051513633832543,0.2872259875424815,0.29832531199447554,1.029236127884932,-0.12408476450167771
6685040100,6.335173089217519,0.9054309945118201,0.28749294532068725,0.2669577782057362,1.0295563495375717,-0.12412535502575162
6686040100,6.33613204697871,0.9057128338806051,0.2877877823154516,0.2948369947643428,1.0298765968786014,-0.12416376299799636
6687040100,6.337090921097499,0.9060428194056303,0.28805698162641713,0.2691993109655548,1.0301968728389426,-0.12415405343331232
6688040100,6.338049718774251,0.9063026845275379,0.2883251680001119,0.2681863736947312,1.0305171747423856,-0.12421449021484765
6689040100,6.33900844022751,0.9066324046089603,0.2885692748999943,0.24410689988243206,1.0308375049833671,-0.1242051003744068
6690040100,6.339967092241159,0.9069435432383707,0.2888485771004429,0.2793022004485941,1.0311578636247702,-0.12421432038639957
6691040100,6.340925664733332,0.9072071924911367,0.28909294729846485,0.24437019802197768,1.0314782529238933,-0.1242710604327566
6692040100,6.341884167588352,0.9074594632642008,0.2893466420526922,0.2536947542273904,1.0317986695014731,-0.12433920623727235
6693040100,6.342842598088485,0.9076506253852943,0.2896242086691198,0.2775666164276007,1.0321191166516392,-0.12446849126634496
6694040100,6.3438009493547005,0.9079531200548421,0.28990761616444566,0.2834074953258727,1.0324395934565658,-0.1244864734017237
6695040100,6.344759219643487,0.9082050762115971,0.29022185144250473,0.3142352780590616,1.032760097606019,-0.12455502139442187
6696040100,6.345717400056506,0.9084351785146184,0.2904804701375598,0.2586186950550431,1.0330806285061414,-0.12464544999152294
6697040100,6.3466755064299125,0.9087646044434854,0.2907645086138326,0.2840384762727941,1.0334011831688663,-0.12463657872538092
6698040100,6.347633531412473,0.90897833512318,0.2910596668029929,0.29515818916030523,1.0337217668810261,-0.12474343175784608
6699040100,6.3485914717359595,0.9092273716660629,0.2913051600195144,0.2454932165215009,1.034042377172515,-0.12481500550645197
6700040100,6.3495493415820095,0.909568775617576,0.29160872790951015,0.3035678899957295,1.0343630129383357,-0.12479423732075967
6701040100,6.350507124198425,0.9099236005397591,0.29189479880352365,0.2860708940134795,1.0346836789149378,-0.12476007837517877
6702040100,6.351464824532155,0.9102049495693784,0.292134659622663,0.23986081913929014,1.0350043694836302,-0.12479941991425181
6703040100,6.352422455814215,0.9104979984778824,0.2923677539838054,0.23309436114236437,1.0353250862892267,-0.12482708781134433
6704040100,6.35338001993976,0.9108519452377336,0.29263767814523367,0.2699241614283163,1.0356458337525432,-0.12479388851480955
6705040100,6.354337506232797,0.9111021810479261,0.29290182309318913,0.2641449479555409,1.0359666124995925,-0.12486443145166648
6706040100,6.355294916292223,0.9114461108731968,0.29313546842131194,0.23364532812279637,1.036287418944486,-0.12484130807128913
6707040100,6.3562522588647115,0.9116577263977756,0.29342112421445554,0.285655793143595,1.0366082536126946,-0.12495052721491895
6708040100,6.3572095188563695,0.9120190200496163,0.2936599009214035,0.2387767069479385,1.0369291194259027,-0.12491009937628639
6709040100,6.358166709759636,0.9123182442594209,0.29396506885177437,0.3051679303709003,1.0372500113152903,-0.12493176705586939
6710040100,6.359123812285223,0.9126011666568217,0.2941953299530792,0.23026110130478594,1.0375709337937309,-0.12496976713690922
6711040100,6.3600808480674065,0.9128938389528586,0.29445668446646583,0.26135451338665616,1.037891880383473,-0.12499804143061433
6712040100,6.361037808031976,0.9132664600244267,0.29472627799008977,0.2695935236239144,1.03821285832883,-0.12494639830440324
6713040100,6.3619946897203485,0.9135745116861121,0.29499106885350174,0.26479086341199465,1.0385338645771434,-0.12495935289103122
6714040100,6.3629514944592716,0.913821739498879,0.2952157962509798,0.22472739747810122,1.0388548982934545,-0.12503315879457544
6715040100,6.363908233838745,0.9141966577470342,0.2954728480515073,0.25705180052750065,1.0391759599125407,-0.12497930216550657
6716040100,6.364864898398336,0.9144604063513884,0.2957604733954944,0.2876253439870351,1.0394970533142391,-0.12503664696285077
6717040100,6.365821479164088,0.9147316011220474,0.2959841617634004,0.2236883679060231,1.039818175314437,-0.12508657419238967
6718040100,6.366777994708045,0.9150490510533644,0.2962635639992484,0.2794022358479844,1.0401393228902336,-0.12509027183686916
6719040100,6.367734428718244,0.9153782217884247,0.2965393558453535,0.2757918461050828,1.0404605022669031,-0.12508228047847847
6720040100,6.368690782175027,0.9156413112044148,0.29679204347045685,0.25268762510334764,1.0407817079575672,-0.12514039675315236
6721040100,6.369647061762831,0.9160832327278186,0.297038867920597,0.24682445014020904,1.041102940280549,-0.1250197075527304
6722040100,6.370603269136705,0.9163286989021558,0.2973188626322451,0.27999471164805634,1.041424201470825,-0.1250955025686692
6723040100,6.3715593945214355,0.9167084694745536,0.2975092144031673,0.19035177092219735,1.0417454920748384,-0.1250370226002847
6724040100,6.372515464123816,0.9169749722409802,0.2977979602043507,0.28874580118337456,1.0420668087978129,-0.12509183655683265
6725040100,6.3734714490434685,0.9173196266541399,0.29801944995828555,0.22148975393488457,1.0423881604379588,-0.12506853378381888
6726040100,6.374427368951078,0.9176079136041638,0.29829770077153916,0.2782508132536148,1.0427095372722697,-0.12510162366810584
6727040100,6.375383207119583,0.917924256272243,0.29853684180335105,0.2391410318118643,1.0430309459036309,-0.12510668963138782
6728040100,6.37633897497876,0.9182436750081463,0.2988042487086186,0.2674069052675787,1.0433523806982805,-0.12510870569013421
6729040100,6.37729466415349,0.9186500927304513,0.2990576510207559,0.2534023121372775,1.043673845489817,-0.12502375275936561
6730040100,6.378250278701559,0.9189956260102558,0.2993095343895358,0.25188336877991246,1.043995337451527,-0.1249997114412712
6731040100,6.379205819009483,0.9192623664530227,0.29951776199868047,0.2082276091446844,1.044316857938263,-0.12505449148524017
6732040100,6.380161297898594,0.9195168879266508,0.29975639806600224,0.23863606732175557,1.04463840707027,-0.12512151914361913
6733040100,6.381116706348667,0.919792740687124,0.30003455449185673,0.2781564258545022,1.0449599891533623,-0.12516724846623828
6734040100,6.382072032625672,0.9201071786140398,0.30031897099904237,0.28441650718561085,1.0452816011432695,-0.12517442252922972
6735040100,6.383027274803824,0.9204577863809241,0.30059282833467166,0.2738573356292662,1.0456032390799308,-0.12514545269900668
6736040100,6.383982435932334,0.9207515637551537,0.3008474204604762,0.2545921258045434,1.0459249023037138,-0.12517333854856016
6737040100,6.384937521648596,0.9210537551237488,0.3010838824207711,0.23646196029492095,1.0462465918302222,-0.1251928367064734
6738040100,6.385892537267463,0.9213861264863344,0.30134882855306067,0.2649461322895468,1.046568309547638,-0.12518218306130346
6739040100,6.386847474281576,0.9216410174132725,0.30160962083631876,0.2607922832580938,1.0468900572367374,-0.1252490398234649
6740040100,6.387802333857844,0.921942533619337,0.3018553168610765,0.24569602475773444,1.0472118320215742,-0.12526929840223722
6741040100,6.388757120419433,0.9222361856376735,0.3021399004192424,0.2845835581659326,1.0475336342849495,-0.125297448647276
6742040100,6.389711822337902,0.9225482846070017,0.30240122564922906,0.2613252299866544,1.047855465507606,-0.12530718090060433
6743040100,6.390666446462831,0.9229187731251546,0.3026665538111289,0.2653281618998484,1.0481773217593862,-0.12525854863423158
6744040100,6.391620991535894,0.9232537823016149,0.30292269052665965,0.25613671553077166,1.048499205338537,-0.125245423036922
6745040100,6.3925754602318445,0.9235447868701527,0.30314954892158535,0.22685839492568394,1.048821115810295,-0.12527632894014218
6746040100,6.393529861228859,0.9238550258660134,0.30339413423625156,0.24458531466618938,1.0491430540663522,-0.1252880282003388
6747040100,6.394484189181856,0.9242025562756727,0.3036607976144037,0.26666337815214725,1.0494650230244176,-0.12526246674874486
6748040100,6.395438437432296,0.9244742080251201,0.30391788258982283,0.2570849754191409,1.0497870208722127,-0.1253128128470925
6749040100,6.3963926087788066,0.9248265146087155,0.30415628523808375,0.23840264826097157,1.050109045352965,-0.12528253074424944
6750040100,6.397346708753629,0.9251026846764963,0.3044327412783918,0.2764560403080971,1.0504310974006614,-0.12532841272416517
6751040100,6.398300725896645,0.9254312539731228,0.3046688231760264,0.23608189763450338,1.050753178872803,-0.1253219248996803
6752040100,6.399254672247043,0.9257160192047156,0.3049430798665994,0.2742566905730297,1.0510752858904802,-0.12535926668576458
6753040100,6.400208536290793,0.9260488655319925,0.30519113679095944,0.2480569243600128,1.0513974225083196,-0.12534855697632707
6754040100,6.401162325828864,0.9262599143797672,0.30546118529068994,0.27004849973050726,1.0517195848280068,-0.12545967044823958
6755040100,6.402116034189203,0.9265980623510144,0.3057071847254871,0.2459994347971559,1.0520417754738212,-0.12544371312280678
6756040100,6.403069668540527,0.9268814075930001,0.30601431934669504,0.3071346212079713,1.0523639921815722,-0.1254825845885721
6757040100,6.4040232104092905,0.9272454238026739,0.30625788557460804,0.24356622791301863,1.0526862373629235,-0.1254408135602496
6758040100,6.40497667887288,0.9275610137847167,0.3065289452038307,0.27105962922268567,1.0530085047641649,-0.12544749097944818
6759040100,6.405930065578926,0.9278034776694636,0.30675959696153743,0.2306517577067062,1.0533308008216267,-0.12552732315216308
6760040100,6.406883382660166,0.9280580648542598,0.3070144895733208,0.2548926117833614,1.0536531227016752,-0.12559505784741543
6761040100,6.407836622740238,0.9283109626554203,0.30730611786103607,0.29162828771524096,1.0539754744961591,-0.1256645118407388
6762040100,6.408789774645601,0.9286428183309334,0.30759183498516374,0.28571712412765615,1.0542978537012537,-0.1256550353703203
6763040100,6.409742840084899,0.9289782314480448,0.3078785494692224,0.2867144840586844,1.0546202565269738,-0.12564202507892896
6764040100,6.410695818678093,0.9292729508508307,0.30812577792071794,0.24722845149556338,1.0549426835393199,-0.12566973268848913
6765040100,6.411648722322641,0.9295520192407253,0.30837121377251786,0.24543585179990002,1.0552651345978639,-0.12571311535713858
6766040100,6.412601551504369,0.929781177827741,0.308637063967891,0.26585019537311116,1.0555876137173783,-0.12580643588963736
6767040100,6.413554299965009,0.9301094774285454,0.3089108405216542,0.27377655376324905,1.055910121052431,-0.12580064362388566
6768040100,6.414506965227472,0.9304416639995144,0.3092097727821222,0.29893226046794297,1.0562326544744458,-0.12579099047493136
6769040100,6.4154595395656235,0.9307844313055874,0.3094591360468191,0.24936326469691128,1.056555213133798,-0.12577078182821066
6770040100,6.416412037991426,0.931096117145389,0.3097065491892793,0.24741314246019797,1.0568777944026237,-0.12578167725723477
6771040100,6.417364461040011,0.9313745828627259,0.3099486428968498,0.2420937075704257,1.057200403353292,-0.12582582049056612
6772040100,6.418316810275568,0.9317007513036557,0.310206313024699,0.25767012784915644,1.057523040157058,-0.1258222888534022
6773040100,6.4192690808876165,0.9320708084968554,0.3104806954825021,0.2743824578031424,1.057845705333989,-0.1257748968371335
6774040100,6.420221267707173,0.9323819306837694,0.3107312337585634,0.2505382760612749,1.058168397244149,-0.1257864665603795
6775040100,6.421173377953298,0.9327329547945815,0.3109597462945381,0.22851253597472487,1.0584911141250295,-0.12575815933044798
6776040100,6.422125418305729,0.93308413774602,0.3112177620084039,0.2580157138658252,1.0588138584125666,-0.12572972066654664
6777040100,6.42307737968076,0.9333867615049366,0.31145578390400236,0.23802189559845832,1.0591366323614615,-0.1257498708565249
6778040100,6.424029268142206,0.933771126245044,0.3116936843919615,0.2379004879591191,1.059459432882246,-0.12568830663720199
6779040100,6.424981083673372,0.9340622773621349,0.31195591811565004,0.2622337236885335,1.0597822620210522,-0.12571998465891732
6780040100,6.425932818752294,0.9343901574890461,0.3121771725865515,0.2212544709014279,1.0601051197626923,-0.1257149622736462
6781040100,6.426884485900336,0.9347770251355132,0.3124451115836272,0.26793899707572,1.0604280035455353,-0.12565097841002215
6782040100,6.4278360707217645,0.9351392374197052,0.3126946891037061,0.24957752007890743,1.0607509176078054,-0.1256116801881002
6783040100,6.42878757879685,0.9354507031909345,0.31291466009655217,0.21997099284604182,1.0610738570549323,-0.1256231538639978
6784040100,6.4297390191806105,0.9357770619511646,0.3131468929172901,0.23223282073792273,1.0613968237700462,-0.12561976181888157
6785040100,6.430690388049774,0.9360874496364832,0.31340453563039067,0.257642713100513,1.0617198208172454,-0.1256323711807622
6786040100,6.43164167751949,0.9364201724283048,0.31365474029160734,0.25020466121668794,1.0620428468896286,-0.1256226744613238
6787040100,6.432592889821555,0.9368066553681416,0.313912970279646,0.2582299880386245,1.0623658993000333,-0.12555924393189177
6788040100,6.433544022418368,0.9370511309784174,0.31416002654268105,0.24705626303502726,1.0626889787959293,-0.12563784781751186
6789040100,6.434495078699444,0.9374284181397434,0.3143800894675662,0.22006292488515244,1.0630120845049689,-0.12558366636522544
6790040100,6.43544606695415,0.9378368546188238,0.31467132642400114,0.2912369564349746,1.0633352175682056,-0.12549836294938177
6791040100,6.436396965110194,0.938139481779963,0.3148960629738134,0.22473654981228064,1.0636583807926527,-0.12551889901268976
6792040100,6.437347793685375,0.9383524837457036,0.3151050693988444,0.20900642503102995,1.0639815666671808,-0.12562908292147723
6793040100,6.438298557506811,0.9386950038672793,0.3153670329253133,0.2619635264688893,1.0643047821545757,-0.12560977828729636
6794040100,6.43924924010884,0.9390022651216829,0.3156740442829582,0.30701135764489473,1.0646280288871601,-0.12562576376547718
6795040100,6.4401998274417585,0.939305052872712,0.3159162736385023,0.24222935554409886,1.0649513012572953,-0.12564624838458327
6796040100,6.441150339544923,0.9395664206061637,0.3161761772686393,0.25990363013701145,1.0652745944753903,-0.1257081738692266
6797040100,6.442100770867168,0.9398647371597305,0.3164383690853776,0.2621918167383015,1.0655979153451902,-0.1257331781854597
6798040100,6.443051120632248,0.9402085261556551,0.3167214086430298,0.2830395576521878,1.0659212619680751,-0.12571273581242004
6799040100,6.444001382281952,0.9404719050161069,0.3169860367273055,0.26462808427573337,1.0662446340690366,-0.1257727290529297
6800040100,6.444951561479248,0.9408205460813027,0.31722790049565075,0.24186376834519963,1.0665680294050155,-0.12574748332371277
6801040100,6.4459016652588055,0.941098316054598,0.3175101009821921,0.2822004865413741,1.0668914498916422,-0.12579313383704416
6802040100,6.446851680972612,0.9414399243746124,0.31774963250052823,0.2395315183361142,1.0672148979128337,-0.1257749735382213
6803040100,6.447801621876925,0.9418488898399645,0.3180247046881928,0.2750721876645894,1.067538369151766,-0.1256894793118014
6804040100,6.448751476804597,0.9422110589059034,0.318267833037206,0.24312834901319413,1.0678618681111125,-0.1256508092052091
6805040100,6.449701255680167,0.9425638718813851,0.3184771257407456,0.2092927035395491,1.0681853909771633,-0.12562151909577812
6806040100,6.450650969042675,0.9428967398851218,0.31870975130494406,0.23262556419845115,1.068508941119358,-0.12561220123423622
6807040100,6.451600609539623,0.9430894604000197,0.3189470100267765,0.2372587218324611,1.0688325221187505,-0.12574306171873073
6808040100,6.452550175666828,0.9433530906359286,0.31919423808907166,0.24722806229514926,1.0691561314613374,-0.12580304082540872
6809040100,6.453499664242489,0.9437030717570877,0.3195118158450388,0.31757775596711957,1.0694797686248982,-0.12577669686781057
6810040100,6.454449053113864,0.9439868377824663,0.3197940726648427,0.2822568198039175,1.0698034325149663,-0.12581659473250006
6811040100,6.455398353289673,0.9442995357073378,0.32003311477081303,0.2390421059702963,1.070127115567903,-0.12582757986056525
6812040100,6.456347578290435,0.9446097898410516,0.32030535384016295,0.272239069349935,1.070450821523906,-0.12584103168285432
6813040100,6.457296717610158,0.9448652035402818,0.3205631604273617,0.2578065871987856,1.0707745549823606,-0.12590935144207882
6814040100,6.4582457757262866,0.9452008862110416,0.3208222296200148,0.2590691926530877,1.0710983123494167,-0.12589742613837507
6815040100,6.459194752177583,0.9455362162438432,0.32110886767154595,0.28663805153118016,1.0714220951410738,-0.12588587889723057
6816040100,6.4601436381994635,0.945871658258003,0.32135536014985466,0.24649247830873366,1.0717459031890222,-0.12587424493101917
6817040100,6.461092446394822,0.9461145989096744,0.3216020185313185,0.2466583814637513,1.0720697334909062,-0.12595513458123175
6818040100,6.462041176653572,0.9463597261827835,0.32184860882564637,0.24659029432789814,1.0723935903363682,-0.12603386415358464
6819040100,6.462989828939529,0.9466732384082821,0.32214162490539505,0.29301607974867805,1.072717473677482,-0.12604423526919994
6820040100,6.463938388497685,0.9469016999433728,0.3224337184343868,0.29209352899178787,1.0730413834915318,-0.12613968354815897
6821040100,6.464886855538934,0.9472211141009121,0.32269165351882884,0.25793508444207314,1.0733653147289317,-0.12614420062801956
6822040100,6.465835240815246,0.94761047295732,0.32299231559955455,0.30066208072573053,1.0736892674488736,-0.12607879449155357
6823040100,6.466783530702606,0.9478983095891796,0.32324752118745176,0.2552055878972066,1.0740132453118392,-0.12611493572265953
6824040100,6.467731739555412,0.9482669986596718,0.3234676362354396,0.22011504798787218,1.0743372436515841,-0.12607024499191233
6825040100,6.468679878466241,0.9485744800082853,0.3237385949575071,0.2709587220674792,1.0746612673604297,-0.1260867873521444
6826040100,6.469627931216338,0.9489092103802486,0.32396905081408534,0.23045585657821532,1.0749853202190103,-0.12607610983876172
6827040100,6.470575910630219,0.9492779600392576,0.32423015824949036,0.26110743540502246,1.0753093966737346,-0.12603143663447702
6828040100,6.471523806893029,0.9496450994496363,0.32447763166345783,0.2474734139674828,1.0756335010978013,-0.12598840164816505
6829040100,6.472471624286944,0.9499637773529754,0.3247080201281038,0.23038846464593865,1.0759576301251954,-0.12599385277221997
6830040100,6.473419368204701,0.9502636228616147,0.3249391399979626,0.23111986985881905,1.076281785209325,-0.12601816234771024
6831040100,6.4743670383624945,0.9506457103309832,0.32519451460407045,0.2553746061078783,1.0766059681844524,-0.1259602578534692
6832040100,6.47531462696076,0.9509538976848448,0.3254593680279602,0.2648534238897866,1.0769301789438686,-0.12597628125902371
6833040100,6.476262130906946,0.9512448876469516,0.3256829986102097,0.22363058224957721,1.0772544148089302,-0.12600952716197866
6834040100,6.477209563324887,0.9515773862112488,0.32594362390005793,0.2606252898482073,1.0775786747102423,-0.1260012884989935
6835040100,6.478156912322039,0.9519013268778986,0.3262129264437871,0.26930254372921714,1.0779029631287251,-0.1260016362508265
6836040100,6.479104175053391,0.9522626672830484,0.32646147252471486,0.24854608092779595,1.0782272759835152,-0.12596460870046677
6837040100,6.48005135810691,0.9526146310594337,0.3267143105169962,0.2528379922813313,1.078551612289143,-0.1259369812297093
6838040100,6.480998460046677,0.9529586178456585,0.3269483863572474,0.23407584025118466,1.0788759742900886,-0.12591735644443014
6839040100,6.481945486837863,0.9531779689288102,0.32718710815598895,0.2387217987415151,1.0792003614838563,-0.1260223925550461
6840040100,6.48289243693547,0.9534251884722555,0.3274297918470368,0.2426836910478356,1.0795247759031632,-0.12609958743090766
6841040100,6.483839309011353,0.9537392138441815,0.32773501712906306,0.305225282026266,1.0798492170087393,-0.12611000316455778
6842040100,6.484786082879495,0.9541525676065488,0.3280264759672014,0.29145883813834095,1.080173684335282,-0.12602111672873328
6843040100,6.485732762886991,0.9544195003829826,0.32828456588549204,0.25808991829063,1.0804981709535397,-0.1260786705705571
6844040100,6.486679359712747,0.9546633731541193,0.3284928235201312,0.20825763463917912,1.0808226783399952,-0.12615930518587593
6845040100,6.487625889371616,0.9549388998366838,0.3287744171810561,0.2815936609248497,1.0811472101430901,-0.12620831030640633
6846040100,6.48857232814611,0.9552712159125784,0.3290677143710131,0.29329718995704,1.0814717718434785,-0.12620055593090018
6847040100,6.489518672179123,0.9555346195037641,0.32934529762393866,0.2775832529255593,1.0817963552979855,-0.1262617357942214
6848040100,6.490464926471624,0.9558074544801081,0.3295944815920157,0.24918396807699117,1.0821209591709646,-0.12631350469085656
6849040100,6.491411100142776,0.9561003086531262,0.32987825441224683,0.2837728202311316,1.0824455851650399,-0.12634527651191363
6850040100,6.492357181930102,0.9564447742144059,0.3301574261824823,0.2791717702354779,1.0827702363971063,-0.12632546218270047
6851040100,6.493303173249051,0.9567834384853778,0.3304266645674944,0.26923838501212116,1.0830949089910433,-0.1263114705056655
6852040100,6.494249077248795,0.9570840832844698,0.33067006835337637,0.24340378588194045,1.083419603420026,-0.12633552013555627
6853040100,6.495194902248978,0.9574402075729294,0.33091635576225104,0.2462874088746949,1.0837443207527677,-0.12630411317983836
6854040100,6.496140647256652,0.9577441312841668,0.33118171250401246,0.26535674176142887,1.0840690638340824,-0.12632493254991561
6855040100,6.497086306014023,0.9581113711674829,0.33141927961296236,0.2375671089498792,1.0843938323124327,-0.1262824611449498
6856040100,6.49803188749721,0.9584133280202383,0.3316830013985753,0.26372178561295057,1.084718624027687,-0.12630529600744866
6857040100,6.498977383136297,0.9586853189954109,0.3319149918202648,0.23199042168947281,1.0850434420517523,-0.12635812305634142
6858040100,6.499922803205796,0.9589814354002449,0.33217968263398284,0.2646908137180315,1.085368283429812,-0.126386848029567
6859040100,6.500868136991591,0.9592805499987765,0.3324594737642952,0.2797911303123273,1.0856931516810455,-0.12641260168226898
6860040100,6.501813379499287,0.9595882953056922,0.33272727312005657,0.26779935576135094,1.0860180431129862,-0.126429747807294
6861040100,6.502758534571732,0.9599259250005653,0.3329936365229895,0.2663634029329678,1.0863429559970044,-0.12641703099643908
6862040100,6.503703602610518,0.9602401618412276,0.3332557296329234,0.26209310993385504,1.086667891641767,-0.1264277298005393
6863040100,6.504648584945506,0.96056948561192,0.3335028665411505,0.24713690822714995,1.0869928501734307,-0.1264233645615107
6864040100,6.505593486407874,0.960913315598562,0.33376173276331567,0.258866222165141,1.0873178320375096,-0.12640451643894768
6865040100,6.506538303097459,0.9612602460828532,0.3340130585028601,0.25132573954444437,1.0876428388842179,-0.12638259280136466
6866040100,6.507483037423023,0.9615705455017524,0.33425710597946456,0.2440474766044456,1.0879678693609023,-0.12639732385914992
6867040100,6.5084276917126775,0.9619482130500663,0.33449957122221724,0.24246524275268655,1.088292924284925,-0.1263447112348588
6868040100,6.509372266429604,0.9622789115388157,0.3347603937323454,0.2608225101281667,1.0886180044464346,-0.1263390929076189
6869040100,6.510316755487279,0.9626380131567743,0.334987439621736,0.22704588939055714,1.0889431099941653,-0.126305096837391
6870040100,6.5112611699263025,0.9629927295619465,0.3352379715481373,0.2505319264013184,1.0892682388221253,-0.12627550926017883
6871040100,6.512205501971486,0.96336145766638,0.3354742456044687,0.2362740563313943,1.0895933947201968,-0.12623193705381675
6872040100,6.513149756257588,0.9636745990769906,0.33571266668123484,0.2384210767661612,1.089918575000997,-0.12624397592400638
6873040100,6.514093932024577,0.9640552632301207,0.3359440070040874,0.23134032285255346,1.0902437812498036,-0.1261885180196829
6874040100,6.515038031553052,0.9643880067576813,0.33620317778753106,0.2591707834436492,1.0905690131944858,-0.12618100643680452
6875040100,6.515982045611437,0.964704689879941,0.33642848918323587,0.22531139570481207,1.0908942716103738,-0.12618958173043282
6876040100,6.516925985314453,0.9649758336267769,0.3366777591571049,0.2492699738690347,1.0912195533062103,-0.12624371967943349
6877040100,6.51786984269966,0.9653248502239901,0.33693508817074586,0.257329013641006,1.0915448621011556,-0.12622001187716558
6878040100,6.518813615044156,0.9656954483690497,0.3372153087517493,0.2802205810034577,1.0918701952407162,-0.1261747468716664
6879040100,6.519757294711775,0.9660094482967773,0.3374565577129564,0.24124896120710715,1.0921955517750561,-0.12618610347827885
6880040100,6.520700894532177,0.9663500207369283,0.33768693711440856,0.23037940145214963,1.0925209290595106,-0.12617090832258226
6881040100,6.521644418051643,0.9667109944428568,0.3379456487542975,0.25871163988894685,1.0928463315059709,-0.12613533706311408
6882040100,6.522587855826932,0.9670162788492174,0.3381910563789902,0.24540762469269617,1.0931717603270172,-0.12615548147779987
6883040100,6.523531212209003,0.9673046663401387,0.3384262054683175,0.23514908932726564,1.0934972122547464,-0.1261925459146077
6884040100,6.524474490546956,0.9676944920722863,0.33868925109581277,0.26304562749534544,1.0938226887788076,-0.1261281967065213
6885040100,6.525417681520343,0.9680020196540007,0.3389608316572601,0.2715805614473006,1.0941481910440736,-0.1261461713900729
6886040100,6.5263607822260115,0.9683555668190479,0.3391815773217628,0.22074566450273592,1.0944737158231526,-0.12611814900410467
6887040100,6.527303809509172,0.9686497529703944,0.3394435193127834,0.261941991020612,1.0947992621019154,-0.126149509131521
6888040100,6.528246749607845,0.9689862095595032,0.3396824062602069,0.23888694742353134,1.0951248356841283,-0.12613862612462512
6889040100,6.529189610139239,0.9691974207074184,0.33995105014106763,0.26864388086071944,1.0954504318078335,-0.1262530111004151
6890040100,6.5301323811277845,0.9696580258757278,0.34019854835286245,0.2474982117948299,1.0957760530920027,-0.12611802721627485
6891040100,6.531075069561418,0.9699756501708957,0.34050891068575856,0.3103623328961216,1.0961016960800833,-0.12612604590918763
6892040100,6.532017654389727,0.970364925015267,0.34069431693605295,0.1854062502943703,1.0964273631740902,-0.12606243815882312
6893040100,6.532960177282298,0.9707286218374668,0.3409512417614788,0.2569248254258516,1.0967530470889493,-0.1260244252514825
6894040100,6.533902614294495,0.971101159313477,0.34117222254087004,0.22098077939124083,1.0970787622112859,-0.1259776028978089
6895040100,6.5348449773913035,0.9713845982393235,0.3414059319716861,0.2337094308160721,1.097404500256701,-0.12601990201737745
6896040100,6.535787262265076,0.9715851480589868,0.341635138938275,0.22920696658892514,1.0977302653500445,-0.1261451172910577
6897040100,6.536729470372807,0.9718674816187572,0.3419089933562449,0.2738544179698852,1.0980560559921884,-0.12618857437343112
6898040100,6.537671586696259,0.9722660607064338,0.34222455558335163,0.315562227106736,1.098381872676626,-0.12611581197019206
6899040100,6.538613597169147,0.9726877036661534,0.3424993259278009,0.27477034444926995,1.0987077101986387,-0.12602000653248524
6900040100,6.539555515398089,0.9730249404417528,0.3427158384439535,0.21651251615249145,1.099033563679484,-0.1260086232377311
6901040100,6.5404973608908925,0.9733721513679234,0.342920635424543,0.20479698058949003,1.099359437811998,-0.12598728644407453
6902040100,6.541439137542692,0.9736518636288287,0.3431676230977408,0.24698767319782933,1.099685339334183,-0.12603347570535428
6903040100,6.5423808311188525,0.9739516219253366,0.34340959477168054,0.24197167393972308,1.1000112695847157,-0.12605964765937916
6904040100,6.5433224432508235,0.9743617775059966,0.34368542257840606,0.27582780672549934,1.1003372236272781,-0.12597544612128153
6905040100,6.544263962475875,0.9746702572914908,0.34395129165483723,0.2658690764311622,1.1006632020155251,-0.12599294472403433
6906040100,6.545205392080602,0.9750414479821696,0.3441618059076498,0.21051425281253278,1.1009892007692734,-0.1259477527871038
6907040100,6.546146750677047,0.9754066653438057,0.3444232032787324,0.2613973710826063,1.101315221013948,-0.12590855567014236
6908040100,6.547088021043832,0.9757544813895738,0.3446531656017938,0.22996232306147624,1.1016412691842383,-0.12588678779466456
6909040100,6.548029213738074,0.9759980892296645,0.3448860502138018,0.2328846120079484,1.1019673393047498,-0.1259692500750853
6910040100,6.54897032772201,0.97631695188029,0.34512760296700384,0.2415527532020465,1.102293435021469,-0.12597648314117904
6911040100,6.5499113600120555,0.976580545959425,0.34542143759690175,0.2938346298978929,1.1026195559644663,-0.12603901000504125
6912040100,6.5508522928523,0.9768833306380633,0.3456776719512559,0.2562343543541987,1.1029457010891512,-0.12606237045108792
6913040100,6.551793138902432,0.9772066059461033,0.34596167778429043,0.2840058330344397,1.1032718642291997,-0.12606525828309634
6914040100,6.552733888683693,0.9775674887150435,0.3462261440821777,0.26446629788732023,1.1035980497600804,-0.12603056104503685
6915040100,6.553674548751129,0.9777853426742399,0.34648038208122606,0.25423799904831057,1.1039242543829673,-0.12613891170872737
6916040100,6.55461512251242,0.9781802175452533,0.34671575653953524,0.23537445830920212,1.1042504803579796,-0.12607026281272626
6917040100,6.555555616316973,0.9784917022151666,0.3470228728228107,0.30711628327544305,1.1045767288549087,-0.12608502663974208
6918040100,6.556496005715732,0.9787962916308944,0.34724135265838785,0.21847983557714312,1.1049030020649262,-0.12610671043403177
6919040100,6.55743632078713,0.9791806149537948,0.3475015695281395,0.2602168697516605,1.10522929149354,-0.12604867653974516
6920040100,6.558376547273563,0.9795339842953042,0.34776528553430774,0.2637160061682551,1.105555607564913,-0.12602162326960864
6921040100,6.559316683918875,0.979820659748773,0.34798903189376623,0.22374635945849009,1.1058819453203341,-0.12606128557156115
6922040100,6.560256744288405,0.9801396687406451,0.3482282120227722,0.23918012900596541,1.106208304311611,-0.12606863557096604
6923040100,6.561196723068693,0.980540721044972,0.348500829080802,0.27261705802980374,1.1065346892366392,-0.1259939681916672
6924040100,6.562136608788142,0.980924419851994,0.348757307088372,0.2564780075700026,1.1068610982401168,-0.12593667838812284
6925040100,6.563076406892225,0.9813440670120384,0.34897262619233754,0.2153191039655964,1.10718752732663,-0.1258434603145917
6926040100,6.564016131393484,0.9817792457843567,0.34919651754703246,0.2238913546949326,1.1075139783750352,-0.12573473259067847
6927040100,6.564955779315452,0.9821200739664793,0.34940225931393887,0.20574176690635815,1.107840456242009,-0.12572038227552973
6928040100,6.565895356824441,0.9824718282388045,0.3496000312821819,0.19777196824303522,1.1081669598836257,-0.12569513164482116
6929040100,6.566834866610543,0.9828378758060681,0.34984496278376326,0.24493150158135668,1.1084934914329487,-0.12565561562688066
6930040100,6.567774292474023,0.9831766986875371,0.35008439474865044,0.23943196488718588,1.1088200518160285,-0.1256433531284914
6931040100,6.568713636244751,0.9835210980230704,0.35031661550857845,0.23222075992802882,1.1091466353921078,-0.12562553736903737
6932040100,6.569652900343753,0.9838961837247208,0.35056243572929274,0.24582022071427212,1.1094732427861551,-0.12557705906143435
6933040100,6.570592080050054,0.9842199613127857,0.3508054440480759,0.24300831878317464,1.1097998748291467,-0.125579913516361
6934040100,6.571531176273229,0.9845192757175507,0.35103302460095537,0.22758055287945278,1.1101265298683494,-0.12560725415079865
6935040100,6.5724701942630475,0.9849349287578754,0.3512862764636354,0.2532518626800304,1.1104532082088063,-0.12551827945093097
6936040100,6.573409125137538,0.9853038387410943,0.35155182629646387,0.2655498328284689,1.1107799116659187,-0.12547607292482443
6937040100,6.5743479646016825,0.9856750310498906,0.35175904147067383,0.20721517420995617,1.1111066371383593,-0.1254316060884687
6938040100,6.575286732690062,0.9860711487928179,0.3519895548120792,0.2305133414053755,1.111433383119362,-0.12536223432654403
6939040100,6.5762254213302045,0.9863974058128794,0.35221884835232126,0.2292935402420586,1.1117601565706998,-0.12536275075782044
6940040100,6.577164030893041,0.9867122257842043,0.35243555422208234,0.2167058697610964,1.112086954672563,-0.12537472888835866
6941040100,6.578102565674369,0.9870499597457272,0.3526872038607025,0.2516496386201601,1.1124137775435479,-0.1253638177978207
6942040100,6.57904101356038,0.9873992782409385,0.35294460841405123,0.257404553348727,1.1127406266693036,-0.12534134842836508
6943040100,6.579979372502402,0.9877702612886332,0.3531905473300148,0.24593891596356965,1.1130674978203423,-0.1252972365317091
6944040100,6.58091764640421,0.9880946570569696,0.3534306600970873,0.24011276707247187,1.1133943902711074,-0.1252997332141378
6945040100,6.581855837225604,0.9884507803236332,0.3536598630565875,0.22920295950016945,1.1137213053697188,-0.1252705250460856
6946040100,6.582793948690983,0.9889120353653493,0.35391237601835046,0.25251296176297466,1.1140482437876784,-0.1251362084223291
6947040100,6.583731972672762,0.9891832410814614,0.3541489785209266,0.23660250257611248,1.1143752068119994,-0.12519196573053804
6948040100,6.584669914628873,0.9895256812962133,0.35433275885512233,0.18378033419573958,1.1147021915987132,-0.12517651030249988
6949040100,6.585607792835543,0.9898466320140438,0.3546116862914577,0.278927436335366,1.1150292000389541,-0.12518256802491035
6950040100,6.58654557422777,0.9901980800836677,0.35485497744168765,0.24329115022997105,1.1153562384951599,-0.12515815841149214
6951040100,6.587483271115174,0.9905371894851237,0.3551090405238375,0.2540630821498788,1.115683295426848,-0.12514610594172437
6952040100,6.588420879696983,0.9909117025722073,0.355347815385556,0.23877486171849527,1.1160103751146444,-0.12509867254243712
6953040100,6.5893584052318115,0.9912366501412468,0.35559274689998516,0.24493151442921346,1.1163374762210694,-0.12510082607982254
6954040100,6.590295845522811,0.9916393951603296,0.35581989245695356,0.22714555696842065,1.1166646005690808,-0.12502520540875117
6955040100,6.59123320670979,0.9919687081392853,0.35607183674729515,0.2519442903415938,1.1169917473808013,-0.12502303924151603
6956040100,6.592170480099954,0.9923144923926913,0.356284742348055,0.21290560075981912,1.117318918787877,-0.1250044263951856
6957040100,6.593107679251012,0.9926166374007872,0.35653437198341215,0.2496296353571561,1.1176461117449996,-0.1250294743442124
6958040100,6.594044791303373,0.9929371810011471,0.35677573957397507,0.24136759056294488,1.1179733309742055,-0.12503614997305834
6959040100,6.594981819084233,0.9932773597483251,0.3570389900716769,0.2632504977018253,1.11830057197486,-0.1250232122265349
6960040100,6.595918754891117,0.9936756332219691,0.35729306555377166,0.2540754820947133,1.1186278357226271,-0.12495220250065808
6961040100,6.596855601868,0.9939860340622002,0.3575373090060149,0.24424345224320065,1.1189551195153484,-0.12496908545314822
6962040100,6.597792363395349,0.9943516263019765,0.3577523731381403,0.2150641321254223,1.1192824244388753,-0.12493079813689878
6963040100,6.598729049635396,0.9946525386002201,0.3580114179605415,0.2590448224011941,1.119609751662388,-0.1249572130621679
6964040100,6.599665645134343,0.9949612180133425,0.3582428017031305,0.23138374258903127,1.1199371047261089,-0.12497588671276638
6965040100,6.60060215952848,0.995267156849554,0.35850659121812095,0.26378951499043213,1.1202644782180933,-0.12499732136853925
6966040100,6.601538581397745,0.9956277091762457,0.35876654477796144,0.2599535598405085,1.120591875494931,-0.12496416631868523
6967040100,6.602474912023863,0.9959424932764851,0.3590279234355652,0.2613786576037864,1.1209192925524825,-0.12497679927599736
6968040100,6.603411150842833,0.9963595487021559,0.35926193896774766,0.2340155321824431,1.1212467298262645,-0.12488718112410857
6969040100,6.604347307411464,0.9967484773491684,0.3595188740276185,0.25693505987085796,1.121574187106475,-0.12482570975730667
6970040100,6.605283373615097,0.9971412054000824,0.359724504231697,0.20563020407849875,1.121901667723865,-0.12476046232378246
6971040100,6.606219367453318,0.9974319690022583,0.3599440865976351,0.21958236593809222,1.1222291688281167,-0.12479719982585846
6972040100,6.607155283972384,0.9977863637177754,0.36016164905116005,0.2175624535249574,1.122556696705864,-0.1247703329880886
6973040100,6.6080911238390385,0.9980803148436393,0.3604302806443529,0.2686315931929222,1.122884249613879,-0.12480393477023954
6974040100,6.6090268689993,0.9984381381071726,0.3606670555123939,0.23677486804109127,1.1232118277753678,-0.12477368966819513
6975040100,6.609962530628307,0.9987627964299605,0.36093413205606983,0.2670765436759208,1.1235394248591888,-0.12477662842922832
6976040100,6.610898097973046,0.9990596217854242,0.36116922153971776,0.23508948364789872,1.123867044765504,-0.12480742298007974
6977040100,6.611833582270474,0.9994586264767392,0.3614209108281525,0.2516892884347397,1.1241946837170325,-0.12473605724029324
6978040100,6.612768977599266,0.9996649464637422,0.3616865877500481,0.2656769218956301,1.1245223456369082,-0.12485739917316607
6979040100,6.613704278950704,0.9999683423509043,0.36190104380264876,0.21445605260070022,1.1248500284394893,-0.12488168608858508
6980040100,6.614639504394887,1.0002750173841157,0.36221209537438936,0.3110515717405815,1.1251777303575885,-0.12490271297347277
6981040100,6.615574619665157,1.0006582585231738,0.36247466716587134,0.2625717914818986,1.1255054577109647,-0.12484719918779086
6982040100,6.616509641862542,1.0009964193989347,0.3627356542066074,0.26098704073604484,1.1258331984788725,-0.12483677907993784
6983040100,6.617444571484902,1.0012781040206653,0.36295825390094366,0.22259969433629356,1.1261609586406607,-0.12488285461999538
6984040100,6.618379422098337,1.0016549164740733,0.36320338262244073,0.2451287214970841,1.1264887383580628,-0.1248338218839895
6985040100,6.619314185652864,1.0019969546785554,0.3634768514389513,0.2734688165105701,1.1268165423756535,-0.12481958769709811
6986040100,6.620248852017048,1.0022857765628381,0.3637026704728458,0.22581903389448854,1.127144367859568,-0.12485859129672994
6987040100,6.621183438072848,1.0025985510821063,0.36394585893892406,0.24318846607824351,1.1274722112440116,-0.12487366016190538
6988040100,6.622117937589845,1.0030014325182817,0.36421574255836686,0.2698836194427896,1.1278000784383941,-0.12479864592011247
6989040100,6.62305234100385,1.0033205533286738,0.36447369195063667,0.25794939226974956,1.1281279672457813,-0.12480741391710759
6990040100,6.623986652500917,1.003636624282519,0.36468644870569755,0.2127567550609073,1.1284558742978454,-0.12481925001532646
6991040100,6.624920888138074,1.003972811330422,0.3649411124684719,0.25466376277434266,1.1287838010506128,-0.12481098972019078
6992040100,6.625855032917482,1.004355967644867,0.36519733472146915,0.25622225299726553,1.1291117531285266,-0.12475578548365962
6993040100,6.62678908622197,1.004703993537847,0.36544349512007074,0.24616039860158345,1.1294397252555832,-0.12473573171773622
6994040100,6.6277230515860035,1.0050224587612402,0.365666070541598,0.22257542152724819,1.1297677172025935,-0.12474525844135331
6995040100,6.628656937386564,1.0053251897066333,0.36590618101594263,0.24011047434463206,1.1300957301984305,-0.12477054049179714
6996040100,6.629590737303564,1.005656974180183,0.36616110144503883,0.25492042909626766,1.1304237671738626,-0.12476679299367954
6997040100,6.630524445980808,1.0060214577474034,0.3664239516149928,0.26285016995397337,1.1307518258978106,-0.12473036815040728
6998040100,6.631458060516588,1.0063246036039797,0.3666722784436272,0.24832682863439315,1.1310799044764899,-0.12475530087251019
6999040100,6.6323915860532745,1.006749893965647,0.36690419284281484,0.2319143991876369,1.131408001877574,-0.12465810791192711
7000040100,6.633325028421015,1.00719496338198,0.367166835411616,0.262642568801128,1.1317361198956704,-0.12454115651369047
7001040100,6.634258376539477,1.0074772230163056,0.36736822169169053,0.20138628007455495,1.1320642605683204,-0.12458703755201483
7002040100,6.635191652346866,1.0077811592631554,0.36755949591422177,0.19127422253125426,1.1323924199882782,-0.12461126072512285
7003040100,6.636124859439038,1.0080972288049697,0.36783227620098174,0.2727802867599829,1.1327206058577062,-0.12462337705273652
7004040100,6.637057968475894,1.0084255724068256,0.36809427990545995,0.2620037044781953,1.1330488194320267,-0.12462324702520111
7005040100,6.63799098326588,1.0087408113968366,0.36835025510296726,0.25597519750724773,1.133377050380993,-0.12463623898415643
7006040100,6.638923905915691,1.0091300653644302,0.36860010173247076,0.24984662950349312,1.1337053000309325,-0.12457523466650233
7007040100,6.6398567385724006,1.0095132401497706,0.3688565360397032,0.25643430723245997,1.1340335691101906,-0.12452032896041998
7008040100,6.640789478802617,1.0098908846241241,0.36907585060302694,0.21931456332376964,1.1343618583617818,-0.1244709737376577
7009040100,6.64172213993673,1.0102533830195375,0.3692981050725764,0.2222544695494144,1.1346901669168332,-0.12443678389729573
7010040100,6.642654720868694,1.0107552434077716,0.36952303567751066,0.22493060493435912,1.1350184994558177,-0.12426325604804611
7011040100,6.6435872205859035,1.0111161954130388,0.3697554829821687,0.23244730465810903,1.1353468555787956,-0.12423066016575679
7012040100,6.644519636324764,1.0114989265284582,0.36991791407388264,0.16243109171394954,1.1356752349184873,-0.12417630839002913
7013040100,6.6454519933507665,1.0118215319045947,0.3701507458201058,0.23283174622317881,1.136003636490635,-0.12418210458604029
7014040100,6.646384266173765,1.0122205741799712,0.37037259046839427,0.2218446482884633,1.1363320691846788,-0.12411149500470753
7015040100,6.647316458720197,1.0126557771247295,0.3706245252019081,0.2519347335138309,1.1366605240122496,-0.12400474688752006
7016040100,6.648248560046048,1.0130171996227502,0.37083811137766975,0.21358617576168282,1.1369890023456861,-0.12397180272293595
7017040100,6.649180583990234,1.0134590020580894,0.3710334155224508,0.19530414478102642,1.137317500317046,-0.12385849825895656
7018040100,6.6501125371390675,1.0138063470104484,0.37126555386050897,0.23213833805818362,1.1376460227921896,-0.12383967578174127
7019040100,6.651044406094369,1.0141465544651533,0.3714572879218795,0.19173406137045035,1.1379745720830456,-0.1238280176178923
7020040100,6.651976205472375,1.01447349181917,0.37169622654127327,0.23893861939370487,1.138303143456028,-0.123829651636858
7021040100,6.652907918095343,1.0148088517235345,0.3719387216783937,0.24249513712044424,1.1386317420546241,-0.12382289033108962
7022040100,6.653839542617569,1.0151712170196006,0.37218786880115434,0.24914712276063522,1.1389603618107955,-0.12378914479119496
7023040100,6.654771076565267,1.0155200412704013,0.3724328017472323,0.24493294607795724,1.1392890022380442,-0.1237689609676429
7024040100,6.655702521414087,1.0159363102333943,0.37266417488326053,0.2313731360282052,1.1396176624515277,-0.12368135221813348
7025040100,6.656633882045334,1.0162395016588637,0.3729022881069642,0.23811322370365584,1.1399463429596217,-0.12370684130075804
7026040100,6.657565155953623,1.0165581246113586,0.37310651394496713,0.20422583800296534,1.1402750454730644,-0.12371692086170571
7027040100,6.658496355438978,1.0169348850456097,0.37336734057658216,0.2608266316150103,1.1406037690960993,-0.12366888405048959
7028040100,6.659427459818752,1.0172971950107788,0.3736204822008216,0.2531416242394662,1.1409325181597119,-0.12363532314893311
7029040100,6.660358471834567,1.0177012726398105,0.3738444717817306,0.22398958090896492,1.141261285350712,-0.12356001271090156
7030040100,6.6612894020734,1.018084832486529,0.374075628575326,0.23115679359541996,1.1415900716242362,-0.12350523913770717
7031040100,6.662220247869582,1.01845381375984,0.3742857604955411,0.21013192021507887,1.14191888070728,-0.12346506694743997
7032040100,6.663151016860438,1.018889134855645,0.3745060532101452,0.2202927146041107,1.1422477116471654,-0.1233585767915204
7033040100,6.664081705287969,1.0192534141280973,0.3747335658392071,0.22751262906188785,1.1425765671311368,-0.12332315300303942
7034040100,6.665012310464367,1.0195823615121755,0.37492770789784124,0.19414205863413603,1.1429054458210288,-0.1233230843088533
7035040100,6.665942844562459,1.0198577201764658,0.375157311669947,0.22960377210574245,1.1432343467561132,-0.12337662657964743
7036040100,6.666873294553915,1.020314524398122,0.375404592415938,0.24728074599099426,1.1435632742284376,-0.12324874983031564
7037040100,6.667803653908584,1.0207163009186362,0.375678787928059,0.2741955121209876,1.1438922236225046,-0.12317592270386846
7038040100,6.668733912694777,1.0210378355053817,0.3758620159127132,0.183227984654192,1.1442211926178096,-0.1231833571124279
7039040100,6.669664104238263,1.0213847438705979,0.37607262193350693,0.21060602079373814,1.1445501776893536,-0.12316543381875578
7040040100,6.67059421845302,1.021808140343684,0.3763233718602741,0.25074992676716557,1.1448791906114906,-0.12307105026780651
7041040100,6.67152424054551,1.0222464342468214,0.3765614130322163,0.2380411719421982,1.1452082278074158,-0.12296179356059445
7042040100,6.672454175130661,1.0225986275676573,0.3767610335685633,0.19962053634698895,1.1455372840323648,-0.12293865646470747
7043040100,6.673384036291825,1.022937544302126,0.3769529964290402,0.19196286047689748,1.1458663609069184,-0.12292881660479238
7044040100,6.674313826810683,1.0232965762339912,0.37718797367257756,0.23497724353738292,1.1461954634040659,-0.12289888717007469
7045040100,6.675243530811309,1.0236122148294777,0.3774295823921208,0.24160871954324437,1.1465245924990342,-0.12291237766955643
7046040100,6.676173145798478,1.0239923551447352,0.3776610870062025,0.23150461408165812,1.146853742561646,-0.12286138741691088
7047040100,6.677102675443834,1.0243561502253753,0.3779143257952295,0.2532387890270167,1.147182912696593,-0.1228267624712176
7048040100,6.678032111678243,1.024717167016675,0.3781352218201779,0.220896024948396,1.1475121041921703,-0.12279493717549528
7049040100,6.678961466383148,1.0251188376059506,0.37836423193558016,0.22901011540224658,1.147841314178521,-0.12272247657257052
7050040100,6.6798907365158815,1.0254799095899776,0.37859457682742936,0.23034489184921014,1.1481705468522492,-0.12269063726227158
7051040100,6.680819921534353,1.0259241582823206,0.3788044612881482,0.20988446071887124,1.1484998011243341,-0.1225756428420135
7052040100,6.681749028955928,1.0263230101956562,0.37903459221524594,0.2301309270976879,1.1488290767912872,-0.12250606659563101
7053040100,6.682678051248194,1.0267544871744643,0.3792229155395689,0.18832332432294008,1.1491583765061968,-0.12240388933173252
7054040100,6.6836070038398825,1.0271027541548492,0.379433810172977,0.2108946334080959,1.149487697588544,-0.12238494343369477
7055040100,6.684535878337993,1.0274551002188226,0.37962819864557473,0.1943884725977103,1.1498170454973433,-0.12236194527852073
7056040100,6.685464680818112,1.0277647165719814,0.37986416769246695,0.23596904689219977,1.1501464172473703,-0.1223817006753889
7057040100,6.686393395828104,1.0281085433615358,0.38009806316955086,0.23389547708390657,1.1504758149831922,-0.12236727162165639
7058040100,6.687322024085579,1.0284536627314922,0.38035337605770486,0.25531288815392594,1.1508052332141716,-0.12235157048267942
7059040100,6.688250557588762,1.0287598817154084,0.38059156515812265,0.23818910041780672,1.1511346721830513,-0.12237479046764288
7060040100,6.689179002638232,1.0291899035166376,0.38082908697648743,0.23752181836477337,1.1514641290387324,-0.12227422552209477
7061040100,6.690107359429338,1.0295823543157645,0.3810861144070165,0.25702743052906607,1.1517936060042082,-0.12221125168844371
7062040100,6.691035620655181,1.0299117194867993,0.38128104939411495,0.1949349870984456,1.1521231031368053,-0.12221138365000606
7063040100,6.691963809361435,1.0302629786012798,0.38149465405849214,0.21360466437720538,1.152452617830523,-0.1221896392292432
7064040100,6.692891918562119,1.0306468163145208,0.38173981061652107,0.24515655802889835,1.1527821582548476,-0.12213534194032682
7065040100,6.693819936461145,1.031070213114293,0.38197398963075024,0.2341790142291953,1.1531117219195615,-0.12204150880526843
7066040100,6.694747867094703,1.0314424837048422,0.38219178241769675,0.21779278694647974,1.1534413046244616,-0.12199882091961944
7067040100,6.695675716523358,1.0317795892077304,0.38238961755328105,0.1978351355842971,1.1537709077908396,-0.12199131858310919
7068040100,6.696603492150251,1.0321774445659797,0.38261294068936746,0.2233231360864254,1.1541005335601078,-0.12192308899412807
7069040100,6.697531184423535,1.032476753527826,0.3828538427112622,0.24090202189473953,1.1544301845520977,-0.12195343102427159
7070040100,6.698458786730156,1.0328801166538437,0.38306424600810474,0.21040329684252201,1.1547598573625422,-0.12187974070869845
7071040100,6.699386310416051,1.0332229180067436,0.3833239941400732,0.2597481319684891,1.155089549629654,-0.12186663162291045
7072040100,6.7003137369860575,1.0336268162213131,0.3835315775765719,0.20758343649874567,1.155419265374725,-0.12179244915341192
7073040100,6.701241085898779,1.0339881550935275,0.38376942746739345,0.23784989082152963,1.1557489980111981,-0.12176084291767064
7074040100,6.702168345782364,1.03444376845077,0.383976589041925,0.20716157453153272,1.1560787544454492,-0.12163498599467926
7075040100,6.703095528080955,1.03490294143176,0.3842049790216472,0.22838997972219,1.1564085306225955,-0.12150558919083543
7076040100,6.704022624798094,1.0351799231846863,0.3843859899559428,0.18101093429561788,1.156738330601545,-0.12155840741685875
7077040100,6.70494965365313,1.0355717893809995,0.3845649742332621,0.17898427731925315,1.1570681515270742,-0.12149636214607473
7078040100,6.7058766153760025,1.035896702473984,0.3848351702762483,0.27019604298622735,1.1573979996929076,-0.12150129721892355
7079040100,6.706803475699394,1.0363227608354435,0.3850478136816322,0.212643405383925,1.1577278753502434,-0.12140511451479985
7080040100,6.707730256174143,1.0366941825444282,0.3852939573095603,0.2461436279281335,1.1580577662931333,-0.12136358374870504
7081040100,6.708656944168421,1.0371547260951723,0.3854893436111909,0.19538630163060544,1.1583876801796507,-0.12123295408447832
7082040100,6.709583558712673,1.0375106881459955,0.38571197669522767,0.22263308403676074,1.1587176125015084,-0.12120692435551295
7083040100,6.710510089521113,1.0379322089334648,0.38588979685359714,0.1778201583694936,1.1590475700230982,-0.12111536108963339
7084040100,6.711436553415601,1.0382774423021872,0.38611986835273476,0.23007149913755942,1.1593775490713867,-0.12110010676919947
7085040100,6.71236293069042,1.0386699236969352,0.3863169881634202,0.19711981068538798,1.1597075556275698,-0.12103763193063455
7086040100,6.713289233712552,1.0389907619144176,0.3865522349838013,0.23524682038111866,1.1600375826624045,-0.1210468207479869
7087040100,6.714215448072899,1.0393916576422368,0.3867637431217756,0.2115081379743109,1.1603676345710205,-0.1209759769287837
7088040100,6.715141582674534,1.0396896687862736,0.38701110371265557,0.24736059088000717,1.1606977062084596,-0.12100803742218602
7089040100,6.716067623945107,1.0401510496357897,0.3872183037645979,0.20720005194235913,1.161027800736175,-0.1208767511003852
7090040100,6.7169935869938895,1.040458703327992,0.3874770217203371,0.25871795573913303,1.1613579133049967,-0.12089920997700476
7091040100,6.717919452316127,1.0408504561256267,0.38765380130732835,0.176779586991199,1.1616880492894772,-0.12083759316385057
7092040100,6.71884525082708,1.0412490942091042,0.38790750114539047,0.25369983806212204,1.1620182017236083,-0.12076910751450409
7093040100,6.7197709534053,1.0417101864299907,0.3881190364548346,0.2115353094441299,1.1623483816204327,-0.12063819519044205
7094040100,6.72069657594911,1.042087943897875,0.38832700593633074,0.20796948149614725,1.1626785785831402,-0.12059063468526521
7095040100,6.7216221197672645,1.0425747727564127,0.38850349509154747,0.17648915521674446,1.163008798270731,-0.12043402551431814
7096040100,6.72254759674506,1.0429288418898643,0.3887215679101464,0.21807281859894267,1.1633390411396043,-0.12041019924973995
7097040100,6.723472991094025,1.0434176383430074,0.3888848034520806,0.16323554193418666,1.1636693114211525,-0.1202516730781451
7098040100,6.724398323563465,1.043827801954274,0.38911438496519146,0.22958151311087605,1.1639996034713036,-0.12017180151702966
7099040100,6.725323568961145,1.0443056019170294,0.38927629669395203,0.16191172876063176,1.1643299246865944,-0.12002432276956498
7100040100,6.726248752922382,1.0447643734814838,0.38947737974142876,0.20108304747673866,1.1646602660643346,-0.11989589258285083
7101040100,6.727173860550087,1.0450328597741447,0.3896443597772158,0.16698003578701437,1.1649906367474792,-0.11995777697333443
7102040100,6.728098904761743,1.0453752688945774,0.38982061186309286,0.17625208587707508,1.1653210314077391,-0.11994576251316169
7103040100,6.7290238820080095,1.0457433481676575,0.39009214239015955,0.2715305270666919,1.16565145464957,-0.11990810648191252
7104040100,6.729948756032472,1.0462097194109499,0.3903267018223686,0.23455943220906006,1.1659819051970253,-0.1197721857860754
7105040100,6.730873540834724,1.0466602873072575,0.390548364573615,0.22166275124636625,1.1663123700859614,-0.11965208277870398
7106040100,6.731798241273672,1.0469930590648966,0.39072061669778696,0.17225212417190816,1.1666428543052625,-0.1196497952403659
7107040100,6.732722876123285,1.0473842263554207,0.39090053999327967,0.17992329549273256,1.1669733595795968,-0.11958913322417608
7108040100,6.733647442433278,1.0476827971067852,0.39113936735265664,0.23882735937699362,1.1673038926093682,-0.11962109550258293
7109040100,6.734571917718622,1.0480422776113074,0.39134888955478814,0.20952220213151662,1.167634452331491,-0.11959217472018357
7110040100,6.735496313105015,1.0484272927682095,0.3916047873506167,0.25589779582855643,1.1679650306963438,-0.11953773792813438
7111040100,6.736420610852597,1.0488694261120142,0.3918301817869521,0.22539443633540834,1.1682956316708086,-0.11942620555879446
7112040100,6.737344822549908,1.0492233044943642,0.39204271137353863,0.21252958658658105,1.1686262488983488,-0.11940294440398458
7113040100,6.738268953065437,1.049585600618642,0.392226466960979,0.18375558744037557,1.1689568865115731,-0.11937128589293122
7114040100,6.739193013356591,1.0499128079946727,0.3924543137404506,0.22784677947160192,1.1692875462409944,-0.11937473824632172
7115040100,6.740116986530068,1.050298385769582,0.39267789943426706,0.22358569381646376,1.1696182319973722,-0.11931984622779024
7116040100,6.7410408741684735,1.0507280626306135,0.392919049472446,0.24115003817894332,1.1699489377248682,-0.11922087509425472
7117040100,6.741964669500612,1.0510860609275667,0.39313091455264987,0.2118650802038773,1.1702796639782775,-0.1191936030507108
7118040100,6.742888383691707,1.0514556811511182,0.3933205424515341,0.18962789888427523,1.170610408321636,-0.11915472717051778
7119040100,6.743812025223092,1.0518285287752405,0.3935459641695248,0.22542171799072896,1.1709411747406904,-0.1191126459654499
7120040100,6.744735580336444,1.0521562754308351,0.3937655082544554,0.21954408493060162,1.1712719662623954,-0.11911569083156026
7121040100,6.74565905123991,1.0525354519923678,0.39398336707822107,0.21785882376568289,1.171602777948845,-0.11906732595647718
7122040100,6.746582438535901,1.0530584235250189,0.39422379259868456,0.24042552046346888,1.1719336105795222,-0.11887518705450328
7123040100,6.7475057335131465,1.0534428139670753,0.3944384169504312,0.21462435174660932,1.172264464358996,-0.11882165039192061
7124040100,6.748428946033709,1.0538578879912646,0.39458077015551046,0.14235320507925353,1.1725953361540746,-0.11873744816281007
7125040100,6.749352103840034,1.0542400419052205,0.3947923158763957,0.21154572088516455,1.1729262294871106,-0.11868618758189009
7126040100,6.750275180303043,1.0547216261681254,0.39498836221381073,0.19604633741501898,1.173257154292724,-0.11853552812459855
7127040100,6.751198181345659,1.055070583180119,0.3952007818844145,0.21241967060373534,1.1735881010165734,-0.11851751783645437
7128040100,6.752121100628905,1.0554664177419542,0.3953631960645837,0.16241418016918585,1.1739190717718664,-0.11845265402991223
7129040100,6.753043957371575,1.0558809106629894,0.39559189991341687,0.22870384883315165,1.1742500642752098,-0.11836915361222045
7130040100,6.753966726006333,1.0562941708774507,0.39579704617723754,0.2051462638206787,1.174581085409887,-0.11828691453243634
7131040100,6.754889415567652,1.056732611617706,0.3959927106335524,0.19566445631477736,1.174912125995288,-0.1181795143775819
7132040100,6.755812029674102,1.0571778157632403,0.39618883672925786,0.1961260957054698,1.1752431892613266,-0.11806537349808632
7133040100,6.756734568112214,1.0575559529428038,0.3963721691474368,0.1833324181789262,1.1755742764962243,-0.11801832355342046
7134040100,6.757657035785887,1.0579066492418139,0.3965519036135844,0.17973446614763056,1.1759053876135255,-0.1179987383717116
7135040100,6.758579434053797,1.058369806617803,0.39676508945179473,0.21318583821031512,1.1762365243638513,-0.11786671774604818
7136040100,6.759501749959821,1.0587919457790502,0.39699196942769666,0.2268799759019413,1.1765676872259796,-0.11777574144692937
7137040100,6.760423978167345,1.0591876855567046,0.3971623679319825,0.17039850428589176,1.1768988715384587,-0.11771118598175412
7138040100,6.761346140477579,1.059510284043755,0.39735310435911736,0.19073642713482863,1.177230075373604,-0.11771979132984911
7139040100,6.762268228993591,1.0598734710107307,0.3975569211674965,0.20381680837924732,1.177561306550924,-0.11768783554019335
7140040100,6.76319023861762,1.0603164651809753,0.39779733955764573,0.24041839014920763,1.1778925622250291,-0.1175760970440538
7141040100,6.764112155132946,1.060715624315205,0.398017412093639,0.2200725359932405,1.1782238405545975,-0.11750821623939256
7142040100,6.765033986372353,1.0610589886276942,0.3981973689240481,0.1799568304091128,1.1785551364199804,-0.11749614779228623
7143040100,6.765955747847098,1.0614652326818694,0.39839911631383434,0.20174738978621676,1.178886452623825,-0.11742121994195553
7144040100,6.766877431074046,1.0619732277551521,0.39862874718750424,0.2296308736698882,1.179217794730878,-0.11724456697572583
7145040100,6.767799025192927,1.06230980117756,0.39882680133804116,0.198054150536902,1.1795491596821535,-0.11723935850459344
7146040100,6.7687205424180314,1.0626595840834139,0.39897363814089154,0.14683680285040612,1.1798805435619606,-0.11722095947854672
7147040100,6.769642002610967,1.0630373320746693,0.39920618485435994,0.23254671346842182,1.1802119507511968,-0.11717461867652745
7148040100,6.7705633724409156,1.063484174816868,0.39943210172938665,0.2259168750267313,1.180543388384315,-0.11705921356744708
7149040100,6.771484654436385,1.063899799009084,0.39964395866293734,0.21185693355070123,1.180874844463105,-0.11697504545402104
7150040100,6.7724058540210335,1.0643051324226445,0.3998210466705255,0.17708800758811805,1.1812063198850993,-0.11690118746245481
7151040100,6.773326984687997,1.0647522425534435,0.4000135853271667,0.19253865664119552,1.1815378165902821,-0.11678557403683865
7152040100,6.774248040391539,1.0651730409923073,0.4002111323413131,0.1975470141464335,1.181869339424349,-0.11669629843204166
7153040100,6.775169019146207,1.0655035538438367,0.4003875728866888,0.17644054537569964,1.1822008862021427,-0.11669733235830604
7154040100,6.776089929143045,1.0658602121050953,0.4005770027465735,0.18942985988467642,1.1825324561990698,-0.11667224409397448
7155040100,6.777010765288282,1.0662466076804658,0.4008115891239828,0.23458637740929866,1.1828640523546667,-0.11661744467420099
7156040100,6.777931509931288,1.0666647625824923,0.4010330657516511,0.22147662766830978,1.183195672825665,-0.11653091024317264
7157040100,6.77885216813912,1.0670706595931059,0.4012395763297553,0.20651057810427842,1.1835273112445286,-0.11645665165142272
7158040100,6.779772745711859,1.0674585088385689,0.4014300431854979,0.19046685574260502,1.1838589694242678,-0.11640046058569897
7159040100,6.780693248879209,1.0678623674368641,0.4016265003897231,0.19645720422516488,1.1841906494431456,-0.11632828200628142
7160040100,6.781613675266071,1.0682639071747437,0.40183188005763953,0.20537966791653073,1.184522353535538,-0.1162584463607943
7161040100,6.782534021347336,1.068654848744746,0.40202912277688546,0.1972427192459425,1.18485408083572,-0.11619923209097394
7162040100,6.783454290268094,1.0690205427178667,0.4022273969053586,0.1982741284731233,1.185185830062899,-0.11616528734503229
7163040100,6.784374481588776,1.0694420070415067,0.40243086269658324,0.20346579122467823,1.18551760234039,-0.11607559529888323
7164040100,6.785294593239873,1.0699718696501157,0.40264689596801345,0.21603327143016227,1.1858493974995774,-0.1158775278494617
7165040100,6.786214620258737,1.070442701565313,0.4028348761667033,0.18798019868988058,1.186181214783911,-0.11573851321859796
7166040100,6.78713457360038,1.070846938783841,0.4029682721948332,0.13339602812990847,1.1865130523927974,-0.11566611360895629
7167040100,6.788054474638877,1.0712745052346022,0.4031309157433326,0.16264354849945084,1.1868449142670805,-0.11557040903247828
7168040100,6.788974311884446,1.0716369570339894,0.4033267240221766,0.19580827884404473,1.1871768081094451,-0.11553985107545572
7169040100,6.789894072296756,1.0720677754235861,0.40351069232372805,0.1839683015514404,1.1875087297675258,-0.11544095434393964
7170040100,6.790813760489567,1.0724553123161673,0.4037271707985418,0.21647847481376958,1.1878406745267718,-0.11538536221060447
7171040100,6.791733363660666,1.072845061563212,0.4039092797815728,0.1821089830310414,1.1881726440426448,-0.11532758247943287
7172040100,6.7926528952752605,1.0732491434281175,0.4041129307566716,0.20365097509885555,1.1885046336837277,-0.11525549025561022
7173040100,6.793572346832687,1.0735070606202404,0.4043153700979318,0.20243934126020147,1.1888366483008639,-0.11532958768062351
7174040100,6.794491718771457,1.0740183071680074,0.4045105114837926,0.19514138586078023,1.1891686848148524,-0.11515037764684499
7175040100,6.795411013926166,1.07444381773572,0.4047788943931146,0.26838290932203845,1.1895007433735003,-0.11505692563778025
7176040100,6.796330203420622,1.0747789088746311,0.40492026527096603,0.1413708778514411,1.1898328249903365,-0.11505391611570537
7177040100,6.797249337231845,1.075154879258905,0.40510432881003705,0.18406353907098527,1.1901649192218429,-0.1150100399629379
7178040100,6.7981683985165,1.0755076400701833,0.40533360237702915,0.22927356699208135,1.1904970441135454,-0.11498940404336211
7179040100,6.79908736941693,1.0759211079536835,0.4055423639604528,0.20876158342362894,1.1908291935712505,-0.11490808561756705
7180040100,6.80000625797735,1.0763719257643647,0.40576270139066833,0.22033743021551944,1.1911613611303693,-0.11478943536600461
7181040100,6.800925059588562,1.076735128483461,0.40595253173483103,0.18983034416269096,1.1914935496869141,-0.11475842120345314
7182040100,6.801843786253452,1.0771637574069677,0.4061234603556079,0.1709286207768912,1.1918257575632758,-0.11466200015630812
7183040100,6.802762445406226,1.0775404367595403,0.4063381441924003,0.21468383679232428,1.1921579890885603,-0.11461755232902004
7184040100,6.803681019726747,1.0778852912977481,0.40651993395665237,0.1817897642520836,1.1924902469420289,-0.11460495564428075
7185040100,6.804599522179996,1.0783218041528873,0.40672762282746533,0.2076888708129787,1.1928225248494542,-0.11450072069656692
7186040100,6.8055179424900825,1.0787506812354823,0.4069512089791775,0.22358615171212248,1.193154827490396,-0.11440414625491369
7187040100,6.806436274325183,1.0792548321776334,0.4071287699187539,0.1775609395763853,1.193487151137095,-0.11423231895946162
7188040100,6.8073545358651675,1.079707965704307,0.4073099661406091,0.18119622185517725,1.1938194934869806,-0.11411152778267364
7189040100,6.808272725641009,1.0800297155449297,0.407453191167095,0.14322502648593938,1.1941518611088426,-0.11412214556391298
7190040100,6.809190858670156,1.080384048688711,0.40762169600549836,0.16850483840333608,1.1944842534618907,-0.11410020477317961
7191040100,6.810108924912469,1.0807417782842716,0.40785592633754497,0.23423033204658683,1.1948166759746073,-0.11407489769033563
7192040100,6.811026898274367,1.0811720169922885,0.40807383627658433,0.21790993903937972,1.1951491250042743,-0.1139771080119858
7193040100,6.811944785182229,1.0816002438920354,0.40829001068707754,0.21617441049321995,1.195481591091383,-0.11388134719934762
7194040100,6.812862586281545,1.0820365495443072,0.4084697435248216,0.17973283774411186,1.1958140765512368,-0.11377752700692967
7195040100,6.813780316004825,1.0824073775419452,0.4086503004701935,0.18055694537190625,1.1961465816060688,-0.11373920406412363
7196040100,6.814697973994947,1.0827769463559391,0.4088266202355971,0.17631976540359195,1.1964791114742255,-0.11370216511828635
7197040100,6.81561556190642,1.0832010555050922,0.409035614638721,0.20899440312390727,1.1968116660171404,-0.11361061051204824
7198040100,6.816533066715699,1.0835789663193105,0.40924517694250395,0.20956230378287755,1.197144245825342,-0.11356527950603157
7199040100,6.817450488156731,1.0840494789685526,0.4094272986526688,0.18212171016482115,1.1974768461684526,-0.11342736719989999
7200040100,6.818367837113232,1.0844010222874043,0.4096324391768132,0.205140524144392,1.1978094669389243,-0.11340844465152
7201040100,6.819285104387267,1.0848389151888207,0.4097910132133687,0.15857403655552016,1.1981421120725457,-0.11330319688372503
7202040100,6.820202308494137,1.0852139402409684,0.41000904630032386,0.21803308695515033,1.1984747782239218,-0.11326083798295339
7203040100,6.821119425710976,1.0855746646216884,0.4101837046513739,0.17465835105004146,1.1988074720987107,-0.11323280747702236
7204040100,6.822036473291931,1.0859532591900924,0.41038972612641,0.206021475036112,1.1991401850822676,-0.11318692589217516
7205040100,6.822953438696633,1.0863221665129381,0.4106028514687496,0.21312534233959335,1.199472923423805,-0.11315075691086696
7206040100,6.823870319050591,1.0867484562149594,0.41080696268378375,0.20411121503412932,1.199805682563337,-0.11305722634837756
7207040100,6.8247871179119795,1.087214742221331,0.41101585562422766,0.20889294044391438,1.2001384614465742,-0.11292371922524325
7208040100,6.8257038333321205,1.087662691284815,0.41119588022529885,0.18002460107119989,1.2004712613538437,-0.11280857006902867
7209040100,6.826620476810237,1.0880080505716179,0.4113556502140129,0.15976998871401538,1.2008040815668082,-0.11279603099519031
7210040100,6.827537056415662,1.0884423173304856,0.41152436856931707,0.16871835530414891,1.201136926250161,-0.11269460891967542
7211040100,6.828453568545626,1.08894435758932,0.4117443690189492,0.22000044963209842,1.20146979832543,-0.11252544073611004
7212040100,6.829369992651715,1.0893493564893848,0.4119197266391398,0.17535762019058954,1.2018026964760118,-0.11245333998662699
7213040100,6.830286346564101,1.089737096105342,0.41206087226278676,0.14114562364698013,1.202135613228073,-0.11239851712273086
7214040100,6.831202643956997,1.0901840259974922,0.4122504037022623,0.18953143947558493,1.2024685550485117,-0.11228452905101949
7215040100,6.832118865426369,1.0905594154844083,0.41244846772238936,0.19806402012707158,1.2028015268978187,-0.11224211141341045
7216040100,6.833035007519022,1.091049203893582,0.4126167237027685,0.16825598037910927,1.2031345217165246,-0.11208531782294262
7217040100,6.833951082152679,1.091428655060335,0.4128206765811276,0.20395287835912734,1.203467538239412,-0.11203888317907706
7218040100,6.834867074980587,1.0917475884828396,0.41296712730667606,0.14645072554852678,1.2038005807890997,-0.11205299230626009
7219040100,6.835783009043426,1.0920562226187447,0.41316866684960096,0.20153954292488674,1.2041336441400965,-0.1120774215213518
7220040100,6.836698862204043,1.0924662675599133,0.41340050392516153,0.23183707556058675,1.2044667366612565,-0.1120004691013432
7221040100,6.837614622254363,1.0929756443660918,0.413637554145874,0.23705022071246784,1.2047998502932167,-0.11182420592712483
7222040100,6.838530287049791,1.093437932076599,0.4138237556567364,0.1862015108624151,1.2051329805839437,-0.11169504850734469
7223040100,6.8394458769869955,1.0938987283254757,0.41395994707144634,0.13619141470992302,1.2054661267403937,-0.11156739841491792
7224040100,6.840361412151337,1.0943196842836036,0.41411943268374535,0.15948561229899516,1.2057992961720885,-0.11147961188848488
7225040100,6.8412768831528705,1.0947370103218508,0.4142794204108476,0.15998772710226294,1.2061324961797446,-0.11139548585789383
7226040100,6.842192289766194,1.0951855291529071,0.414459168059404,0.17974764855642,1.2064657233388338,-0.11128019418592672
7227040100,6.843107624010835,1.095710890741026,0.414640576045859,0.18140798645499334,1.2067989775593588,-0.11108808681833282
7228040100,6.844022885188336,1.096054318903256,0.41480617063740627,0.16559459154722767,1.207132255927391,-0.11107793702413482
7229040100,6.844938079641687,1.0964266295853646,0.4149329717577356,0.126801120329334,1.2074655581792726,-0.11103892859390796
7230040100,6.845853222985238,1.0968622972716557,0.4151507312811134,0.21775952337781534,1.2077988866159934,-0.1109365893443377
7231040100,6.846768278522003,1.0972430370615618,0.4153539846724808,0.20325339136741993,1.2081322469174829,-0.1108892098559211
7232040100,6.847683252062111,1.0975882669935346,0.41552537087937164,0.17138620689082495,1.2084656257072801,-0.11087735871374549
7233040100,6.848598156432074,1.0979683842305237,0.41572413555660864,0.19876467723702396,1.208799025090812,-0.11083064086028838
7234040100,6.849512980548499,1.0983312111060057,0.41594064179858276,0.21650624197410773,1.2091324497319924,-0.11080123862598668
7235040100,6.850427717206898,1.098724986375298,0.4161396236316814,0.19898183309858997,1.2094658955819568,-0.11074090920665891
7236040100,6.851342373448469,1.0990315239937571,0.4163472024878745,0.20757885619308292,1.2097993600035366,-0.11076783600977946
7237040100,6.852256945760204,1.0993836555139984,0.41653919581127474,0.1919933234002733,1.2101328455523799,-0.11074919003838146
7238040100,6.85317144040868,1.0997571411650024,0.416774872419584,0.23567660830926895,1.210466350936727,-0.1107092097717246
7239040100,6.854085839677476,1.1001719452789378,0.4169877247424824,0.2128523228984096,1.2107998784310467,-0.11062793315210895
7240040100,6.855000152760064,1.1005794293463673,0.4171898311386723,0.2021063961899192,1.2111334215623124,-0.11055399221594508
7241040100,6.855914383969244,1.10102992655808,0.4173711235999042,0.18129246123190157,1.2114669836716772,-0.11043705711359708
7242040100,6.856828541704981,1.1014517185299606,0.41755593772952243,0.18481412961823418,1.211800566321326,-0.11034884779136545
7243040100,6.8577426245090995,1.1018420388758305,0.417719021728017,0.16308399849456023,1.21213417256606,-0.11029213369022939
7244040100,6.858656641166002,1.1022743115353164,0.41789629377251586,0.17727204449887912,1.2124678018641575,-0.11019349032884107
7245040100,6.859570585893413,1.1026485170286833,0.4180891997746063,0.1929060020904565,1.21280145741283,-0.1101529403841468
7246040100,6.860484452315101,1.102964247782205,0.41826094551095466,0.17174573634839208,1.2131351370925678,-0.11017088931036279
7247040100,6.8613982489919705,1.1034206510858193,0.41846165584426787,0.2007103333132081,1.213468838565678,-0.11004818747985867
7248040100,6.862311964127532,1.1037590281097895,0.418691650385629,0.22999454136115727,1.2138025649486508,-0.11004353683886126
7249040100,6.86322558577942,1.1042226637131052,0.41885107575303393,0.15942536740491509,1.2141363119234754,-0.1099136482103702
7250040100,6.86413914260285,1.1045925834619235,0.4190695152960885,0.21843954305455293,1.2144700751162532,-0.1098774916543297
7251040100,6.865052610562695,1.1050298388192483,0.41922507391362585,0.15555861753736755,1.2148038649848694,-0.10977402616562104
7252040100,6.865966015213028,1.1053974512507059,0.41942743153657064,0.20235762294485493,1.2151376727374874,-0.10974022148678153
7253040100,6.866879337474433,1.1058272772123958,0.4195959234020537,0.16849186548306871,1.2154715077024179,-0.10964423049002203
7254040100,6.867792591106654,1.1061463389885946,0.41979918278169354,0.20325937963987029,1.2158053628970649,-0.10965902390847027
7255040100,6.8687057619138745,1.106572026783033,0.41997115356954134,0.17197078784787312,1.2161392433413596,-0.10956721655832657
7256040100,6.869618862616241,1.1069952557691318,0.4201985487122948,0.2273951427534997,1.2164731438355503,-0.10947788806641845
7257040100,6.870531870578243,1.1073840949717604,0.420372457296276,0.17390858398117182,1.2168070690207955,-0.10942297404903512
7258040100,6.871444807581869,1.107816639043209,0.42054742902235254,0.174971726076532,1.2171410106084046,-0.1093243715651957
7259040100,6.87235767316547,1.1081900633550457,0.4207394940461161,0.19206502376357726,1.2174749765545059,-0.10928491319946021
7260040100,6.873270460319721,1.1086438206171412,0.42090952165846507,0.17002761234894193,1.2178089666811331,-0.10916514606399197
7261040100,6.874183178015453,1.1090614493478574,0.4211090423725125,0.1995207140474431,1.218142978414079,-0.10908152906622148
7262040100,6.8750958141707,1.109463855300063,0.4212681679235315,0.15912555101901127,1.2184770150264619,-0.1090131597263988
7263040100,6.876008385268186,1.1098474574012411,0.4214452029957221,0.17703507219055448,1.2188110720867158,-0.10896361468547466
7264040100,6.876920883958531,1.110200352910543,0.4216297229833195,0.18451998759744015,1.2191451556186728,-0.10894480270812967
7265040100,6.8778333071499755,1.110634665572217,0.4218235590951438,0.1938361118243206,1.2194792629231124,-0.10884459735089536
7266040100,6.87874565099724,1.111098990996409,0.42203272281273774,0.209163717593968,1.2198133928584625,-0.10871440186205339
7267040100,6.879657909187724,1.11142375104748,0.4222009889041483,0.16826609141057158,1.220147544006462,-0.10872379295898194
7268040100,6.880570098440867,1.1117742627866325,0.42235399887207214,0.15300996792382993,1.2204817140441335,-0.10870745125750103
7269040100,6.881482224984565,1.1121882653873851,0.42257681979136574,0.22282091929360437,1.2208159090858963,-0.10862764369851119
7270040100,6.882394260169381,1.1126534788236095,0.42278674473526945,0.20992494390369654,1.2211501314052384,-0.10849665258162888
7271040100,6.88330620924137,1.1130386129338152,0.42296477832659995,0.17803359133043895,1.2214843704943625,-0.1084457575605473
7272040100,6.884218085251118,1.113439659125714,0.4231169529363913,0.15217460979135655,1.2218186282638328,-0.10837896913811873
7273040100,6.88512989878784,1.1138037010971302,0.4233090747966836,0.19212186029232647,1.2221529094866312,-0.10834920838950102
7274040100,6.8860416334216294,1.1142771103842988,0.42349311881285523,0.18404401617163035,1.2224872180360968,-0.10821010765179806
7275040100,6.886953292438434,1.1146231585773816,0.4236956191357579,0.2025003229026523,1.2228215478793523,-0.10819838930197068
7276040100,6.887864868219548,1.1150746460489012,0.4238431682887914,0.14754915303354954,1.2231559002112533,-0.10808125416235215
7277040100,6.8887763833285485,1.1154742836444602,0.4240543858414682,0.21121755267685804,1.2234902722271919,-0.10801598858273165
7278040100,6.889687811550495,1.115854565311207,0.4242126593660343,0.15827352456607224,1.223824672194425,-0.10797010688321795
7279040100,6.890599174637942,1.116300005376451,0.42439674132897126,0.1840819629369861,1.2241590904861859,-0.10785908510973496
7280040100,6.891510461941195,1.1166461127127916,0.42459041869182823,0.1936773628569468,1.2244935350739752,-0.10784742236118361
7281040100,6.8924216694766125,1.1170576000623533,0.424751308012496,0.16088932066778705,1.2248280020406987,-0.10777040197834542
7282040100,6.893332810722267,1.1174770380601684,0.42496185160634325,0.21054359384726729,1.22516248991408,-0.10768545185391165
7283040100,6.894243865183934,1.1178826163529938,0.42513956164795647,0.17771004161322823,1.2254970036322952,-0.1076143872793014
7284040100,6.895154846363848,1.1182156680342243,0.4253131394393007,0.1735777913442833,1.225831535661193,-0.10761586762696873
7285040100,6.896065755938239,1.1186328457752226,0.4254935141459533,0.18037470665264355,1.2261660909481478,-0.10753324517292517
7286040100,6.896976591074118,1.1190009260863834,0.42571016679464324,0.2166526486899225,1.2265006700994618,-0.10749974401307849
7287040100,6.897887336760833,1.119421725162884,0.4258846031484496,0.17443635380638867,1.2268352720651912,-0.1074135469023072
7288040100,6.898798010397119,1.1198046410845963,0.4260835326676915,0.19892951924189717,1.2271698913202087,-0.10736525023561239
7289040100,6.899708601832325,1.1202558071560866,0.4262559390892646,0.1724064215731156,1.2275045342463677,-0.1072487270902811
7290040100,6.900619121997099,1.1206959838646615,0.42644720237781153,0.19126328854688168,1.2278391971035738,-0.1071432132389123
7291040100,6.901529563064609,1.1210888441053686,0.42660411755056443,0.15691517275285083,1.228173883899096,-0.10708503979372752
7292040100,6.902439939214705,1.1215486445460807,0.426766328394107,0.1622108435425731,1.2285085917462268,-0.10695994720014612
7293040100,6.903350248232952,1.1219480115250515,0.42695209169260057,0.18576329849355844,1.2288433258487323,-0.10689531432368082
7294040100,6.904260480342614,1.1223931449917632,0.42710414788610257,0.15205619350198507,1.2291780853841665,-0.10678494039240327
7295040100,6.905170649475524,1.1227918028263768,0.42728630431205245,0.18215642594990689,1.2295128667479922,-0.1067210639216154
7296040100,6.9060807431374345,1.1230883009984927,0.4274453677041219,0.1590633920694513,1.2298476750554386,-0.10675937405694591
7297040100,6.906990770871546,1.1234563248534986,0.4276275546849964,0.1821869808745218,1.2301825057017055,-0.10672618084820695
7298040100,6.907900723065421,1.123742971897611,0.42786090933147836,0.23335464648196647,1.2305173621888201,-0.10677439029120905
7299040100,6.908810578459279,1.1241931149520463,0.4280584477222033,0.19753839072500634,1.230852240970762,-0.10665912601871574
7300040100,6.909720351871671,1.1246547110340457,0.4282967821292643,0.23833440706101117,1.231187134212,-0.1065324231779543
7301040100,6.910630026324371,1.12504946940075,0.42845314526118555,0.15636313192124396,1.231522047354762,-0.10647257795401188
7302040100,6.911539635824897,1.1254839481626269,0.42860353846420823,0.1503932030227051,1.231856974136626,-0.10637302597399922
7303040100,6.912449182832135,1.1259273758758506,0.4287872376812599,0.18369921705168668,1.2321919270677348,-0.10626455119188427
7304040100,6.913358653478437,1.1262882312143583,0.4289508907236861,0.16365304242616086,1.2325269070457097,-0.10623867583135138
7305040100,6.91426805607084,1.1266495368367986,0.4291098659184014,0.15897519471528154,1.2328619089543977,-0.10621237211759915
7306040100,6.9151773925312705,1.1270289009804995,0.42931008655897157,0.20022064057025668,1.2331969358444432,-0.10616803486394377
7307040100,6.916086645669368,1.1273953163476895,0.42951004199078946,0.19995543181788822,1.2335319884154963,-0.10613667206780675
7308040100,6.91699581555912,1.1278462335346586,0.42970089237933556,0.19085038854607506,1.2338670603239663,-0.10602082678930769
7309040100,6.917904905957366,1.1282726280291093,0.4298981641379281,0.19727175859254187,1.2342021515860502,-0.10592952355694085
7310040100,6.918813914154725,1.1287121579380903,0.43005296301158824,0.1547988736601642,1.2345372635756462,-0.10582510563755587
7311040100,6.919722857824392,1.129094346554303,0.430219851030254,0.16688801866573177,1.2348723952833467,-0.10577804872904362
7312040100,6.920631731902625,1.1294926676699477,0.43037997240430426,0.16012137405026383,1.2352075532154458,-0.10571488554549813
7313040100,6.921540539187284,1.1299742415201597,0.43056868347556976,0.18871107126548425,1.2355427354963844,-0.1055684939762247
7314040100,6.922449267722455,1.1304086110776237,0.4307492141938696,0.18053071829982326,1.2358779431494042,-0.10546933207178055
7315040100,6.923357920891526,1.1308258357741534,0.430887838498532,0.1386243046624367,1.2362131717553133,-0.1053873359811599
7316040100,6.924266516169053,1.131200966248178,0.4310498771441099,0.16203864557790748,1.2365484225521932,-0.10534745630401532
7317040100,6.92517504375473,1.1316237249674166,0.4312203353678411,0.17045822373117359,1.236883701979032,-0.10525997701161538
7318040100,6.9260835001055225,1.1320251036728421,0.43141177531570996,0.19143994786884067,1.2372190064117454,-0.10519390273890328
7319040100,6.92699187642165,1.1324344273392013,0.431579238735336,0.16746341962604028,1.237554334533943,-0.10511990719474174
7320040100,6.927900182699602,1.1327940485539085,0.4317572719054442,0.17803317010822672,1.2378896830876585,-0.10509563453374993
7321040100,6.92880841449086,1.1332539191022517,0.43193119486061926,0.17392295517504852,1.238225055753631,-0.10497113665137925
7322040100,6.929716573487285,1.1337308371077675,0.43212993260065136,0.19873774003208045,1.2385604508800903,-0.1048296137723228
7323040100,6.930624649269107,1.1341396824841943,0.43227830795326516,0.14837535261374013,1.2388958690823415,-0.10475618659814723
7324040100,6.931532662900461,1.1345771747546323,0.43241788811558207,0.13958016231689818,1.2392313065017646,-0.10465413174713234
7325040100,6.9324406180471705,1.135028318130105,0.43259136738511533,0.17347926953327875,1.239566770910006,-0.10453845277990093
7326040100,6.933348500480719,1.1354239007182987,0.4327503326463278,0.15896526121244925,1.2399022636541197,-0.10447836293582102
7327040100,6.934256316260606,1.135865562052123,0.4329022552216963,0.15192257536847986,1.2402377794684796,-0.1043722174163566
7328040100,6.935164068318371,1.1363278707578923,0.4330818495922798,0.17959437058348948,1.2405733205836,-0.10424544982570771
7329040100,6.936071745020384,1.1367136188477922,0.43323820499999083,0.15635540771104406,1.2409088880749408,-0.10419526922714861
7330040100,6.9369793560936115,1.137102911597017,0.43338399642741066,0.1457914274198111,1.2412444776331206,-0.10414156603610358
7331040100,6.937886905952198,1.1375687356692656,0.4335679788791213,0.18398245171061722,1.2415800928454779,-0.10401135717621224
7332040100,6.938794378533035,1.137982391002084,0.43375009447318447,0.1821155940631316,1.2419157353364838,-0.10393334433439971
7333040100,6.939701774590001,1.1383994796766403,0.43389369768189756,0.14360320871310028,1.2422513991567108,-0.10385191948007044
7334040100,6.940609110284548,1.138885855578117,0.4340632399419111,0.16954226001351902,1.2425870845750069,-0.10370122899688994
7335040100,6.941516374689324,1.1392985435894851,0.43423091352357773,0.16767358166665325,1.2429227975615795,-0.1036242539720944
7336040100,6.942423568564428,1.1397064006366129,0.4343636559500927,0.13274242651494816,1.243258534065145,-0.10355213342853209
7337040100,6.9433307065851,1.1401797816491877,0.4345331001771427,0.16944422704995166,1.2435942943579654,-0.10341451270877777
7338040100,6.944237773284987,1.1405433486411927,0.43470482758743173,0.1717274102890527,1.2439300838637202,-0.1033867352225275
7339040100,6.945144767676504,1.140922903508914,0.4348435324384508,0.1387048510190536,1.2442658968495195,-0.1033429933406056
7340040100,6.94605170364476,1.1413383375520705,0.43503710053176464,0.19356809331380687,1.2446017329405734,-0.10326339538850293
7341040100,6.946958558051885,1.1418429215401693,0.4352225988022943,0.18549827052966306,1.24493759727007,-0.10309467572990072
7342040100,6.947865334266266,1.142254577904638,0.43539001246490033,0.1674136626060161,1.2452734812605257,-0.1030189033558877
7343040100,6.948772039884289,1.1427030282504431,0.4355125235855195,0.12251112061914826,1.245609386149038,-0.10290635789859492
7344040100,6.949678693824719,1.1431759169858486,0.43568135746403003,0.16883387851060094,1.2459453147400055,-0.10276939775415683
7345040100,6.950585276525412,1.143554596327238,0.4358315811595903,0.15022369556029025,1.246281274035308,-0.10272667770806998
7346040100,6.951491795817239,1.144089461827924,0.43596932715363773,0.13774599404740995,1.2466172567787623,-0.1025277949508383
7347040100,6.952398256949012,1.1445130747975139,0.43615410417557327,0.18477702193555468,1.2469532658640858,-0.10244019106657198
7348040100,6.9533046400359595,1.1448985071405497,0.4362604035759643,0.10629940039105001,1.2472893032294579,-0.10239079608890811
7349040100,6.954210978210888,1.1452335308126549,0.4364221682307192,0.16176465475499135,1.2476253614947659,-0.102391830682111
7350040100,6.955117248019804,1.1457236761759169,0.4366029349005637,0.18076666984449696,1.2479614529371474,-0.10223777676123058
7351040100,6.9560234414038975,1.1462186894285156,0.43680892462995086,0.20598972938719484,1.2482975688526494,-0.10207887942413385
7352040100,6.956929547663225,1.14662338628411,0.4369370576914243,0.12813306147346726,1.2486337062431758,-0.10201031995906584
7353040100,6.9578355997084005,1.1470508439472753,0.4370624497940175,0.1253921025931679,1.248969861128952,-0.10191901718167662
7354040100,6.958741598684745,1.1475064085780986,0.437232871758798,0.17042196478052674,1.2493060457104548,-0.10179963713235618
7355040100,6.959647525511745,1.1478754364012205,0.43739174562149313,0.15887386269513026,1.2496422604064854,-0.10176682400526493
7356040100,6.960553385054673,1.1482016537925226,0.43753634235775357,0.14459673626043434,1.249978498128641,-0.10177684433611844
7357040100,6.961459183340106,1.1485904357639567,0.4377241534307253,0.18781107297172106,1.2503147606738771,-0.10172432490992045
7358040100,6.962364902032291,1.1489619700340818,0.437933402221455,0.20924879072970448,1.2506510502713795,-0.10168908023729761
7359040100,6.963270532008418,1.1494036388370839,0.438111277263504,0.17787504204895077,1.2509873601048298,-0.10158372126774595
7360040100,6.964176086538964,1.149820199975885,0.43829771582530813,0.18643856180409202,1.2513236867755602,-0.10150348679967514
7361040100,6.965081561960963,1.1502430413999103,0.43844888485504924,0.15116902974112945,1.251660035201013,-0.1014169938011027
7362040100,6.965986973216676,1.1507312285182962,0.4386124581688253,0.16357331377608153,1.251996404010601,-0.10126517549230485
7363040100,6.966892315017585,1.1512541081501706,0.43877272858682814,0.16027041800279562,1.2523327987459858,-0.1010786905958152
7364040100,6.967797588742637,1.1517038178959687,0.4389000355357829,0.12730694895476624,1.2526692174339402,-0.10096539953797157
7365040100,6.968702808376698,1.1522058685553116,0.4390096352823904,0.10959974660756844,1.2530056605782178,-0.10079979202290623
7366040100,6.969607981431567,1.1526306631479486,0.4391556056669947,0.1459703846042757,1.2533421333688715,-0.10071147022092286
7367040100,6.97051309243307,1.1530711693295972,0.4392750892622772,0.11948359528246222,1.25367863859244,-0.10060746926284292
7368040100,6.971418152626633,1.1534685155833546,0.439433040528632,0.15795126635480772,1.2540151704899962,-0.10054665490664161
7369040100,6.972323145634841,1.1539133984867844,0.4395829413889066,0.14990086027455884,1.2543517332361134,-0.10043833474932895
7370040100,6.973228074861092,1.1543610763403767,0.43975431607039195,0.1713746814853816,1.2546883207335107,-0.10032724439313401
7371040100,6.974132931143487,1.1548292441999892,0.43990171821186913,0.14740214147719177,1.2550249342398665,-0.10019569003987727
7372040100,6.975037724664429,1.1552375280518985,0.44004751375404993,0.1457955421807795,1.2553615703385752,-0.1001240422866767
7373040100,6.975942456088645,1.155730744907509,0.44018281252587516,0.13529877182524297,1.2556982328093085,-0.09996748790179955
7374040100,6.976847129869677,1.1560898044550612,0.440347923244802,0.16511071892681928,1.2560349218917963,-0.09994511743673518
7375040100,6.977751733283899,1.156535758061221,0.44047026771220926,0.12234446740728311,1.256371639236196,-0.0998358811749751
7376040100,6.978656284541505,1.1569669752022707,0.44065966028019526,0.18939256798604598,1.2567083800989352,-0.0997414048966645
7377040100,6.979560755032546,1.1573415705492938,0.4408053991525603,0.14573887236503102,1.2570451512513792,-0.0997035807020854
7378040100,6.980465163351077,1.1577890489693938,0.44095833251035566,0.15293335779539685,1.2573819420335646,-0.09959289306417074
7379040100,6.98136950640726,1.1582139342106428,0.44113951097090537,0.18117846054968823,1.2577187593601096,-0.09950482514946679
7380040100,6.982273772120489,1.1586006551047956,0.4412840398449093,0.14452887400389924,1.2580556020724778,-0.0994549469676822
7381040100,6.983177976114756,1.1590473005532835,0.44143970191619264,0.15566207128330634,1.2583924656619097,-0.09934516510862612
7382040100,6.984082113614665,1.1594342182734574,0.44161435688494644,0.17465496875374953,1.2587293559399804,-0.09929513766652298
7383040100,6.984986176480918,1.1598224966981994,0.4417588434105112,0.14448652556478114,1.2590662711195826,-0.09924377442138321
7384040100,6.985890177584265,1.160243513076384,0.44193310624591764,0.17426283540643217,1.2594032081587514,-0.09915969508236744
7385040100,6.986794104171275,1.1607287860804023,0.44210659697605215,0.17349073013452054,1.2597401718457562,-0.09901138576535384
7386040100,6.987697956544839,1.161216154287847,0.442263563948001,0.15696697194882603,1.2600771574182446,-0.09886100313039758
7387040100,6.988601741749818,1.1615813684660496,0.4423881169749117,0.12455302691071068,1.2604141649795508,-0.09883279651350119
7388040100,6.9895054736407936,1.1619938624698647,0.44251133267322584,0.12321569831421719,1.2607511971474317,-0.09875733467756698
7389040100,6.990409152776404,1.1624176966444655,0.4426955813254277,0.18424865220184294,1.2610882590811734,-0.09867056243670791
7390040100,6.991312752999514,1.1628636903274938,0.4428560540836137,0.1604727581859562,1.2614253509830746,-0.09856166065558081
7391040100,6.992216284468192,1.1632760332002396,0.44301069825594114,0.1546441723274392,1.2617624630877735,-0.09848642988753387
7392040100,6.993119749657676,1.1637276852908418,0.443154055012297,0.1433567563558369,1.262099599175528,-0.09837191388468614
7393040100,6.994023153386359,1.1641272710354478,0.4433140987517519,0.16004373945487682,1.2624367601614814,-0.09830948912603366
7394040100,6.994926488478161,1.1645999644514338,0.4434542713491688,0.14017259741694277,1.2627739478359423,-0.09817398338450856
7395040100,6.995829763436077,1.1649214472424407,0.44362036566769725,0.16609431852845136,1.2631111595124587,-0.09818971227001794
7396040100,6.996732967116745,1.165356731004402,0.4437496471880844,0.1292815203872273,1.2634483983572373,-0.09809166735283537
7397040100,6.997636115300659,1.1657763119779256,0.4439545791171998,0.20493192911543678,1.2637856602017443,-0.09800934822381868
7398040100,6.998539175482397,1.1662424409432925,0.4441024260168674,0.14784689966757103,1.264122950930748,-0.09788050998745534
7399040100,6.999442172151946,1.1666670145221776,0.444257974172513,0.15554815564558888,1.2644602583955908,-0.09779324387341326
7400040100,7.000345101979688,1.1671638513240683,0.44438999905715565,0.1320248846426182,1.264797591733874,-0.09763374040980577
7401040100,7.00124797505685,1.1675441058904723,0.44454264009127814,0.15264103412249064,1.2651349496936888,-0.09759084380321648
7402040100,7.002150782502013,1.1678684531319248,0.4446588428669794,0.1162027757012356,1.2654723360378703,-0.09760388290594557
7403040100,7.003053539968656,1.168288873730042,0.44483326521616295,0.1744223491835779,1.2658097474402048,-0.09752087371016271
7404040100,7.003956222393807,1.1687130432288724,0.4450356798852205,0.2024146690575508,1.2661471897441103,-0.09743414651523796
7405040100,7.004858817699941,1.1690733452461948,0.44518990737014275,0.1542274849222478,1.266484653573663,-0.09741130832746814
7406040100,7.005761346601937,1.1695396947072465,0.4453420977561935,0.15219038605072654,1.2668221344030535,-0.09728243969580697
7407040100,7.006663809955844,1.169936595893845,0.4455261847405413,0.1840869843477959,1.2671596399676162,-0.09722304407377114
7408040100,7.007566193995929,1.1703454191109972,0.4456570026828175,0.13081794227621968,1.2674971705792863,-0.09715175146828914
7409040100,7.008468521654557,1.1707800490724185,0.44582243854472425,0.16543586190671755,1.267834721080284,-0.09705467200786555
7410040100,7.009370777989575,1.1712267361021,0.4459817807905856,0.1593422458613336,1.268172300040309,-0.09694556393820886
7411040100,7.01027296560475,1.171687754712358,0.44612803979182314,0.1462590012375542,1.2685099018613606,-0.0968221471490025
7412040100,7.011175090122357,1.172170988466525,0.44626806351902676,0.1400237272035989,1.2688475275088535,-0.09667653904232854
7413040100,7.012077154214273,1.1726960610408175,0.4464006865832372,0.132623064210446,1.269185179078626,-0.09648911803780846
7414040100,7.012979161057863,1.1731713921958595,0.4465219238722641,0.12123728902693554,1.2695228575632314,-0.09635146536737182
7415040100,7.013881115554051,1.173617062822762,0.4466218804204654,0.09995654820130628,1.2698605641450662,-0.09624350132230419
7416040100,7.014783026881389,1.1739735844923105,0.4467464464777602,0.12456605729480996,1.270198300652666,-0.09622471616035555
7417040100,7.015684884399004,1.1743533359593747,0.44688564189376867,0.1391954160084805,1.2705360705177462,-0.09618273455837145
7418040100,7.016586681770788,1.1748061696896421,0.4470693909635854,0.18374906981671701,1.2708738697499484,-0.0960677000603063
7419040100,7.017488399718512,1.1752309525245586,0.44724145591373554,0.17206495015013212,1.2712116959693098,-0.09598074344475127
7420040100,7.018390043264941,1.1755920716112143,0.4473767632108419,0.13530729710634315,1.2715495419451166,-0.09595747033390234
7421040100,7.019291628285423,1.175990911813794,0.4475259319601282,0.14916874928628898,1.271887409549258,-0.09589649773546416
7422040100,7.020193148765181,1.1764284537850462,0.44770689689474713,0.18096493461896124,1.2722253047223404,-0.09579685093729418
7423040100,7.0210945909200575,1.1768868454935328,0.4478688931658156,0.16199627106845682,1.2725632252026955,-0.09567637970916265
7424040100,7.021995962934989,1.1773647498283981,0.4480113519632023,0.14245879738666778,1.272901165814467,-0.09553641598606899
7425040100,7.022897273249619,1.1776938175883003,0.4481431550554867,0.13180309228437315,1.2732391296165488,-0.09554531202824856
7426040100,7.023798526462747,1.1780916370434833,0.4482649335486712,0.12177849318452916,1.2735771197651573,-0.09548548272167401
7427040100,7.0246997269034495,1.178654253776385,0.44846116134737807,0.1962277987068699,1.2739151379777276,-0.09526088420134249
7428040100,7.025600842281174,1.1791433135329459,0.44862290772794017,0.16174638056212176,1.2742531858715296,-0.0951098723385837
7429040100,7.026501887517218,1.179533694453135,0.44870182117258056,0.07891344464037608,1.2745912513254325,-0.09505755687229756
7430040100,7.027402898523712,1.1799520137028248,0.4488172198968366,0.11539872425604392,1.274929339927258,-0.09497732622443333
7431040100,7.028303859464676,1.1804388132390657,0.4489818650286031,0.1646451317665183,1.2752674651459834,-0.0948286519069177
7432040100,7.029204748953872,1.18096943783546,0.44913239891600715,0.15053388740407403,1.2756056210345221,-0.09463618319906208
7433040100,7.030105573093849,1.181416891684234,0.4492484107077469,0.1160117917397705,1.2759437995587,-0.09452690787446594
7434040100,7.031006346857283,1.1818237105044547,0.44934213639508513,0.09372568733824593,1.2762820030007198,-0.09445829249626514
7435040100,7.031907079912759,1.1821836048656025,0.44947724141434103,0.1351050192559038,1.2766202369750381,-0.09443663210943565
7436040100,7.0328077542740335,1.1825226420877202,0.449632542044331,0.1553006299900015,1.2769585051073271,-0.09443586301960694
7437040100,7.033708361147137,1.1830199569180864,0.44981127873038507,0.17873668605404047,1.2772968006373873,-0.0942768437193009
7438040100,7.034608890320702,1.1834656147106968,0.4500004562014556,0.18917747107055982,1.2776351202544696,-0.09416950554377279
7439040100,7.035509337224623,1.1839594823620452,0.45011018892148646,0.10973272003082357,1.2779734601133264,-0.09401397775128117
7440040100,7.036409736393126,1.1843229324038007,0.4502455456454149,0.13535672392844633,1.2783118184864222,-0.09398888608262146
7441040100,7.037310076664442,1.1846713069407837,0.45035649567853736,0.1109500331224611,1.2786502083425617,-0.093978901401778
7442040100,7.038210368646246,1.1850568139610371,0.45053262013760687,0.1761244590695279,1.2789886254808032,-0.09393181151976604
7443040100,7.039110583949486,1.1855219545970073,0.4507162760753161,0.18365593770926658,1.279327073882186,-0.09380511928517876
7444040100,7.040010719265472,1.1858192993268288,0.45088128728572313,0.1650112104070205,1.279665542866752,-0.09384624353992321
7445040100,7.040910782688605,1.18624054945072,0.45100623863656064,0.12495135083742959,1.2800040311802618,-0.09376348172954185
7446040100,7.041810791656046,1.1867242711055184,0.45121517989211163,0.2089412555509811,1.2803425418567187,-0.09361827075120033
7447040100,7.04271070953233,1.1871345778072615,0.4513620141532065,0.14683426109484232,1.2806810814464598,-0.09354650363919825
7448040100,7.043610563370451,1.1875475300622742,0.4514773367413597,0.1153225881532256,1.2810196361597015,-0.09347210609742729
7449040100,7.044510366899849,1.1879776796670596,0.45162923086381385,0.15189412245417966,1.2813582161638593,-0.09338053649679967
7450040100,7.045410104148172,1.1883847171559963,0.45177966611058956,0.15043524677570153,1.281696826618056,-0.0933121094620597
7451040100,7.046309775731561,1.1887879921195468,0.4519213348291973,0.14166871860765173,1.2820354615047194,-0.09324746938517259
7452040100,7.047209385457985,1.189224723593157,0.4520744350167581,0.1531001875608191,1.2823741210475674,-0.09314939745441042
7453040100,7.048108928315813,1.189675190056714,0.4522292995642629,0.15486454750480982,1.2827128066722011,-0.09303761661548715
7454040100,7.049008403512984,1.1900679001481373,0.45236725280593265,0.13795324166981482,1.2830515164839191,-0.09298361633578178
7455040100,7.049907818419917,1.1904714525989464,0.4524981271328676,0.13087432693494305,1.2833902501760939,-0.0929187975771475
7456040100,7.050807176114516,1.1908960236861514,0.45265778363329917,0.1596565004315904,1.283729010516499,-0.09283298683034746
7457040100,7.051706463993658,1.1913376471371298,0.4528119026939323,0.15411906063310532,1.2840677986574214,-0.09273015152029163
7458040100,7.052605684457042,1.1917928543485703,0.4529553547707335,0.1434520768012466,1.28440660984349,-0.09261375549491979
7459040100,7.053504842151495,1.192295783617786,0.45309008656369143,0.1347317929579197,1.2847454449701878,-0.09244966135240174
7460040100,7.054403940875818,1.192677822799774,0.45321780570256326,0.12771913887183528,1.285084305780444,-0.09240648298066989
7461040100,7.055302983684276,1.1931235797999442,0.45332134851740874,0.10354281484548311,1.2854231936985627,-0.09229961389861852
7462040100,7.056201981150582,1.1935525018497912,0.4534852636272717,0.16391510986296565,1.2857621098689727,-0.09220960801918143
7463040100,7.057100906817561,1.1940080420833143,0.45361712027252965,0.13185664525795593,1.286101058272049,-0.09209301618873456
7464040100,7.057999774710173,1.1944274992978736,0.4537572305619888,0.14011028945913084,1.2864400289256892,-0.09201252962781559
7465040100,7.058898581194873,1.1948691086095324,0.4538838097457321,0.1265791837433401,1.2867790271105086,-0.09190991850097618
7466040100,7.059797332186938,1.1952321430022192,0.4540282832864875,0.1444735407553428,1.2871180514490241,-0.09188590844680489
7467040100,7.06069601982384,1.1956634514461846,0.4541614886855948,0.13320539910733098,1.287457104165501,-0.09179365271931639
7468040100,7.061594649030314,1.1961902592652207,0.4543339477698164,0.17245908422157186,1.287796182286712,-0.0916059230214914
7469040100,7.06249320256408,1.1966398285202289,0.45447209807012034,0.13815030030396347,1.288135287663433,-0.09149545914320423
7470040100,7.063391695460088,1.1971324341905896,0.4545621369057592,0.0900388356388544,1.28847441378079,-0.0913419795902004
7471040100,7.06429014882648,1.1975666322071423,0.45469058450745464,0.12844760169547476,1.2888135663046363,-0.09124693409749396
7472040100,7.065188545788105,1.1980312908845723,0.4547972201984256,0.10663569097090253,1.2891527531970617,-0.09112146231248941
7473040100,7.066086895911896,1.1984877907676155,0.45493288687834177,0.1356666799161621,1.2894919680820927,-0.09100417731447719
7474040100,7.066985186431739,1.1989044423773434,0.45505308633653735,0.12019945819554945,1.2898312145661777,-0.09092677218883427
7475040100,7.0678834241292074,1.1992804944211082,0.4551771464846554,0.12406014811803256,1.2901704878223335,-0.09088999340122528
7476040100,7.068781607294088,1.1996167535846447,0.4553209893987593,0.1438429141039137,1.2905097904053093,-0.09089303682066463
7477040100,7.069679727213249,1.1999976283891138,0.4554850732603333,0.1640838615739475,1.29084912166293,-0.09085149327381625
7478040100,7.070577774964341,1.2003871371236752,0.45566907404353196,0.1840007831986874,1.2911884782963838,-0.09080134117270866
7479040100,7.071475741758657,1.2007374346432054,0.4558306966578388,0.16162261430684666,1.2915278569258817,-0.09079042228267631
7480040100,7.072373637417076,1.2011237698007924,0.45598791304491143,0.1572163870726655,1.2918672542201897,-0.09074348441939728
7481040100,7.073271463856434,1.201602578982739,0.45616472257145435,0.17680952654286353,1.2922066738813918,-0.09060409489865284
7482040100,7.074169212423771,1.2021251157509345,0.4563234306314231,0.15870805996874182,1.2925461166252177,-0.09042100087428318
7483040100,7.0750668910675945,1.2025523102732947,0.45643563448764773,0.11220385622464502,1.2928855791708038,-0.09033326889750914
7484040100,7.0759645202630574,1.2029876154557309,0.4565256183031828,0.08998381553502055,1.2932250645142176,-0.09023744905848674
7485040100,7.076862109794391,1.203362522897155,0.45666310922219144,0.13749091900864352,1.2935645803916351,-0.09020205749448018
7486040100,7.077759638706815,1.2037350195482297,0.45679636849955396,0.13325927736249144,1.2939041304991576,-0.09016911095092794
7487040100,7.0786571088498444,1.2042107749849595,0.45695977304780716,0.16340454825321205,1.2942437069042114,-0.09003293191925188
7488040100,7.079554506907196,1.2046496603747965,0.45712433029950866,0.16455725170147684,1.294583310299405,-0.08993364992460862
7489040100,7.080451832346142,1.205159601671838,0.4572369993493694,0.11266904986080917,1.2949229356377678,-0.08976333396592984
7490040100,7.081349108050708,1.205566544395541,0.4573679158741582,0.13091652478884086,1.2952625827084603,-0.08969603831291928
7491040100,7.082246325951785,1.205917515147769,0.4574629747230569,0.09505884889871163,1.2956022601659427,-0.0896847450181737
7492040100,7.0831435018719535,1.206355882619599,0.4576094135214875,0.14643879843051133,1.2959419649493604,-0.0895860823297614
7493040100,7.084040613104384,1.2068993544421964,0.45778382943668544,0.17441591519803668,1.2962817030439346,-0.08938234860173822
7494040100,7.08493764726539,1.20739182937042,0.4579143663889062,0.13053695222077177,1.2966214658450639,-0.08922963647464388
7495040100,7.085834623726483,1.2078220267649982,0.45799195610097787,0.07758971207165644,1.2969612486536946,-0.08913922188869638
7496040100,7.086731565884148,1.2083383027830736,0.458094748879748,0.10279277877009863,1.2973010587990537,-0.08896275601598003
7497040100,7.087628462587463,1.208801056060355,0.45822851331920655,0.1337644394585813,1.2976409051397688,-0.08883984907941378
7498040100,7.088525300126756,1.209168034927104,0.4583189036852398,0.09039036603323414,1.2979807834469348,-0.0888127485198309
7499040100,7.089422097677296,1.2096036346176169,0.4584358256549553,0.11692196971544577,1.298320688519361,-0.08871705390174411
7500040100,7.090318843490619,1.2099844184416277,0.45860059406497844,0.16476841002318832,1.2986606276190784,-0.08867620917745067
7501040100,7.091215516374171,1.2104671218596939,0.4587308777555836,0.13028369060513478,1.2990005962878612,-0.08853347442816739
7502040100,7.09211213157434,1.2109126816417253,0.45888850253366203,0.15762477807845476,1.2993405864837442,-0.0884279048420189
7503040100,7.093008676965456,1.2113701877843306,0.45899489285181855,0.10639031815651201,1.2996806039796205,-0.0883104161952899
7504040100,7.093905175225708,1.2118361459453828,0.45911965755341677,0.12476470159823361,1.3000206441693436,-0.0881844982239608
7505040100,7.094801618202324,1.2123343717784467,0.4592382254897457,0.1185679363289256,1.3003607156473223,-0.08802634386887553
7506040100,7.09569800862818,1.21275361008901,0.45935233128761277,0.11410579786709807,1.3007008153151993,-0.08794720522618937
7507040100,7.096594348469048,1.213240085989765,0.4594500010920928,0.09766980448008278,1.3010409442036028,-0.08780085821383787
7508040100,7.097490645002008,1.213737069560768,0.4595870210492421,0.1370199571493269,1.301381103052634,-0.087644033491866
7509040100,7.09838688076434,1.2141768421261443,0.45969014455750595,0.10312350826386663,1.3017212946188828,-0.08754445249273846
7510040100,7.0992830707785854,1.2146546653867116,0.45978771700524496,0.09757244773898366,1.3020615122684518,-0.08740684688174016
7511040100,7.100179217498554,1.215063745830422,0.45991370888762606,0.12599188238103798,1.3024017616979329,-0.08733801586751078
7512040100,7.101075308301519,1.2154565341827241,0.4600204161647053,0.10670727707931382,1.3027420438343,-0.08728550965157589
7513040100,7.10197135173514,1.2159732222603288,0.4601613736070414,0.14095744233610663,1.3030823538790095,-0.08710913161868072
7514040100,7.102867332579492,1.2164846950856387,0.4603103860926377,0.14901248559627822,1.3034226950724133,-0.08693799998677454
7515040100,7.103763247238539,1.216977952197823,0.4603971115961614,0.08672550352373243,1.3037630616272118,-0.08678510942938877
7516040100,7.104659123368475,1.2173217614550085,0.46048611519398885,0.08900359782743461,1.3041034521694321,-0.08678169071442365
7517040100,7.105554959950217,1.2178381387473844,0.4605839329089501,0.09781771496124891,1.3044438772007325,-0.08660573845334807
7518040100,7.106450753059081,1.2182616533584985,0.460756485027499,0.17255211854890629,1.3047843363301403,-0.0865226829716419
7519040100,7.1073464694601505,1.218658232859538,0.46084241834118045,0.08593331368144375,1.3051248280619419,-0.08646659520240396
7520040100,7.108242147649742,1.2191058584385035,0.4609746332509311,0.13221490975063688,1.3054653397563172,-0.08635948131781368
7521040100,7.109137767035165,1.219592737716651,0.4611202135613926,0.14558031046149988,1.305805886041096,-0.08621314832444482
7522040100,7.110033321653886,1.2200861251313069,0.46124007396950434,0.11986040811175913,1.3061464590814147,-0.08606033395010781
7523040100,7.110928822934095,1.2204955782277978,0.4613400282933195,0.09995432381510083,1.3064870566024602,-0.08599147837466248
7524040100,7.111824279724265,1.2209279102997612,0.46143643520945665,0.09640691613719277,1.3068276829435632,-0.085899772643802
7525040100,7.112719693594884,1.2213725569013751,0.4615746860411942,0.13825083173758834,1.307168341465104,-0.08579578456372894
7526040100,7.113615045902869,1.221848378740358,0.46170133012831355,0.12664408711938036,1.3075090327600414,-0.08566065401968337
7527040100,7.114510341801647,1.2223150123706805,0.4618216254266926,0.12029529837902375,1.3078497497290513,-0.0855347373583708
7528040100,7.115405584105766,1.2226454464133978,0.4619260757336835,0.10445030699092461,1.308190494326201,-0.08554504791280326
7529040100,7.116300779864072,1.2231241185235386,0.46203488218100813,0.10880644732464706,1.3085312676163277,-0.08540714909278901
7530040100,7.117195927124967,1.2236158591140749,0.46221182344711864,0.1769412661105303,1.308872072277019,-0.08525621316294418
7531040100,7.118090995496644,1.2240720759496204,0.4623143856299009,0.10256218278224294,1.309212907560159,-0.08514083161053865
7532040100,7.11898601812817,1.2245494033108741,0.4624101270730949,0.09574144319404132,1.3095537618860043,-0.08500435857513011
7533040100,7.119880998052925,1.2249533975259732,0.46252340919011753,0.11328211702259505,1.3098946478706104,-0.08494125034463718
7534040100,7.120775927436059,1.2254196599437746,0.46262587899091323,0.10246980079567791,1.3102355666647085,-0.08481590672093398
7535040100,7.12167081109167,1.2258635090687025,0.4627649056186902,0.13902662777700847,1.3105765152788322,-0.08471300621012978
7536040100,7.122565632691119,1.2262611675490858,0.4628725624275215,0.10765680883129525,1.310917495541819,-0.08465632799273326
7537040100,7.123460406224809,1.2267776902214487,0.4629912359694972,0.11867354197567925,1.311258501225737,-0.08448081100428828
7538040100,7.12435512676206,1.2271829664499025,0.4631329042386178,0.14166826912061037,1.311599537655784,-0.08441657120588153
7539040100,7.125249784017541,1.227618470290162,0.4632148048123286,0.0819005737107803,1.3119406029470468,-0.08432213265688482
7540040100,7.12614440468068,1.2280310737542686,0.4633522146167273,0.13740980439873285,1.3122816931719008,-0.08425061941763223
7541040100,7.12703896393704,1.2285075161433874,0.463474334254788,0.12211963806071768,1.3126228185002304,-0.08411530235684306
7542040100,7.127933468605435,1.2289360210059967,0.46360777867639147,0.13344442160347203,1.3129639694647324,-0.08402794845873562
7543040100,7.128827913608388,1.2293623933427753,0.46370904587072564,0.10126719433425047,1.3133051486589942,-0.08394275531621886
7544040100,7.129722313322297,1.2298118507837161,0.46383412129185786,0.12507542113220937,1.3136463541396637,-0.08383450335594755
7545040100,7.130616657086908,1.2302312649394023,0.4639601057853971,0.12598449353925556,1.3139875913849899,-0.08375632644558761
7546040100,7.131510944481428,1.2307183442235683,0.46407434716879226,0.1142413833952336,1.3143288563221596,-0.08361051209859127
7547040100,7.132405180747883,1.231089519241745,0.46420346774229954,0.12912057350728734,1.3146701487840566,-0.0835806295423116
7548040100,7.1332993592131295,1.2315256451476486,0.46429847794028606,0.09501019798649857,1.315011470765075,-0.08348582561742646
7549040100,7.134193495137258,1.2320112907025882,0.46445139532475355,0.1529173844675098,1.3153528197118582,-0.08334152900927005
7550040100,7.135087562575192,1.2323733144459346,0.46457166119432175,0.12026586956821284,1.3156942014443231,-0.08332088699838858
7551040100,7.135981576135683,1.2328347048416397,0.4646668951045679,0.09523391024613126,1.3160356060501783,-0.08320090120853862
7552040100,7.1368755470235286,1.2332284594775837,0.46482391011903085,0.15701501446289523,1.3163770391004697,-0.08314857962288591
7553040100,7.137769447537995,1.233703095632271,0.4649310161148416,0.10710599581075364,1.3167185048691827,-0.08301540923691175
7554040100,7.138663300035422,1.2341759218248978,0.4650718517720093,0.1408356571677154,1.3170599927689892,-0.08288407094409145
7555040100,7.139557089378748,1.2345996813104048,0.46517199143884236,0.10013966683305897,1.3174015113334043,-0.08280183002299957
7556040100,7.140450833806252,1.235043995406589,0.46527278880375356,0.10079736491117597,1.3177430547724853,-0.08269905936589628
7557040100,7.141344533013885,1.2355444608547308,0.4653979675274647,0.12517872371116212,1.3180846300494231,-0.08254016919469231
7558040100,7.142238176051002,1.2359692284412747,0.46551267938712715,0.11471185966242059,1.3184262370432869,-0.08245700860201222
7559040100,7.143131767602026,1.236365867299924,0.4655990137123653,0.08633432523811813,1.318767871562656,-0.08240200426273203
7560040100,7.144025320395882,1.2367378822082058,0.4657230444650207,0.12403075265542896,1.3191095353921973,-0.08237165318399153
7561040100,7.144918817498251,1.2372207756353586,0.46586104428665115,0.13799982163048785,1.3194512333940658,-0.08223045775870719
7562040100,7.145812252620676,1.237576438459358,0.4660113125358163,0.15026824916506598,1.319792959087433,-0.08221652062807516
7563040100,7.14670562023368,1.237973477876019,0.4661058730358277,0.09456050001141181,1.3201347100602412,-0.08216123218422222
7564040100,7.147598945354152,1.2384314727504726,0.46626403365343383,0.15816061760613565,1.3204764841894239,-0.08204501143895127
7565040100,7.148492199384332,1.2388076934798133,0.4664014070223215,0.13737336888763707,1.3208182910392914,-0.08201059755947804
7566040100,7.1493853916495755,1.2392738264099392,0.46650808664660615,0.10667962428457356,1.3211601196610339,-0.08188629325109464
7567040100,7.150278535938579,1.239763030694565,0.46665559544516944,0.14750879856331212,1.3215019736150175,-0.08173894292045247
7568040100,7.151171613872797,1.2402635145776255,0.4667579122515085,0.10231680633905649,1.3218438581722936,-0.08158034359466804
7569040100,7.152064645769805,1.2407068522452185,0.46684841404278904,0.09050179128054392,1.3221857662910708,-0.08147891404585228
7570040100,7.15295763693795,1.2411027454471126,0.4669329706640743,0.08455662128526953,1.3225277057432194,-0.0814249602961068
7571040100,7.15385059004615,1.2415819006003332,0.46704591326334816,0.11294259927384998,1.3228696785568523,-0.08128777795651909
7572040100,7.154743492307579,1.2420281480221644,0.467182486935437,0.13657367208885862,1.3232116857502412,-0.08118353772807674
7573040100,7.15563633306831,1.2424515196111439,0.46727717252582096,0.09468559038392899,1.3235537224213267,-0.08110220281018288
7574040100,7.156529131181254,1.2428503728024092,0.4673881182992465,0.1109457734255117,1.323895784482442,-0.08104541168003276
7575040100,7.157421879312401,1.2433133192722159,0.467510352065057,0.12223376581048306,1.32423787915058,-0.08092455987836411
7576040100,7.158314572363714,1.2437974774888136,0.4676447478161897,0.13439575113271474,1.324580003610624,-0.08078252612181025
7577040100,7.159207204839477,1.2442277117276934,0.4677468701799851,0.10212236379540496,1.3249221559029287,-0.0806944441752353
7578040100,7.16009979127534,1.2447657846845972,0.4678381165746669,0.09124639468176987,1.3252643339142693,-0.08049854922967214
7579040100,7.160992336566649,1.2451253866966878,0.4679561617052705,0.11804513060357325,1.325606543210597,-0.08048115651390919
7580040100,7.16188482861837,1.2455418224772998,0.4680199113920344,0.06374968676394355,1.32594878566427,-0.08040696318697016
7581040100,7.162777291913145,1.2460001239313323,0.4681728784107608,0.15296701872634433,1.326291056632428,-0.08029093270109566
7582040100,7.163669686190996,1.2464243338317258,0.468297294472844,0.12441606208323819,1.3266333655001183,-0.08020903166839255
7583040100,7.16456202431838,1.2468221347125747,0.46840056466281055,0.10327018996652448,1.3269756968200745,-0.0801535621074998
7584040100,7.165454315828193,1.2473145655803066,0.4685207280985686,0.120163435758053,1.32731805552039,-0.08000348994008344
7585040100,7.166346553082616,1.2477909669172162,0.4686539988499175,0.13327075134891153,1.3276604452527394,-0.07986947833552316
7586040100,7.167238730148453,1.2482147621062614,0.4687396700415711,0.08567119165360149,1.3280028630807443,-0.07978810097448297
7587040100,7.168130868514553,1.2486931174154852,0.4688331020794458,0.093432037874706,1.3283453067206707,-0.07965218930518558
7588040100,7.1690229646676915,1.2490567573111226,0.4689526873941152,0.11958531466946765,1.3286877844151306,-0.07963102710400793
7589040100,7.169915006780352,1.2494727524945597,0.4690447379207325,0.09205052661730662,1.329030294811485,-0.07955754231692524
7590040100,7.170807007286786,1.2499234210819758,0.46919412024609164,0.14938232535916285,1.3293728333634718,-0.07944941228149593
7591040100,7.171698940257319,1.2502958015343202,0.46931719209210443,0.12307184601272558,1.3297154048405915,-0.07941960330627129
7592040100,7.172590817571991,1.250769164375617,0.46942272750447345,0.10553541236899733,1.3300579992783028,-0.0792888349026859
7593040100,7.173482647150413,1.2512330143531052,0.4695673588926449,0.1446313881714687,1.3304006212323358,-0.07916760687923063
7594040100,7.174374411292385,1.2516997689193357,0.46966125136272646,0.09389247008157531,1.3307432737392588,-0.07904350481992317
7595040100,7.175266132944036,1.252105827016618,0.46975967314621614,0.0984217834896719,1.331085949991813,-0.07898012297519497
7596040100,7.176157810047219,1.2524611082059403,0.469856406351523,0.09673320530684304,1.3314286588012756,-0.07896755059533533
7597040100,7.1770494433578165,1.252861033288906,0.4699833773711824,0.12697101965935254,1.3317713993721867,-0.07891036608328061
7598040100,7.17794101917405,1.2532564231754484,0.4701357276443094,0.15235027312696792,1.3321141719905185,-0.07885774881507013
7599040100,7.178832525984844,1.253682463246466,0.4702656576893956,0.12993004508622352,1.3324569713832304,-0.07877450813676434
7600040100,7.179723973928856,1.2541339582587363,0.47039776353889595,0.13210584950034399,1.3327997931167488,-0.07866583485801248
7601040100,7.1806153620048745,1.2545911687808486,0.4705143890298869,0.1166254909909421,1.333142641081995,-0.07855147230114645
7602040100,7.18150669721539,1.2550371420257422,0.47061808287202145,0.1036938421345388,1.333485514886835,-0.07844837286109274
7603040100,7.182397985412046,1.2554698050544788,0.47071870320559717,0.10062033357574451,1.333828417218207,-0.0783586121637283
7604040100,7.183289227979182,1.2559020225750408,0.4708247502992214,0.10604709362419795,1.3341713503217605,-0.07826932774671969
7605040100,7.184180422446092,1.256385063537381,0.47093728842716437,0.11253812794296802,1.3345143147252045,-0.07812925118782355
7606040100,7.185071565857649,1.2568310874412099,0.47104988645290574,0.11259802574135858,1.3348573094727634,-0.07802622203155352
7607040100,7.185962658175385,1.2573094060993173,0.47113680783738576,0.08692138448008269,1.335200333421632,-0.07789092732231473
7608040100,7.186853711042912,1.2577269815763776,0.4712420463518665,0.10523851448073707,1.3355433865512971,-0.07781640497491948
7609040100,7.187744716137791,1.25817128028423,0.4713308815485493,0.08883519668278916,1.335886473339574,-0.07771519305534413
7610040100,7.188635680898571,1.258639968051282,0.47144995618768404,0.11907463913471927,1.3362295905775454,-0.07758962252626334
7611040100,7.18952659158452,1.2590990199550331,0.4715554820733302,0.10552588564611654,1.336572741125174,-0.07747372117014084
7612040100,7.190417454337916,1.2596335178596805,0.4716485790097662,0.09309693643601191,1.336915919685218,-0.07728240182553758
7613040100,7.191308274796068,1.260060633236412,0.47174627613737313,0.09769712760687188,1.337259128617987,-0.07719849538157497
7614040100,7.192199050860743,1.2605167191849314,0.4718058828729505,0.059606735577373726,1.3376023700905577,-0.07708565090562636
7615040100,7.193089799836,1.2609439263284092,0.47191902939457847,0.1131465216279679,1.3379456432900234,-0.07700171696161418
7616040100,7.193980497380958,1.2613079789209913,0.47201748086826173,0.0984514736833213,1.3382889548815662,-0.07698097596057485
7617040100,7.1948711501659135,1.261728854764644,0.4721302231494005,0.11274228113875928,1.3386322954799894,-0.0769034407153455
7618040100,7.195761751683088,1.2621581574377287,0.4722745157854391,0.14429263603855969,1.338975667651301,-0.0768175102135722
7619040100,7.196652287568938,1.2625918546553576,0.4723902575750419,0.1157417896027888,1.3393190688813625,-0.07672721422600493
7620040100,7.197542770796378,1.2630492820309147,0.47250162867641754,0.11137110137565331,1.339662493624914,-0.07661321159399925
7621040100,7.198433203342656,1.2635266080100545,0.47261063371731793,0.10900504090038954,1.340005946877774,-0.07647933886771963
7622040100,7.199323586273788,1.2640644201831364,0.47270755998566316,0.09692626834522855,1.3403494293967562,-0.0762850092136198
7623040100,7.200213925078709,1.2644948949921815,0.47279428389835776,0.08672391269457513,1.3406929415875162,-0.07619804659533469
7624040100,7.2011042243950065,1.2648959911540396,0.4728503909500056,0.056107051647809936,1.341036485562693,-0.07614049440865345
7625040100,7.201994498160108,1.2653848162604107,0.4729600087142125,0.1096177642069045,1.3413800631075503,-0.07599524684713965
7626040100,7.202884721997107,1.2659214381713055,0.4730842175496191,0.12420883540658467,1.341723679598065,-0.0758022414267594
7627040100,7.203774889247215,1.2663079231561276,0.4731642909683662,0.08007341874709395,1.3420673256220397,-0.07575940246591206
7628040100,7.204665020010303,1.2668070342192286,0.4732200947998076,0.055803831441401996,1.342410998602972,-0.0756039643837434
7629040100,7.20555512534191,1.267257444952455,0.4733508949487563,0.13080014894879843,1.3427547062960024,-0.0754972613435474
7630040100,7.2064451710530975,1.26772424507461,0.4734250886078746,0.0741936591182557,1.3430984529676273,-0.0753742078930173
7631040100,7.207335182939077,1.2682023743343627,0.4735234385931042,0.09834998522963234,1.343442225410243,-0.07523985107588027
7632040100,7.208225149979323,1.2686614602047204,0.4736133607140057,0.0899221209015546,1.3437860335820417,-0.07512457337732137
7633040100,7.209115076009248,1.2690109643864136,0.47369736748852415,0.08400677451842853,1.3441298732220588,-0.0751189088356452
7634040100,7.210004963720134,1.2694972757056904,0.4737906811993885,0.09331371086435247,1.344473745807754,-0.07497647010206365
7635040100,7.210894808859331,1.269967620409358,0.47393879096423225,0.14810976484369132,1.344817652375223,-0.07485003196586515
7636040100,7.211784586411811,1.270338709896868,0.4740182293416675,0.07943837743520943,1.3451615912770372,-0.07482288138016924
7637040100,7.212674327706248,1.27083394214405,0.4741054143824761,0.08718504080859635,1.3455055528381301,-0.07467161069408013
7638040100,7.21356402920037,1.2713006131243798,0.4742421841051502,0.1367697226740172,1.3458495491634004,-0.07454893603902057
7639040100,7.214453668244951,1.2717371288708983,0.474316597358233,0.07441325308280256,1.3461935788797632,-0.07445645000886492
7640040100,7.215343273305185,1.2722880402829149,0.4744050626577603,0.08846529952726989,1.3465376332235053,-0.07424959294059041
7641040100,7.21623283795713,1.2727673250719334,0.4745084329650773,0.10337030731700825,1.3468817231978711,-0.07411439812593779
7642040100,7.217122355383805,1.2731749205547542,0.47455420961208183,0.04577664700455397,1.347225846314732,-0.07405092575997774
7643040100,7.218011851894141,1.273666068677028,0.4746355458184886,0.08133620640676842,1.3475699999324675,-0.07390393125543948
7644040100,7.218901311235609,1.2740866229032863,0.47475261504470134,0.1170692262127595,1.3479141942270765,-0.07382757132379014
7645040100,7.21979071706867,1.274562322523059,0.474827634381969,0.07501933726768151,1.3482584229075059,-0.07369610038444696
7646040100,7.220680088606507,1.2750141301483175,0.47493781520906303,0.11018082709397614,1.3486026796454453,-0.07358854949712779
7647040100,7.221569409765906,1.2754620212134018,0.47502017448239126,0.08235927332822879,1.3489469718731044,-0.07348495065970262
7648040100,7.222458693260782,1.275900682771718,0.47511428246704107,0.09410798464979031,1.3492912933601033,-0.07339061058838525
7649040100,7.223347933710832,1.2762921876898512,0.4752101562222918,0.09587375525073938,1.3496356490243926,-0.0733434613345414
7650040100,7.224237130300297,1.2767343980647792,0.47531047320778363,0.1003169854918311,1.3499800367786357,-0.07324563871385648
7651040100,7.225126280987727,1.2771694557045805,0.4754342903240162,0.1238171162325421,1.3503244563024488,-0.07315500059786828
7652040100,7.2260153750078295,1.277631325561412,0.4755325750149341,0.09828469091792336,1.3506689068004256,-0.0730375812390136
7653040100,7.2269044240363165,1.278093544418805,0.47563427034621353,0.10169533127943176,1.3510133840964293,-0.07291983967762428
7654040100,7.227793426502863,1.2785724932756233,0.4757223381828697,0.08806783665615114,1.3513578927085312,-0.07278539943290796
7655040100,7.228682388639488,1.2790414080138428,0.47581001175680354,0.08767357393386765,1.351702432023398,-0.0726610240095551
7656040100,7.2295713106198916,1.2794707402176537,0.47588906686332333,0.07905510651977865,1.3520470044518476,-0.07257626423419383
7657040100,7.230460196385644,1.2799879910548055,0.4759729069013144,0.08384003799107154,1.352391610057289,-0.07240361900248349
7658040100,7.231349043738726,1.280480025124461,0.47607638534180896,0.10347844049454835,1.3527362503641598,-0.07225622523969877
7659040100,7.232237843672874,1.2808682649907168,0.47613557659528716,0.05919125347817911,1.3530809245168065,-0.07221265952608968
7660040100,7.233126616478386,1.2812747301547949,0.47620709843556747,0.07152184028031083,1.353425629018453,-0.07215089886365811
7661040100,7.234015356499731,1.281651932299661,0.47633044548131825,0.12334704575080924,1.353770371734882,-0.072118439435221
7662040100,7.234904039970602,1.2821519706905493,0.47644457554065395,0.11413005933561093,1.354115150470168,-0.07196317977961875
7663040100,7.235792671104633,1.2825903400276775,0.476573290272205,0.1287147315510775,1.3544599559997437,-0.0718696159720662
7664040100,7.236681243199816,1.2830014005365666,0.476640289812167,0.06699953996198671,1.354804789952226,-0.07180338941565934
7665040100,7.237569784557836,1.2834057212427996,0.4767379510196932,0.09766120752617269,1.3551496497204383,-0.07174392847763866
7666040100,7.238458281104997,1.2839323654791956,0.47684914714772253,0.11119612802930856,1.3554945462837367,-0.07156218080454102
7667040100,7.239346726620617,1.2844534284640268,0.4769636127263371,0.11446557861458251,1.3558394741757702,-0.07138604571174345
7668040100,7.240235119592767,1.2848934820509672,0.477016568771549,0.05295604521190844,1.3561844309763842,-0.07129094892541699
7669040100,7.241123488252409,1.2852302340670907,0.47707197768446513,0.055408912916139474,1.3565294160927337,-0.071299182025643
7670040100,7.242011831470747,1.2857610453176676,0.47716771531725327,0.09573763278806746,1.3568744404839883,-0.07111339516632076
7671040100,7.242900130724202,1.286188679296718,0.4773151399176526,0.14742460039935734,1.3572195037103505,-0.0710308244136324
7672040100,7.243788362261029,1.28662241960089,0.4773651828223307,0.05004290467803019,1.3575645985736244,-0.07094217897273447
7673040100,7.244676570807231,1.2870874347352974,0.47746666510299623,0.10148228066551113,1.3579097158400266,-0.07082228110472921
7674040100,7.245564732723789,1.2876001081063155,0.47756492817658974,0.09826307359343023,1.3582548728828279,-0.07065476477651234
7675040100,7.246452849481166,1.2882237535360224,0.4776473340070817,0.08240583049196326,1.3586000605129094,-0.07037630697688702
7676040100,7.247340928360332,1.2886698097043854,0.47770559104142657,0.05825703434488139,1.358945279296929,-0.0702754695925436
7677040100,7.248228980457751,1.289138767121787,0.47770782077010476,0.0022297286782011483,1.3592905320609319,-0.07015176493914477
7678040100,7.249117031530066,1.2895641378881946,0.4777986605126378,0.0908397425330234,1.3596358231162142,-0.07007168522801965
7679040100,7.2500050408356165,1.2901438751164203,0.47787782144356705,0.07916093092917587,1.3599811624778475,-0.06983728736142725
7680040100,7.250893013738171,1.2906463636418577,0.47797863979035926,0.10081834679220858,1.3603265343016773,-0.06968017065981957
7681040100,7.251780940270281,1.2910980925510775,0.47800182240653183,0.023182616172554127,1.3606719406700982,-0.06957384811902068
7682040100,7.252668856138491,1.2916015278039228,0.47806333248208005,0.06151007554823806,1.3610173777018453,-0.06941584989792249
7683040100,7.253556743710024,1.292074484776476,0.4781500251136452,0.08669263156513685,1.361362859286121,-0.06928837450964509
7684040100,7.254444591394365,1.292553610622511,0.4782105709423249,0.06054582867969138,1.361708378561655,-0.06915476793914399
7685040100,7.255332411217674,1.293087188081362,0.4782861198813856,0.07554893906071625,1.3620539310151152,-0.06896674293375327
7686040100,7.256220196271491,1.2936124922090178,0.47835833382588333,0.07221394449775076,1.3623995213242566,-0.06878702911523882
7687040100,7.2571079480859275,1.2940635920713084,0.47840296491751444,0.0446310916310555,1.362745146797458,-0.06868155472614967
7688040100,7.257995679354788,1.2945436181672658,0.47845139089946415,0.04842598194971037,1.3630908080275255,-0.06854718986025965
7689040100,7.2588833883291235,1.2950328270267566,0.4785367260152649,0.08533511580081843,1.3634365099552959,-0.06840368292853927
7690040100,7.259771058011513,1.2955204674963106,0.47860734971474744,0.07062369948254066,1.363782251898872,-0.06826178440256148
7691040100,7.260658695170832,1.2959652090012612,0.4786731151065344,0.06576539178692942,1.3641280272357967,-0.06816281823453552
7692040100,7.261546302040412,1.2963854003373523,0.47873939765969864,0.0662825531643425,1.3644738385995616,-0.06808843826220934
7693040100,7.262433878378177,1.296872686241294,0.4788269498483024,0.08755218860370961,1.3648196868577855,-0.0679470006164915
7694040100,7.263321414380691,1.2973863727652148,0.4789266468824097,0.09969703410729958,1.365165571913849,-0.06777919914863406
7695040100,7.264208904444545,1.29791165471295,0.47899253222981564,0.06588534740591356,1.3655114899442715,-0.06759983523132163
7696040100,7.2650963641447355,1.2983739408285047,0.47904489821742463,0.052365987609013676,1.365857438760738,-0.0674834979322334
7697040100,7.265983799708994,1.2988427567814662,0.47909112321988595,0.04622500246132644,1.3662034244308927,-0.0673606676494265
7698040100,7.266871213965732,1.2992928409611217,0.4791686319643907,0.07750874450471645,1.3665494493809192,-0.06725660841979741
7699040100,7.26775859249038,1.2997462020026613,0.47924264984812204,0.0740178837313521,1.3668955147126347,-0.06714931270997337
7700040100,7.268645936887274,1.3002062672179722,0.4793258457716551,0.08319592353303618,1.367241614798889,-0.06703534758091689
7701040100,7.26953324291885,1.300751396787488,0.4794072061196049,0.0813603479498366,1.3675877502623912,-0.06683635347490324
7702040100,7.270420511425636,1.3012414357249267,0.4794850042097894,0.07779809018449635,1.367933919446891,-0.06669248372196424
7703040100,7.271307744045111,1.301707473593512,0.4795198890626002,0.03488485281075571,1.3682801226767722,-0.06657264908326033
7704040100,7.272194960570886,1.3021145758122767,0.4795820485827252,0.06215952012499981,1.368626360587644,-0.06651178477536734
7705040100,7.273082148417449,1.3025050577694226,0.4796559863778568,0.07393779513157206,1.3689726409022889,-0.06646758313286627
7706040100,7.273969302146066,1.3029614230718725,0.4797592915559768,0.10330517812000162,1.3693189587076162,-0.06635753563574376
7707040100,7.274856408197294,1.3034441665814338,0.4798708372819439,0.11154572596712953,1.369665311878137,-0.0662211452967032
7708040100,7.275743462757328,1.3039196458521634,0.4799492389935919,0.07840171164799337,1.370011695116105,-0.06609204926394163
7709040100,7.27663048111934,1.3043339030035561,0.4800141939148646,0.06495492127266189,1.3703581069269077,-0.06602420392335162
7710040100,7.2775174694875755,1.304853358234838,0.4800825371070507,0.06834319218608798,1.3707045532783262,-0.06585119504348813
7711040100,7.278404426293417,1.305342965857284,0.48018137300761304,0.09883590056238489,1.371051036590842,-0.065708070733558
7712040100,7.279291337447329,1.3057788413158289,0.48022728240494195,0.04590939732890975,1.3713975562493559,-0.065618714933527
7713040100,7.280178227392918,1.3062188701951216,0.48028784760376014,0.060565198818183674,1.3717441067456804,-0.06552523655055875
7714040100,7.2810650893569235,1.306666620923776,0.4803751156535096,0.08726804974946711,1.372090697628085,-0.06542407670430905
7715040100,7.281951910996704,1.3071582335113585,0.48046014030993156,0.08502465642193169,1.372437326248292,-0.06527909273693355
7716040100,7.282838693342376,1.3075399124789382,0.4805411206663569,0.08098035642529089,1.3727839877792931,-0.06524407530035492
7717040100,7.2837254382570515,1.3079614866693734,0.4805998966466021,0.05877598024516395,1.37313068261993,-0.0651691959505567
7718040100,7.284612156000464,1.30842235491658,0.4807135861234127,0.11368947681063668,1.3734774114949957,-0.0650550565784156
7719040100,7.285498821178228,1.3088869201925226,0.48080719531537913,0.09360919196643991,1.3738241784135887,-0.06493725822106611
7720040100,7.286385443066093,1.3093787803925505,0.4808809482980664,0.07375298268718256,1.3741709734409255,-0.06479219304837502
7721040100,7.287272030841161,1.3099044036556116,0.48095263128026033,0.07168298219395153,1.3745178001997864,-0.06461339654417486
7722040100,7.288158585456244,1.3103862265351651,0.4810103925992913,0.057761319030967595,1.3748646622764085,-0.06447843574124335
7723040100,7.289045113348077,1.3108586107445854,0.4810509325233134,0.0405399240220925,1.3752115600407322,-0.06435294929614677
7724040100,7.289931622482367,1.3113492895649252,0.4811131206327096,0.06218810939621733,1.3755584960091625,-0.06420920644423722
7725040100,7.290818102839815,1.3118866125772723,0.48117979628274377,0.06667565003413722,1.375905473297994,-0.06401886072072172
7726040100,7.291704552340053,1.3123506628235584,0.4812370578844558,0.05726160171202643,1.3762524879845088,-0.06390182516095044
7727040100,7.292590975336719,1.312790217030207,0.48127063547235416,0.03357758789830623,1.3765995392521475,-0.06380932222194047
7728040100,7.293477382790622,1.313262199247543,0.48134063373588765,0.06999826353349592,1.3769466288033883,-0.06368442955584519
7729040100,7.294363757839748,1.3137253217075266,0.48142271423173005,0.08208049584240795,1.37729376092933,-0.06356843922180344
7730040100,7.295250094885254,1.3141885174042034,0.4814883523093965,0.06563807766648422,1.3776409290252936,-0.06345241162109017
7731040100,7.296136401535752,1.3147117635075594,0.481558206342022,0.0698540326254733,1.3779881308952895,-0.06327636738773013
7732040100,7.297022675834768,1.3152777506989497,0.4816278086556638,0.06960231364176428,1.3783353695169112,-0.06305761881796146
7733040100,7.297908917894578,1.315737545569047,0.4816670521268153,0.03924347115155502,1.378682644121195,-0.06294509855214803
7734040100,7.2987951417752495,1.3162269904145105,0.48168450562010656,0.017453493291248456,1.3790299547495444,-0.06280296433503385
7735040100,7.29968135757033,1.3166767236971408,0.4817548483175936,0.07034269748703315,1.3793773069105448,-0.062700583213404
7736040100,7.300567540775369,1.3171868218413327,0.48181010260835405,0.05525429076052868,1.3797247045608856,-0.06253788271955285
7737040100,7.301453698377808,1.3175890712584315,0.48188503075393674,0.074928145582708,1.3800721380941674,-0.0624830668357359
7738040100,7.302339821257259,1.3180169729676914,0.4819294690809874,0.04443832705062967,1.3804196102477917,-0.062402637280100315
7739040100,7.303225923540875,1.3184460059244736,0.48202774152722894,0.09827244624148523,1.3807671174433054,-0.062321111518831795
7740040100,7.304111980271942,1.3190042928220094,0.4821130445593071,0.08530303207813006,1.3811146652190658,-0.06211037239705641
7741040100,7.304997997455276,1.3194802100339342,0.48219763928738535,0.08459472807828394,1.3814622437838082,-0.06198203374987399
7742040100,7.3058839754128915,1.3199763610954165,0.48221720102291227,0.01956173552692153,1.3818098554887897,-0.061833494393373156
7743040100,7.306769944299026,1.3204844229699197,0.4822777075603503,0.06050653743799739,1.3821575004565823,-0.06167307748666251
7744040100,7.307655885123952,1.320885120848173,0.4823278167922278,0.0501092318775016,1.382505190518021,-0.0616200696698479
7745040100,7.308541802707191,1.3213622382871393,0.48237167242079176,0.043855628563953974,1.3828529182204363,-0.06149067993329704
7746040100,7.309427699947466,1.3218258372028338,0.4824691229276173,0.0974505068255005,1.3832006854539713,-0.06137484825113759
7747040100,7.310313551978043,1.3222408036069788,0.4825281247192354,0.059001791618091826,1.3835484933556508,-0.061307689748671956
7748040100,7.311199376632143,1.322765303210198,0.4825936745245335,0.0655498052981125,1.383896332159992,-0.06113102894979394
7749040100,7.31208517086791,1.3233597641873427,0.48268342178173756,0.0897472572040896,1.3842442088661429,-0.060884444678800165
7750040100,7.312970923450365,1.3237901419591211,0.4827180681445153,0.03464636277772781,1.384592122277482,-0.060801980318360815
7751040100,7.313856659950913,1.3243795688589524,0.4827172590777927,-0.000809066722498919,1.384940067978036,-0.060560499119083566
7752040100,7.314742396827019,1.3248290484143341,0.4827983428942183,0.0810838164255836,1.385288056010868,-0.06045900759653389
7753040100,7.315628096062107,1.325317823146295,0.4827994404350226,0.0010975408042703805,1.3856360928432103,-0.06031826969691534
7754040100,7.31651379478765,1.3257870923927246,0.4828703331623606,0.07089272733801799,1.385984163536694,-0.06019707114396944
7755040100,7.317399460598279,1.3261460773181832,0.4829213138239029,0.05098066154224723,1.3863322826831883,-0.060186205365005074
7756040100,7.31828510273625,1.3266304785975715,0.48298182915451615,0.06051533061322356,1.3866804375459125,-0.060049958948340976
7757040100,7.319170716771193,1.3270200727535548,0.48309748284360443,0.11565368908826335,1.3870286317560598,-0.06000855900250501
7758040100,7.3200562770880975,1.3274953709133626,0.4831501756153009,0.052692771696476015,1.3873768635702746,-0.059881492656912005
7759040100,7.320941812926693,1.3279008137821298,0.48325020802605007,0.10003241074916591,1.3877251229124852,-0.05982430913035541
7760040100,7.321827302288695,1.3283281291978764,0.4833071481212497,0.056940095199682794,1.3880734212779124,-0.059745292080036094
7761040100,7.322712765191497,1.3288051564972383,0.4833989210845713,0.09177296332159823,1.3884217500111014,-0.05961659351386306
7762040100,7.32359818544275,1.3292666513306197,0.48347961498491887,0.08069390034760993,1.3887701169830926,-0.05950346565247289
7763040100,7.324483568185294,1.329788483983382,0.48353521474220523,0.05559975728636424,1.3891185158203818,-0.05933003183699981
7764040100,7.325368925080213,1.330260966214702,0.48359837047313864,0.06315573093341609,1.3894669485427258,-0.059205982328023765
7765040100,7.32625425261151,1.3307367445749279,0.48363102743704817,0.032656963909529324,1.3898154197367205,-0.05907867516179266
7766040100,7.327139564957894,1.3312931908612105,0.4836881308254296,0.057103388381392506,1.3901639280166762,-0.05887073715546576
7767040100,7.328024850749939,1.3317679516097023,0.483743350152178,0.05521932674842844,1.3905124789630854,-0.05874452735338309
7768040100,7.328910110861032,1.3321987567058944,0.4837578410584451,0.014490906267039527,1.3908610680990563,-0.058662311393161914
7769040100,7.329795364232366,1.33265715888287,0.48381294148516335,0.055100426718242446,1.3912096957669249,-0.05855253688405493
7770040100,7.330680591974646,1.333036695211905,0.4838898746491237,0.0769331639603088,1.3915583694260505,-0.05852167421414545
7771040100,7.33156578392824,1.3335189419322395,0.4839528128112851,0.0629381621613807,1.391907081636596,-0.05838813970435641
7772040100,7.332450946599613,1.3339148461333938,0.4840551415248897,0.10232871360455809,1.3922558283941164,-0.058340982260722596
7773040100,7.333336061654675,1.3343633507261747,0.4841058653164065,0.05072379151676554,1.3926046122593903,-0.058241261533215516
7774040100,7.334221153103154,1.334831985221576,0.4841996846807182,0.09381936431174198,1.3929534260045706,-0.05812144078299464
7775040100,7.335106200882596,1.3351961791184894,0.48426701940747474,0.0673347267565263,1.3933022790884735,-0.05810609996998406
7776040100,7.335991217315702,1.335667434748862,0.4843240692894594,0.05704988198460681,1.3936511636008042,-0.05798372885194225
7777040100,7.336876207187238,1.3361806512515841,0.48443332456613275,0.10925527667327062,1.39400008439571,-0.057819433144125965
7778040100,7.337761146183113,1.3366533057981798,0.48448882244769315,0.05549788156037527,1.3943490433575576,-0.05769573755937785
7779040100,7.338646059331875,1.3371338716333474,0.4845230304614678,0.03420801377460725,1.394698030895455,-0.05756415926210767
7780040100,7.33953095654753,1.3376283424346802,0.48457728640731323,0.054255945845476994,1.3950470568761517,-0.05741871444147151
7781040100,7.340415828490204,1.3381717416698458,0.48462734285056336,0.05005644325010472,1.39539612520921,-0.05722438353936421
7782040100,7.3413006771137574,1.3386568880563903,0.4846701771819752,0.04283433141178605,1.395745232209638,-0.057088344153247705
7783040100,7.3421855057809,1.3391456269318016,0.484688178045686,0.018000863710810666,1.3960943786470175,-0.05694875171521585
7784040100,7.343070326060998,1.3395948346397708,0.48473505305228476,0.04687500659874333,1.3964435658473917,-0.056848731207620906
7785040100,7.343955124499536,1.340139039985846,0.48477987309259746,0.04482004031263154,1.3967927983768789,-0.05665375839103293
7786040100,7.344839902052215,1.3406304685528956,0.4848442814308307,0.06440833823319769,1.3971420709253124,-0.056511602372416814
7787040100,7.345724649587895,1.3411271438433476,0.48486082109388884,0.016539663058132703,1.3974913838691734,-0.05636424002582574
7788040100,7.346609389414804,1.341610671391314,0.4849034851129271,0.04266401903822281,1.3978407336020027,-0.0562300622106886
7789040100,7.347494109355839,1.3420627924080402,0.484943249513633,0.03976440070593146,1.3981901289320184,-0.05612733652397828
7790040100,7.348378810761075,1.3424905740331041,0.4849893423197391,0.04609280610607547,1.398539565050779,-0.05604899101767491
7791040100,7.349263490678832,1.342933377552396,0.48505095341604176,0.0616110963027281,1.3988890424910991,-0.05595566493870319
7792040100,7.350148141871884,1.3435597774198724,0.48512459826058585,0.07364484454405984,1.399238560086438,-0.055678782666565674
7793040100,7.351032758725375,1.3440164243003627,0.4851905656636775,0.06596740309165572,1.3995881149761296,-0.05557169067576684
7794040100,7.351917344815115,1.344463683865592,0.4851641998498975,-0.026365813779994696,1.399937704939095,-0.05547402107350319
7795040100,7.352801943200956,1.3449218243439753,0.48522251395241256,0.0583141025150784,1.4002873313858224,-0.05536550704184706
7796040100,7.353686514390299,1.345384485304179,0.4852853446882021,0.06283073578953058,1.400637011336645,-0.05525252603246611
7797040100,7.354571056273315,1.3459003769643023,0.48534254479840716,0.05720011020496463,1.400986729181728,-0.05508635221742564
7798040100,7.355455571473276,1.3463639836441847,0.48539727772860186,0.05473293019470882,1.401336484085025,-0.054972500440840344
7799040100,7.356340061138377,1.3468362195791548,0.4854250815644302,0.027803835828347445,1.4016862770819252,-0.05485005750277039
7800040100,7.3572245378309855,1.347219536761725,0.4854788193098145,0.05373774538430309,1.4020361086249409,-0.05481657186321587
7801040100,7.358108989449124,1.347672290847118,0.4855280168919289,0.04919758211441083,1.4023859836822723,-0.05471369283515437
7802040100,7.358993418109031,1.3481822625869644,0.48562162872315057,0.09361183122168759,1.402735897466318,-0.05455363487935361
7803040100,7.359877803078722,1.3487351953896605,0.4856803357857154,0.05870706256479119,1.403085850813099,-0.05435065542343853
7804040100,7.360762160644885,1.3491845323731888,0.48571013376563493,0.029797979919542694,1.403435835516575,-0.05425130314338622
7805040100,7.361646504300658,1.3496783618404011,0.4857180609962788,0.00792723064380052,1.4037858580188853,-0.054107496178484205
7806040100,7.362530844255682,1.3501394315663322,0.48577760640696116,0.05954541068237962,1.4041359236598545,-0.05399649209352231
7807040100,7.363415156410751,1.3505156246405834,0.48581463961747856,0.03703321051733255,1.404486036482247,-0.05397041184166351
7808040100,7.36429945127455,1.3510033489810482,0.48586785437554103,0.053214758062487544,1.4048361869452606,-0.05383283796421234
7809040100,7.365183721289589,1.3514544011167713,0.4859634741945316,0.0956198189905999,1.4051863792089243,-0.05373197809215302
7810040100,7.366067946648429,1.3519006358806296,0.48600307421658684,0.03960002205519375,1.4055366102796398,-0.053635974399010244
7811040100,7.36695215351097,1.3523181902574481,0.4860608281024088,0.05775388582197305,1.4058868723093276,-0.05356868205187948
7812040100,7.367836333395455,1.3527305784275963,0.48612081420818093,0.05998610577214514,1.4062371756580667,-0.053506597230470465
7813040100,7.368720485256045,1.3533124287643432,0.4861950266649424,0.07421245676150034,1.4065875169645672,-0.053275088200223975
7814040100,7.369604602442168,1.35379738913896,0.4862717171101925,0.07669044525012403,1.4069378958126464,-0.053140506673686305
7815040100,7.370488683790912,1.354332354362624,0.4862632322999552,-0.008484810237271656,1.4072883095643327,-0.052955955201708704
7816040100,7.371372769104856,1.3547353599637275,0.4863029408293406,0.03970852938546843,1.4076387577556453,-0.05290339779191777
7817040100,7.372256835861294,1.3552173291018137,0.486317295119951,0.014354290610373077,1.4079892561643739,-0.052771927062560176
7818040100,7.37314089590901,1.3556872328324365,0.4863975493161648,0.08025419621382834,1.4083397958628652,-0.052652563030428645
7819040100,7.374024918445208,1.3560572853320985,0.4864380795298895,0.04053021372466459,1.4086903815499312,-0.05263309621783274
7820040100,7.374908922035064,1.3565457588504548,0.4864844268055461,0.04634727565658725,1.4090410010094097,-0.05249524215895485
7821040100,7.3757929039575405,1.3569488926257864,0.48658067771680896,0.09625091126288199,1.4093916616026902,-0.05244276897690381
7822040100,7.376676840876592,1.3575209461502362,0.4866174630597755,0.0367853429665943,1.4097423622498013,-0.0522214160995651
7823040100,7.377560760593993,1.3580404681498537,0.4866968334349132,0.07937037513774792,1.4100930936899267,-0.05205262554007306
7824040100,7.378444643191952,1.358485650140301,0.48669131668783044,-0.005516747082793483,1.4104438669519652,-0.051958216811664126
7825040100,7.379328528370129,1.3589350717274877,0.48671174911664516,0.020432428814725956,1.4107946741300417,-0.05185960240255394
7826040100,7.380212403991794,1.3593294351381497,0.48676917975843914,0.05743064179400292,1.411145530980594,-0.05181609584244429
7827040100,7.381096252750425,1.3597579543162635,0.4868243183086282,0.05513855018907421,1.4114964326881427,-0.05173847837187928
7828040100,7.381980075715401,1.360188423096193,0.48690692145217146,0.08260314354332987,1.4118473723816862,-0.051658949285493305
7829040100,7.382863860033833,1.3606675101445906,0.48697231054601725,0.06538909384573977,1.412198350484239,-0.05153084033964839
7830040100,7.383747613755178,1.3611828995703161,0.487036585062105,0.06427451608775714,1.4125493618891802,-0.0513664623188641
7831040100,7.384631337397289,1.3616908041490996,0.48707631094386594,0.0397258817609214,1.412900409790538,-0.051209605641438394
7832040100,7.385515042446629,1.3621427760546698,0.48709757520212255,0.021264258256579627,1.4132514943917656,-0.05110871833709574
7833040100,7.386398737543155,1.36256091304338,0.48712228659382995,0.024711391707382013,1.4136026202549274,-0.05104170721154744
7834040100,7.387282421072924,1.363122986181629,0.4871747832610263,0.05249666719634405,1.4139537908133661,-0.05083080463173717
7835040100,7.38816608002858,1.3635992935514907,0.4872440858014305,0.0693025404042289,1.4143050054267015,-0.05070571187521078
7836040100,7.389049706539431,1.364017948129806,0.4872410205774638,-0.003065223966679298,1.4146562589250138,-0.05063831079520775
7837040100,7.389933334485393,1.3644158817090897,0.4872806075724362,0.03958699497235907,1.415007548177762,-0.0505916664686723
7838040100,7.390816943896437,1.3649401107230466,0.4873489041097485,0.06829653731232677,1.4153588866542393,-0.050418775931192705
7839040100,7.391700521327291,1.3653918840054013,0.48742749256823564,0.0785884584871206,1.4157102664155232,-0.050318382410121876
7840040100,7.392584061953613,1.3659280235171938,0.4874426082532841,0.015115685048496807,1.416061682113508,-0.050133658596314135
7841040100,7.3934675955003355,1.3664226554351344,0.4874937690573153,0.05116080403116152,1.4164131318265305,-0.04999047639139609
7842040100,7.394351105083824,1.3669078946862607,0.4875023943745491,0.008625317233751595,1.4167646273775425,-0.04985673269128177
7843040100,7.395234610627068,1.3673521578031786,0.4875315101349696,0.029115760420495018,1.4171161620499362,-0.04976400424675753
7844040100,7.396118102531513,1.3677218761605578,0.4875650743803307,0.03356424536103608,1.4174677437712084,-0.049745867610650585
7845040100,7.397001578712409,1.3681317761876453,0.48761896485444395,0.05389047411322645,1.4178193687230127,-0.049687592535367475
7846040100,7.397885029645624,1.3686090254802459,0.4877101131367815,0.09114828233745786,1.418171036075968,-0.049562010595722183
7847040100,7.39876843787004,1.3690193579733825,0.48778107531949216,0.07096218271060817,1.4185227420383733,-0.049503384064990774
7848040100,7.399651812839054,1.3695401581418067,0.4878181310875107,0.037055768018538604,1.4188744796560258,-0.049334321514219015
7849040100,7.40053517044065,1.3700693400925585,0.48788854389313396,0.07041280562323804,1.419226252689377,-0.049156912596818536
7850040100,7.401418495037599,1.3705806383561394,0.4879034025146926,0.014858621558670126,1.419578067463835,-0.048997429107695556
7851040100,7.402301812669296,1.371089271763609,0.48791373638128827,0.010333866595598984,1.4199299177501636,-0.04884064598655469
7852040100,7.403185125456688,1.371537981508224,0.4879327109514502,0.018974570161947035,1.4202818139199742,-0.048743832411750176
7853040100,7.4040684293489445,1.3720116292605236,0.4879527274169335,0.020016465483247536,1.420633756819992,-0.048622127559468487
7854040100,7.404951723857288,1.3725026803708924,0.4880025355452584,0.04980812832491033,1.4209857448378536,-0.04848306446696116
7855040100,7.405834995013563,1.3729356384436457,0.48803965390919407,0.037118363935656706,1.4213377777800424,-0.0484021393363967
7856040100,7.406718248765819,1.3733476026233986,0.4880678150199224,0.028161110728319727,1.4216898500796766,-0.04834224745627802
7857040100,7.407601489313112,1.3738780342650028,0.48812488055663483,0.05706553671248438,1.4220419641070485,-0.04816392984204576
7858040100,7.408484703099786,1.3744149404162953,0.4881923442034116,0.06746364677681527,1.422394121536378,-0.0479791811200827
7859040100,7.409367885245984,1.3749236756084682,0.48820023927181705,0.007895068405412431,1.4227463169623356,-0.04782264135386738
7860040100,7.410251063689129,1.3753903065040718,0.4882045466622416,0.004307390424584945,1.423098548436947,-0.04770824193287515
7861040100,7.41113424011194,1.3758331150279446,0.4882226445491178,0.018097886876215163,1.4234508271020871,-0.04761771207414256
7862040100,7.412017408045956,1.376325895354994,0.48826158947508214,0.03894492596432553,1.4238031536312477,-0.04747725827625371
7863040100,7.412900557711915,1.3767760953242414,0.4883122885549326,0.05069907985046207,1.4241555254458547,-0.047379430121613275
7864040100,7.413783683594241,1.3771814211718618,0.48833774355889314,0.025455003960547895,1.424507938644684,-0.04732651747282213
7865040100,7.41466679753442,1.377632144954099,0.488384313860325,0.04657030143180396,1.4248603910260798,-0.04722824607198084
7866040100,7.415549889624785,1.378097752019632,0.48845323506692107,0.06892120659612422,1.4252128873157552,-0.04711513529612321
7867040100,7.416432949375243,1.378543212314459,0.4884992828053636,0.0460477384425082,1.425565423559032,-0.047022211244573064
7868040100,7.4173159875163766,1.379044435156469,0.4885376827373142,0.038399931950644284,1.4259179955664756,-0.046873560410006565
7869040100,7.4181990076357245,1.3795205238492203,0.48858598816012655,0.04830542281232919,1.4262706076207188,-0.046750083771498474
7870040100,7.41908200508261,1.3800643490167903,0.4886061351111716,0.02014695104507691,1.4266232611538214,-0.046558912137031117
7871040100,7.419964993072785,1.3805896734934315,0.4886386230059565,0.032487894784885896,1.426975954307835,-0.04638628081440355
7872040100,7.42084796581282,1.381095723920405,0.4886368802097604,-0.0017427961960909677,1.427328692361609,-0.04623296844120417
7873040100,7.421730939370964,1.3815200989282717,0.4886440650360632,0.007184826302747194,1.427681473001499,-0.0461613740732274
7874040100,7.422613909556365,1.382007558882255,0.4886606016406837,0.01653660462048334,1.4280343026489568,-0.046026743766701905
7875040100,7.423496871978881,1.3825188964353037,0.48871785736792056,0.057255727236876996,1.4283871796319083,-0.04586828319660463
7876040100,7.424379807521612,1.383005289358426,0.488743325123904,0.025467755983432205,1.428740102197704,-0.04573481283927805
7877040100,7.425262731107092,1.3834201422617296,0.48875656004180223,0.01323491789824649,1.4290930627051672,-0.045672920443437626
7878040100,7.42614564847848,1.3838021335898991,0.48878201938066623,0.02545933886398455,1.4294460671192688,-0.045643933529369685
7879040100,7.427028553895699,1.384195095077156,0.48884314698578024,0.06112760511402904,1.429799117737467,-0.04560402266031094
7880040100,7.427911430608748,1.384640387809071,0.48892067059908967,0.07752361330943947,1.4301522122657673,-0.045511824456696326
7881040100,7.42879427091368,1.3850565474331955,0.48899265135398856,0.07198075489896016,1.4305053440048638,-0.04544879657166834
7882040100,7.429677077408887,1.3854227054682062,0.4890383007699709,0.04564941598239036,1.4308585098707347,-0.04543580440252848
7883040100,7.430559862459963,1.3858696188409685,0.4890984078157191,0.06010704574823178,1.4312117108997953,-0.04534209205882678
7884040100,7.431442619272527,1.3862792196768716,0.48918350732360716,0.08509950788809562,1.4315649520375828,-0.045285732360711206
7885040100,7.432325336099577,1.3867738987674856,0.48922806187251305,0.04455454890588095,1.4319182305640439,-0.0451443317965583
7886040100,7.433208031989332,1.3872508668449175,0.4892911787395663,0.06311686705330422,1.4322715417751688,-0.0450206749302513
7887040100,7.434090698215895,1.3877701959609587,0.48931149008583713,0.020311346270846187,1.4326248932928252,-0.04485469733186642
7888040100,7.434973354895936,1.388161418133763,0.4893404298588452,0.028939773008039182,1.4329782816225496,-0.04481686348878666
7889040100,7.435855997973385,1.3886183424169145,0.48934787563700993,0.007445778164771433,1.4333317148178821,-0.04471337240096762
7890040100,7.436738637550968,1.389125587154913,0.4894193217416424,0.0714461046324173,1.433685191255556,-0.04455960410064286
7891040100,7.437621243543028,1.389601912467964,0.4894577315165808,0.03840977493839404,1.434038714982826,-0.04443680251486204
7892040100,7.438503831477485,1.3900577186206335,0.48947069726687237,0.012965750291563438,1.434392273949193,-0.044334555328559455
7893040100,7.439386413316054,1.3905506838137578,0.48949889481649284,0.028197549620535778,1.4347458743734194,-0.04419519055966159
7894040100,7.4402689818969465,1.3911008635784095,0.48953716826377686,0.038273447283963424,1.4350995210486381,-0.043998657470228686
7895040100,7.441151532481642,1.3916455817498596,0.48955660667929385,0.019438415517012864,1.4354532111063314,-0.043807629356471756
7896040100,7.442034073925889,1.3921528888756836,0.4895470665208705,-0.009540158423357425,1.4358069426477336,-0.043654053772050005
7897040100,7.442916619856208,1.3926605869448234,0.48953989592764224,-0.00717059322826108,1.436160719222812,-0.04350013227798866
7898040100,7.4437991691583045,1.3932253006344406,0.4895511463129638,0.011250385321553757,1.4365145462963156,-0.043289245661874975
7899040100,7.4446817131701915,1.393655017477492,0.4895619187338486,0.010772420884808565,1.43686842342494,-0.04321340594744805
7900040100,7.4455642521165135,1.3940645964397738,0.4895437866989332,-0.018132034915373296,1.4372223471380963,-0.043157750698322506
7901040100,7.446446799589086,1.3945601151084535,0.4895930247933069,0.04923809437363813,1.4375763175278031,-0.04301620241934967
7902040100,7.44732932390769,1.3950459410572789,0.4896522439491955,0.05921915588860038,1.4379303400485703,-0.042884398991291484
7903040100,7.448211820375945,1.3954869750814505,0.4896682363251195,0.015992375923994384,1.4382844019938545,-0.04279742691240407
7904040100,7.449094309322568,1.3959449751256587,0.48968883124522206,0.020594920102550596,1.4386385014780743,-0.04269352635241552
7905040100,7.449976788582531,1.3964282896704587,0.48973166702803933,0.04283578281729783,1.4389926466579368,-0.04256435698747807
7906040100,7.450859247693818,1.3968071012647363,0.489765834938931,0.03416791089169591,1.4393468366659725,-0.042539735401236234
7907040100,7.451741690732376,1.3973483052625233,0.4897871097645399,0.021274825608887493,1.4397010673034814,-0.04235276204095806
7908040100,7.452624123762647,1.3978731047855184,0.489860607218233,0.0734974536931321,1.4400553402063991,-0.04218223542088073
7909040100,7.453506522214537,1.398277057510799,0.48985255574068615,-0.008051477546860752,1.440409657810033,-0.042132600299233935
7910040100,7.4543889244546415,1.3987072482673562,0.48985238788705454,-0.00016785363162563627,1.4407640102480137,-0.04205676198065755
7911040100,7.455271326773721,1.3991395038552008,0.48991256164887903,0.06017376182451262,1.4411184129277892,-0.04197890907258839
7912040100,7.456153700779709,1.3996426317082409,0.4899594899398091,0.04692829093003725,1.4414728643627122,-0.04183023265447128
7913040100,7.457036052702678,1.400157979743058,0.4900052545843632,0.045764644554177725,1.441827353148451,-0.041669373405393006
7914040100,7.457918383088333,1.4006273007996897,0.490015304493593,0.010049909229751464,1.4421818817865208,-0.04155458098683118
7915040100,7.458800708744149,1.4010080318038194,0.49001894259930634,0.003638105713396733,1.4425364504953677,-0.04152841869154833
7916040100,7.459683032687723,1.401510296201085,0.49004538472480524,0.026442125498902236,1.4428910660297696,-0.04138076982868455
7917040100,7.460565344186198,1.4019856606797048,0.4901160930583932,0.07070833358796991,1.44324572960479,-0.04126006892508527
7918040100,7.4614476224024635,1.4025120542239427,0.49012576351407805,0.009670455684816837,1.4436004369078148,-0.04108838268387216
7919040100,7.462329896066531,1.4029870112744849,0.4901486644787368,0.02290096465874436,1.443955179560902,-0.04096816828641714
7920040100,7.463212158950038,1.403436211753369,0.4901457252838354,-0.002939194901419473,1.4443099691153591,-0.04087375736199017
7921040100,7.4640944232171895,1.403928402413024,0.4901682874514746,0.022562167639187614,1.4446648030680862,-0.04073640065506212
7922040100,7.464976676862874,1.404435806448924,0.49020356137102555,0.03527391955092485,1.4450196863133797,-0.040583879864455774
7923040100,7.465858913901953,1.404832806095202,0.4902170902316455,0.01352886061992331,1.4453746140243169,-0.04054180792911488
7924040100,7.46674114457149,1.405412266083142,0.4902227296843149,0.005639452669417899,1.4457295837936357,-0.04031731771049363
7925040100,7.46762337258586,1.4059652439075685,0.4902835083012322,0.06077861691725417,1.4460845997411305,-0.040119355833561965
7926040100,7.468505571982666,1.4064077559172259,0.4902526309483255,-0.03087735290667526,1.4464396633635488,-0.0400319074463229
7927040100,7.469387785918457,1.4068323565041707,0.4902346226862334,-0.0180082620920885,1.4467947642121999,-0.03996240770802917
7928040100,7.470270008333273,1.4073414597957044,0.4902716911223202,0.03706843608679744,1.4471499196599957,-0.03980845986429138
7929040100,7.4711522132944435,1.4078506011205918,0.49031760367905736,0.04591255673716432,1.4475051272720627,-0.039654526151470915
7930040100,7.472034396636041,1.4084118141079394,0.4903209831742768,0.0033794952193844097,1.4478603766092384,-0.03944856250129902
7931040100,7.472916578386209,1.4089294412236437,0.49032405673139823,0.003073557121411774,1.44821566599353,-0.03928622476988619
7932040100,7.473798758689006,1.4093503409836219,0.4903007026336414,-0.02335409775684205,1.4485710034919244,-0.03922066250830247
7933040100,7.474680949989283,1.4097773675945728,0.49029884094952303,-0.0018616841183924926,1.4489263891650026,-0.039149021570429765
7934040100,7.475563142166209,1.4102578904089278,0.4903452360024358,0.046395052912801216,1.4492818280297506,-0.03902393762082279
7935040100,7.47644531249524,1.4106452451097253,0.4903884510502047,0.04321504776886931,1.4496373160122253,-0.03899207090250001
7936040100,7.477327462472165,1.411143979726375,0.4904046924854712,0.01624143526649524,1.449992843956423,-0.038848864230047964
7937040100,7.478209604799768,1.4116583998313135,0.4904674743048646,0.0627818193934142,1.4503484124644643,-0.03869001263315086
7938040100,7.479091717556467,1.4121446623076832,0.49047430011603665,0.006825811172075813,1.450704026656954,-0.038559364349270764
7939040100,7.479973827097927,1.4126333437223553,0.49047298841346354,-0.0013117025731581577,1.4510596776964562,-0.03842633397410089
7940040100,7.480855937257257,1.4130144835104552,0.4904855127258073,0.012524312343773492,1.4514153762091588,-0.038400892698703615
7941040100,7.481738041517025,1.413371777434915,0.49049658533979623,0.01107261398891124,1.4517711237433026,-0.038399346308387594
7942040100,7.482620140560938,1.4137789851382134,0.4905614024932839,0.0648171534876214,1.4521269176728246,-0.03834793253461122
7943040100,7.483502209069971,1.4142468577015705,0.4906381627762908,0.07676028300691184,1.4524827582753872,-0.03823590057381665
7944040100,7.484384241413012,1.4148001934406682,0.4906898867721972,0.051723995906431064,1.4528386353370806,-0.03803844189641237
7945040100,7.485266249383102,1.4153098799345907,0.49071107257663643,0.02118580443914908,1.4531945465832692,-0.03788466664867851
7946040100,7.4861482473695125,1.4158470729357995,0.49068914903646715,-0.021923540169322298,1.4535504967703794,-0.03770342383457992
7947040100,7.487030255687249,1.4164359238526751,0.4906887621167326,-0.00038691973455140527,1.4539064917054212,-0.03747056785274605
7948040100,7.487912264187315,1.416875678950752,0.49067428192118834,-0.014480195544261498,1.454262539590836,-0.03738686064008401
7949040100,7.488794279510842,1.4173619059436116,0.49063353363693424,-0.04074828425412491,1.4546186363333788,-0.03725673038976729
7950040100,7.489676314035073,1.417908648044223,0.4906671903739325,0.03365673699829275,1.45497478461769,-0.03706613657346702
7951040100,7.490558332700262,1.4183279060349963,0.4906773767770064,0.010186403073891181,1.4553309894465372,-0.037003083411540905
7952040100,7.491440346565425,1.4188626112135538,0.49065695282392896,-0.020423953077422397,1.4556872366643177,-0.036824625450763815
7953040100,7.49232237005465,1.4193354115819767,0.49070016609869116,0.0432132747622096,1.4560435307388708,-0.03670811915689409
7954040100,7.4932043731807205,1.4198504332196942,0.4906853223857396,-0.014843712951568833,1.4563998775000897,-0.03654944428039553
7955040100,7.494086383301698,1.420304565061806,0.4907012245139738,0.01590212823421311,1.4567562648347483,-0.03645169977294227
7956040100,7.494968385928997,1.4208748775672677,0.49069571902567444,-0.0055054882993150756,1.4571127037990088,-0.0362378262317411
7957040100,7.4958503911507135,1.4213300786262715,0.4907204888642232,0.024769838548740708,1.4574691885405002,-0.03613910991422875
7958040100,7.49673238469963,1.4217583841336052,0.49068676360418456,-0.03372526003867282,1.4578257231390026,-0.03606733900539738
7959040100,7.497614394141461,1.4222085630927819,0.4907104216629593,0.02365805877477012,1.4581823018293107,-0.03597373873652887
7960040100,7.4984963924346175,1.4226743115723992,0.4907474060898379,0.036984426878607035,1.4585389357590586,-0.035864624186659366
7961040100,7.499378373298163,1.4230970297686585,0.4907732943204561,0.025888230618142938,1.4588956139973952,-0.03579858422873672
7962040100,7.500260341960673,1.4235856598365217,0.49079120180466573,0.017907484209638724,1.4592523340047627,-0.035666674168240986
7963040100,7.5011423021831,1.424078973698973,0.49083051331869204,0.039311514026334926,1.4596090978962373,-0.03553012419726431
7964040100,7.502024243876391,1.4246122471672205,0.49083662710661713,0.006113787925072334,1.4599659071942597,-0.03535366002703921
7965040100,7.502906182687879,1.4250491077853258,0.4908401486913933,0.003521584776164044,1.460322757817739,-0.03527365003241312
7966040100,7.503788119839415,1.4254853100995455,0.4908233582903102,-0.016790401083095485,1.4606796560989324,-0.03519434599938687
7967040100,7.504670064905267,1.426018257695287,0.49085463821848146,0.03127992817127501,1.4610366025347368,-0.03501834483944988
7968040100,7.505551995226824,1.4265276141016676,0.4908861128641442,0.03147464566273994,1.4613936010034791,-0.03486598690181153
7969040100,7.506433910711433,1.4269166013511605,0.49086888898726105,-0.017223876883130984,1.4617506423355415,-0.03483404098438103
7970040100,7.507315834315376,1.4274151342981571,0.4908631775065696,-0.005711480691423798,1.4621077264937838,-0.034692592195626704
7971040100,7.508197760611654,1.4278936838945098,0.49091760821122965,0.05443070465996547,1.4624648627753736,-0.034571178880863807
7972040100,7.5090796612486805,1.4283761876813974,0.49091700933548066,-0.0005988757490231755,1.4628220489863644,-0.03444586130496696
7973040100,7.509961562168039,1.4289219345219952,0.49092618437298347,0.009175037502789696,1.4631792736450784,-0.03425733912308315
7974040100,7.5108434587619275,1.4294525435267582,0.490933150980824,0.006966607840553696,1.463536547260194,-0.034084003733435786
7975040100,7.511725352071437,1.4299467226662896,0.49090814359355933,-0.02500738726470786,1.4638938679674922,-0.033947145301202575
7976040100,7.51260725717038,1.4303970931121166,0.4908903820937084,-0.01776149985091635,1.4642512361909894,-0.0338541430788728
7977040100,7.513489170642434,1.4308704360268907,0.4908905856627407,0.00020356903228169188,1.4646086580425575,-0.033738222015666786
7978040100,7.514371084018523,1.431262841341128,0.4909125344954721,0.021948832731431,1.4649661321421128,-0.033703290800984886
7979040100,7.515252987047468,1.4318193401663317,0.4909227914800932,0.01025698462107183,1.4653236550603275,-0.033504314893995746
7980040100,7.516134885240907,1.4322463203787987,0.49097347190952034,0.050680429427118145,1.4656812226433829,-0.03343490226458412
7981040100,7.517016759540438,1.4327687417911408,0.4909417300534003,-0.0317418561201106,1.4660388371275417,-0.03327009533640091
7982040100,7.517898648805319,1.4332408421613396,0.4909746322227437,0.03290216934339618,1.4663964907849554,-0.03315564862361575
7983040100,7.518780522557779,1.4336796155649874,0.49095950384326714,-0.015128379476546883,1.4667541993775082,-0.03307458381252082
7984040100,7.519662403442951,1.4341530864082146,0.49096933466887643,0.009830825609312033,1.467111950545707,-0.032958864137492494
7985040100,7.5205442796931194,1.4346263998736337,0.49099568822111345,0.02635355223703284,1.4674697534781664,-0.03284335360453272
7986040100,7.521426143517783,1.435108299477751,0.4910044875998694,0.008799378755957932,1.4678276034034496,-0.03271930392569855
7987040100,7.522308003193469,1.4356477768915215,0.4910131582368611,0.008670636991672698,1.4681854971617199,-0.03253772027019841
7988040100,7.523189858780813,1.4361193447375507,0.49101730970930546,0.004151472444361204,1.4685434381133575,-0.03242409337580687
7989040100,7.524071712410649,1.436523619206114,0.4909923328006828,-0.024976908622679428,1.4689014262851217,-0.032377807079007725
7990040100,7.524953577817403,1.4370037941248441,0.4910011071266454,0.008774325962610519,1.4692594625443576,-0.03225566841951344
7991040100,7.525835439087017,1.4374368806432358,0.4910434597086582,0.042352582012804785,1.4696175524709396,-0.03218067182770379
7992040100,7.526717280386219,1.4378326639613885,0.4910476447292763,0.004185020618109103,1.46997568960629,-0.03214302564490157
7993040100,7.527599119711981,1.4382830958692328,0.49107524765568183,0.02760292640550821,1.4703338675211022,-0.032050771651869425
7994040100,7.528480946021248,1.4387678869051066,0.49112144736113095,0.046199705449109896,1.4706920935262282,-0.03192420662112161
7995040100,7.529362750542978,1.439201894517112,0.4911401624050859,0.018715043954895982,1.4710503631372838,-0.03184846862017188
7996040100,7.530244546238256,1.439629737030932,0.49114146664514113,0.001304240055213235,1.4714086727906945,-0.03177893575976243
7997040100,7.531126341318413,1.4400718450549888,0.4911680312223911,0.02656457724990391,1.4717670277533195,-0.031695182698330715
7998040100,7.532008123869534,1.4405762954328887,0.4911975620282382,0.029530805847129304,1.472125431364237,-0.03154913593134823
7999040100,7.532889892491885,1.4411165957128391,0.49121981699428713,0.022254966048892655,1.4724838787827963,-0.031367283069957175
8000040100,7.533771650616746,1.4415985839504344,0.4912106306813167,-0.009186312970449695,1.4728423694406487,-0.031243785490214337
8001040100,7.53465341307477,1.442009419186089,0.4911831774177233,-0.027453263593389288,1.4732009047336128,-0.031191485547523712
8002040100,7.535535188481995,1.4425554646855638,0.49118465558697405,0.0014781692507415123,1.4735594906943668,-0.03100402600880292
8003040100,7.536416963192011,1.4430491658606257,0.4912216310925403,0.03697550556622442,1.4739181308310734,-0.030868964970447665
8004040100,7.537298720461157,1.4434977001603755,0.49119065374344717,-0.03097734909307004,1.4742768195972502,-0.030779119436874725
8005040100,7.5381804923420015,1.4439309946811274,0.4911856028464779,-0.005050896969264418,1.4746355501832404,-0.03070455550211304
8006040100,7.539062266605223,1.4443802059983475,0.49120297668964386,0.017373843165954472,1.4749943356317843,-0.030614129633436793
8007040100,7.539944032673561,1.4448894121073912,0.4912278488354411,0.024872145797277145,1.475353170971129,-0.030463758863737755
8008040100,7.5408257870097595,1.4453745796537265,0.491244606776449,0.01675794100785133,1.475712051899258,-0.030337472245531405
8009040100,7.541707533440964,1.4458313496497495,0.49123108946557537,-0.013517310873633726,1.476070976977681,-0.030239627327931506
8010040100,7.542589286248524,1.446265750968346,0.49122936102626713,-0.0017284393082226401,1.4764299477654745,-0.03016419679712845
8011040100,7.543471039871408,1.4467714210462956,0.49124165861838387,0.012297592116756295,1.476788970079486,-0.030017549033190427
8012040100,7.544352787693325,1.4472093152340328,0.4912650155543137,0.023356935929731648,1.4771480416588822,-0.029938726424849404
8013040100,7.545234524497042,1.4476677819057573,0.49125246954626217,-0.012546008051508295,1.477507159811779,-0.029839377906021758
8014040100,7.546116267219165,1.448183472199066,0.49127367721799753,0.021207671735286926,1.4778663224147444,-0.02968285021567829
8015040100,7.546997999936781,1.4485550376986072,0.4912844222646359,0.010745046638408251,1.4782255363690844,-0.02967049867047722
8016040100,7.547879727585378,1.4490067341726693,0.49126626822349156,-0.018154041144342603,1.4785847951904536,-0.029578061017784263
8017040100,7.548761463798158,1.4494415883087093,0.4913201743993893,0.053906175897758146,1.4789441008913933,-0.029502512582683993
8018040100,7.549643174579808,1.4498432699597892,0.4913338537462655,0.013679346876193765,1.4793034590306,-0.029460189070810827
8019040100,7.550524878907592,1.4502969255935472,0.4913558294892927,0.02197574302717742,1.4796628557544764,-0.029365930160929254
8020040100,7.551406572866956,1.4506963143612261,0.4913943261972803,0.038496707987632384,1.4800222987985876,-0.029325984437361452
8021040100,7.552288248662082,1.4512032252148652,0.49140667064886695,0.012344451586673966,1.4803817865685538,-0.02917856135368857
8022040100,7.553169918632341,1.4516679933169692,0.4914460910944252,0.03942044555826385,1.480741315886302,-0.029073322569332927
8023040100,7.554051570000725,1.4522114590288266,0.49143147650782265,-0.014614586602515356,1.481100891784429,-0.028889432755602407
8024040100,7.554933228265657,1.4526008363156226,0.4914377462027691,0.006269694946430704,1.4814605090528374,-0.028859672737214792
8025040100,7.555814883571975,1.4530173932364883,0.4914043200810926,-0.03342612167652703,1.481820178093976,-0.028802784857487662
8026040100,7.556696554651387,1.4534986648637374,0.49144790464182053,0.043584560727950805,1.4821798948906455,-0.028681230026908144
8027040100,7.557578205163954,1.4539608021171182,0.4914778095830308,0.02990494121029208,1.4825396670893376,-0.028578864972219398
8028040100,7.558459841563897,1.454450544389824,0.49147514187320346,-0.0026677098272958055,1.4828994798637325,-0.028448935473908588
8029040100,7.559341479222807,1.4549031478613714,0.4914818569892037,0.0067151160002540955,1.4832593358478476,-0.02835618798647621
8030040100,7.560223113712653,1.4554307160789692,0.4914745314278245,-0.007325561379234458,1.4836192413176619,-0.02818852523869264
8031040100,7.5611047516596495,1.4560279081997691,0.49148561461387047,0.011083186045939719,1.4839791944682403,-0.02795128626847121
8032040100,7.5619863843761435,1.4565275326070237,0.4914589040371393,-0.026710576731129976,1.4843391980078167,-0.02781166540079294
8033040100,7.56286802969801,1.4569332228266316,0.4913969323261436,-0.06197171099568921,1.484699248391621,-0.027766025564989416
8034040100,7.563749704263417,1.4574156886983725,0.4913834887459877,-0.01344358015591407,1.485059352907129,-0.027643664208756524
8035040100,7.564631385172205,1.457817542868255,0.49141694815409875,0.03345940811101489,1.4854195183564833,-0.027601975488228403
8036040100,7.5655130502928065,1.4581996375265822,0.4914118056022217,-0.00514255187701762,1.4857797353907536,-0.02758009786417137
8037040100,7.5663947178400415,1.4586353656678395,0.49144691141946056,0.03510581723888384,1.4861399949700065,-0.027504629302167016
8038040100,7.567276368821313,1.459100054688566,0.4914918745948102,0.04496317534965666,1.4865003045387901,-0.027400249850224156
8039040100,7.5681579985834775,1.4595621549308302,0.49150989518631527,0.018020591505092387,1.486860656337118,-0.027298501406287867
8040040100,7.569039619840831,1.4600078420513976,0.4915132477784131,0.003352592097827234,1.4872210484628496,-0.027213206411452084
8041040100,7.569921239515899,1.4605196643539942,0.4915177115072108,0.0044637287977136175,1.487581486113715,-0.02706182175972094
8042040100,7.570802857084253,1.4609560570355313,0.4915302340604844,0.012522553273686121,1.4879419721218987,-0.026985915086367385
8043040100,7.571684468742338,1.4614532698391467,0.4915094105288137,-0.020823531670688844,1.4883025062755273,-0.026849236436380597
8044040100,7.572566090228428,1.4619169535019152,0.4915261741633394,0.016763634525696958,1.4886630870213473,-0.026746133519432114
8045040100,7.573447703802678,1.4623995696889673,0.4915122777688062,-0.013896394533273515,1.4890237207995298,-0.02662415111056249
8046040100,7.574329323935551,1.4628455075566549,0.49151496636110836,0.0026885923022383906,1.4893844003564816,-0.026538892799826685
8047040100,7.575210942799513,1.4633761003124715,0.4915079677073932,-0.0069986537151742745,1.4897451316150132,-0.026369031302541757
8048040100,7.576092564966554,1.4639063408933264,0.49151916365093196,0.011195943538768294,1.4901059113756538,-0.02619957048232746
8049040100,7.576974181849547,1.4644394378354797,0.4914877167754703,-0.03144687546160174,1.490466741512403,-0.026027303676923408
8050040100,7.577855813573953,1.4649416522220962,0.49145613235465563,-0.03158442081468538,1.4908276185134248,-0.025885966291328666
8051040100,7.578737460203808,1.4654497973944158,0.4914227987454457,-0.033333609209905024,1.4911885506204534,-0.02573875322603758
8052040100,7.579619122563643,1.46588302194629,0.49140465140244854,-0.018147342997222093,1.4915495378650476,-0.025666515918757682
8053040100,7.580500793486715,1.4663483252753202,0.491383271919527,-0.021379482921466852,1.4919105805902397,-0.025562255314919513
8054040100,7.581382474497811,1.4667814987131105,0.49139923612347386,0.015964203946897015,1.4922716758661245,-0.02549017715301405
8055040100,7.58226414797615,1.467305228618055,0.49139897879808275,-0.00025732539113265673,1.4926328243216211,-0.02532759570356613
8056040100,7.58314582157591,1.467777681134861,0.49141466895815294,0.015690160070201742,1.492994018742106,-0.025216337607244954
8057040100,7.584027487772007,1.4681585630229672,0.4913847787961712,-0.029890161981727115,1.4933552622655064,-0.0251966992425392
8058040100,7.584909168072088,1.4686826232843926,0.49138032946172966,-0.004449334441541719,1.4937165518108806,-0.025033928526488003
8059040100,7.585790850471567,1.469146165780645,0.4914216492679396,0.041319806209843435,1.4940778961950691,-0.02493173041442409
8060040100,7.586672513373818,1.4697240919721926,0.4913910818751426,-0.030567392797056225,1.4944392905023847,-0.024715198530192106
8061040100,7.587554190699792,1.4701842684874924,0.49139059403011764,-0.00048784502499366056,1.4948007258819764,-0.024616457394484037
8062040100,7.5884358682559565,1.4706975641947655,0.4913325018919593,-0.0580921381583015,1.4951622162420968,-0.02446465204733128
8063040100,7.589317573221548,1.471122625090802,0.4913331147098788,0.0006128179194613281,1.4955237557674579,-0.024401130676655836
8064040100,7.5901992778980105,1.4716191967009193,0.49130688900206815,-0.0262257078106094,1.4958853556083191,-0.024266158907399804
8065040100,7.591080994947505,1.472068805744589,0.4913246839355156,0.017794933447386363,1.4962470044102538,-0.02417819866566484
8066040100,7.59196270360159,1.4725579689100539,0.491306478146843,-0.01820578867263789,1.4966087073707826,-0.024050738460728693
8067040100,7.592844420844917,1.4729878971956798,0.4913116049085249,0.005126761681932379,1.4969704559733685,-0.023982558777688734
8068040100,7.593726135669537,1.4734760283296382,0.49129672260121204,-0.014882307312821919,1.4973322571893917,-0.02385622885975347
8069040100,7.594607857515276,1.473938697086231,0.49131134778639807,0.014625185186025291,1.497694106505282,-0.023755409419051077
8070040100,7.595489572461202,1.4743072465457543,0.4912966430337153,-0.014704752682744182,1.4980560077983363,-0.023748761252581962
8071040100,7.596371294344478,1.4748282107651134,0.49129449392337027,-0.0021491103450328453,1.498417955357624,-0.02358974459251062
8072040100,7.597253017241637,1.475360923203218,0.4913394143908762,0.04492046750593781,1.4987799548662402,-0.02341903166302206
8073040100,7.598134718945882,1.4757999420183743,0.491307835523707,-0.03157886716922054,1.4991420038957983,-0.023342061877424047
8074040100,7.599016435548827,1.4762306810958472,0.4912700659808189,-0.037769542888112184,1.4995040933290333,-0.02327341223318613
8075040100,7.599898169970037,1.4766797954611899,0.4912790095924796,0.008943611660735762,1.4998662379900942,-0.02318644252890434
8076040100,7.600779900172097,1.4770611719255846,0.49129198349806213,0.01297390558246958,1.5002284390837382,-0.023167267158153537
8077040100,7.601661624253591,1.4775496136207174,0.4912956241494578,0.0036406513957261133,1.5005906875614023,-0.023041073940684997
8078040100,7.602543346617545,1.4780171586919904,0.49133311918736416,0.037495037906366324,1.5009529826439376,-0.022935823951947265
8079040100,7.603425051291896,1.4784733197821116,0.4913168526191119,-0.016266568252292668,1.5013153261427448,-0.02284200636063316
8080040100,7.604306763640724,1.4789725127389488,0.4913108481677805,-0.006004451331417027,1.501677711495379,-0.022705198756430178
8081040100,7.605188478822361,1.4793983364412713,0.4913103690824635,-0.000479085316982264,1.5020401491286641,-0.022641812687392848
8082040100,7.606070194230022,1.4797983892515585,0.4912881266934669,-0.02224238899660058,1.5024026370561394,-0.022604247804580924
8083040100,7.606951920131016,1.4801772042939787,0.491302467407273,0.014340713806144212,1.5027651742092623,-0.022587969915283557
8084040100,7.607833639266516,1.4806670694871673,0.4913296431486062,0.027175741333224313,1.5031277648134491,-0.02246069532628181
8085040100,7.608715345580862,1.481136864892443,0.4913674320505284,0.037788901922267026,1.503490401774588,-0.02235353688214503
8086040100,7.609597034065826,1.4815471218744976,0.49134946459907836,-0.017967451450004557,1.5038530826033316,-0.022305960728834062
8087040100,7.610478731028265,1.4820083643128594,0.49134133974623406,-0.008124852844282326,1.504215805239923,-0.022207440927063615
8088040100,7.611360431824112,1.4825008613125858,0.4913629099402334,0.02157019399929183,1.5045785805090013,-0.022077719196415435
8089040100,7.612242122442742,1.482971408204733,0.4913588167879839,-0.004093152249533105,1.5049414065036757,-0.02196999829894275
8090040100,7.61312381499263,1.4834700921573694,0.49133886237584007,-0.019954412143826428,1.5053042774608372,-0.021834185303467812
8091040100,7.614005516957319,1.4839615089096485,0.49132969014685945,-0.00917222898060066,1.505667198366087,-0.02170568945643847
8092040100,7.614887223249492,1.48431780895701,0.49130620283558357,-0.02348731127586756,1.5060301723036353,-0.021712363346625407
8093040100,7.615768940622704,1.4847957770293982,0.49128611875500616,-0.02008408057742095,1.506393197183204,-0.021597420153805835
8094040100,7.6166506674709655,1.4853351273430369,0.4913336319475622,0.04751319255604658,1.5067562757896233,-0.02142114844658649
8095040100,7.617532371903395,1.4857380801505005,0.4913201082120981,-0.013523735464073816,1.5071194074661776,-0.0213813273156771
8096040100,7.618414082716272,1.4862383966081283,0.4912755674538022,-0.044540758295914085,1.5074825790806976,-0.021244182472569317
8097040100,7.619295814542169,1.4867333993513017,0.4912991658551908,0.023598401388611023,1.5078458024958508,-0.021112403144549097
8098040100,7.620177535235252,1.4871952906412071,0.4912738341457289,-0.025331709461888785,1.5082090837447488,-0.021013793103541678
8099040100,7.621059267878837,1.4876167651928474,0.49125092476737814,-0.022909378350763898,1.5085724095867583,-0.020955644393910955
8100040100,7.621941011329678,1.4880183215337563,0.4912443962813213,-0.006528486056894156,1.5089357895366646,-0.02091746800290828
8101040100,7.622822757860178,1.4885351671851066,0.49125798702914203,0.01359074782068781,1.5092992231281102,-0.020764055943003568
8102040100,7.6237044979795225,1.4890385314671608,0.49128148745759903,0.023500428456975087,1.5096627071800306,-0.020624175712869786
8103040100,7.624586227012637,1.4894562934995996,0.49124706173787397,-0.03442571972505304,1.510026237782629,-0.020569944283029384
8104040100,7.625467972285776,1.4898867808919314,0.491219120310777,-0.02794142709696512,1.5103898130098692,-0.020503032117937803
8105040100,7.626349730739264,1.4903367568884949,0.4912338939471983,0.014773636421218317,1.510753444132888,-0.02041668724439316
8106040100,7.627231482223913,1.4908852520205433,0.4912421991390238,0.008305191825458635,1.51111712989524,-0.020231877874696602
8107040100,7.628113229790855,1.4912897074373543,0.49124061476793146,-0.0015843710923015841,1.511480861989721,-0.020191154552366752
8108040100,7.628994978105178,1.4918033405517468,0.49118942446908614,-0.05119029884530191,1.5118446416769373,-0.020041301125190536
8109040100,7.629876750565841,1.4922388867978498,0.491210196472768,0.020772003681784224,1.5122084708842003,-0.019969584086350523
8110040100,7.630758513228678,1.4926498063356004,0.4911761047798681,-0.03409169289983627,1.5125723592714273,-0.019922552935826898
8111040100,7.631640291971828,1.4930609292177779,0.4911809427953773,0.004838015509168514,1.5129362928347092,-0.01987536361693132
8112040100,7.632522068433054,1.4935550375863402,0.4911980227811411,0.017079985763853944,1.513300282258271,-0.01974524467193084
8113040100,7.633403836838076,1.494085546229964,0.4912149347579143,0.01691197677317513,1.5136643199664235,-0.019578773736459443
8114040100,7.634285597265886,1.4945742731700604,0.4911901179924695,-0.02481676544479905,1.5140284035773313,-0.019454130407270842
8115040100,7.635167369399431,1.4950325396331878,0.4911467911908062,-0.043326801663276626,1.5143925331251644,-0.01935999349197659
8116040100,7.636049161968345,1.495474771084221,0.4911241290145848,-0.022662176221404984,1.514756716741374,-0.01928194565715291
8117040100,7.636930965225364,1.495948991312369,0.49111653594534227,-0.007593069242532113,1.5151209580370093,-0.019171966724640388
8118040100,7.6378127720633815,1.4963755686557643,0.49111683324154887,0.00029729620657636957,1.5154852529913043,-0.019109684335540056
8119040100,7.63869457876119,1.4968898979432241,0.4911009431279804,-0.015890113568521436,1.515849598672233,-0.018959700729008766
8120040100,7.639576392952841,1.4972917715065772,0.49110877535678,0.007832228799551366,1.5162139935454668,-0.018922222038889602
8121040100,7.640458203450809,1.4976967644971768,0.4910724563408715,-0.036319015908489405,1.5165784407692087,-0.018881676272031855
8122040100,7.641340031076385,1.4981290293693672,0.4910923165095911,0.019860168719645355,1.516942935722966,-0.018813906353598808
8123040100,7.6422218493362895,1.4985436236215253,0.49111055983362156,0.0182433240304527,1.5173074870172236,-0.018763863395698355
8124040100,7.64310365899269,1.4989435036952008,0.49111505995995086,0.004500126329321841,1.5176720837031183,-0.01872858000791755
8125040100,7.643985466526797,1.499424481751991,0.4911283180969824,0.013258137031517236,1.5180367260971828,-0.01861224434519171
8126040100,7.644867267808163,1.4999902902898703,0.4911488857019808,0.020567604998408484,1.5184014168815168,-0.018411126591646454
8127040100,7.645749059389225,1.50049605103889,0.4911286959360117,-0.02018976596908484,1.5187661543501,-0.01827010331121004
8128040100,7.646630860492395,1.5008871690725134,0.49106571212948424,-0.06298380652749014,1.5191309370785078,-0.018243768005994365
8129040100,7.647512691298331,1.5013312765071045,0.49103249289125744,-0.03321923822680528,1.5194957730216316,-0.018164496514527118
8130040100,7.6483945377688425,1.5018271944175783,0.49105656905390593,0.02407616264849377,1.5198606705352198,-0.0180334761176415
8131040100,7.6492763728863045,1.502243118229943,0.49105402288146066,-0.002546172445252015,1.5202256238170548,-0.017982505587111897
8132040100,7.650158209204432,1.5026949542905645,0.4910253374259403,-0.028685455520400804,1.5205906216891414,-0.017895667398576842
8133040100,7.651040059048984,1.5032234104501183,0.4910365694627196,0.011232036779340593,1.5209556693496182,-0.01773225889949992
8134040100,7.651921903597235,1.5035870409104504,0.49102969669276536,-0.006872769954270108,1.521320771905053,-0.017733730994602626
8135040100,7.652803751386252,1.504155137742803,0.4909842146136158,-0.045482079149635535,1.521685921566089,-0.017530783823285878
8136040100,7.6536856206207124,1.5046117141260402,0.491021171975279,0.03695736166322883,1.522051121870465,-0.017439407744424873
8137040100,7.6545674724293935,1.5050944436922704,0.49095551567954604,-0.06565629573295562,1.5224163803622908,-0.017321936670020355
8138040100,7.655449355194867,1.5055839351453915,0.4909454660663128,-0.01004961323323883,1.5227816809448846,-0.01719774579949318
8139040100,7.656331242698375,1.5060182968329705,0.4909221260489999,-0.023340017312928563,1.52314704366443,-0.017128746831459596
8140040100,7.657213141205525,1.5065201810126523,0.49089518789925013,-0.026938149749717866,1.5235124576644488,-0.01699227665179648
8141040100,7.658095052412057,1.5070037992062437,0.49089570237713287,0.0005144778827648189,1.5238779255453778,-0.0168741263391341
8142040100,7.658976963376057,1.5075351260238286,0.490862209716822,-0.033492660310907585,1.5242434480148574,-0.016708321991028896
8143040100,7.659858890128538,1.507988728144908,0.4908376411523833,-0.024568564438677942,1.5246090197128765,-0.016620291567968515
8144040100,7.660740828462042,1.5084386906409635,0.49078891137997854,-0.04872977240477194,1.5249746472888752,-0.016535956647911743
8145040100,7.661622789763998,1.5089199070792125,0.4907788959457261,-0.01001543425246787,1.5253403290037646,-0.016420421924552064
8146040100,7.6625047557864026,1.5093817761994595,0.49077055883186865,-0.008337113857431966,1.525706069584988,-0.016324293385528543
8147040100,7.6633867257381665,1.5099570661060517,0.49074639322836733,-0.02416560350127339,1.526071861470534,-0.016114795364482237
8148040100,7.664268707079058,1.5104008526196298,0.490731734781559,-0.014658446808327508,1.526437704335958,-0.016036851716328293
8149040100,7.665150695328151,1.5109196064702959,0.4906599725374347,-0.071762244124292,1.5268036012798092,-0.015883994809513302
8150040100,7.666032717394466,1.511347375970778,0.49065383324989165,-0.006139287543078353,1.5271695504475993,-0.015822174476821216
8151040100,7.666914742353646,1.5117765173750461,0.49060993079640824,-0.04390245348341315,1.5275355630106127,-0.015759045635566515
8152040100,7.667796787998931,1.5122401148906235,0.4906114287017535,0.0014979053452726099,1.5279016261421923,-0.015661511251568783
8153040100,7.668678832938455,1.5126697185895421,0.4906121397829436,0.0007110811900536973,1.5282677472319008,-0.015598028642358708
8154040100,7.669560877542942,1.5130926689511335,0.49059545683469175,-0.016682948251830254,1.528633917404978,-0.015541248453844414
8155040100,7.670442930007743,1.513540618023695,0.49059566846940184,0.00021163471007445978,1.5290001368181798,-0.015459518794484817
8156040100,7.671324982372832,1.5139836431819211,0.4905991179309412,0.003449461539378973,1.5293664088777348,-0.01538276569581365
8157040100,7.672207033112698,1.5145031279386583,0.490589931006146,-0.009186924795191675,1.5297327302818253,-0.015229602343167059
8158040100,7.673089088180986,1.514919849623418,0.490583077303278,-0.0068537028679909184,1.5300991003996955,-0.015179250776277575
8159040100,7.673971146478351,1.5153219374156761,0.49053771192876666,-0.04536537451138223,1.530465521707434,-0.015143584291757994
8160040100,7.674853226148263,1.5157758072165013,0.4905436530844241,0.005941155657462449,1.5308319937519173,-0.01505618653541596
8161040100,7.675735303019279,1.5161831456610877,0.4905568653232091,0.013212238784983565,1.531198524076295,-0.015015378415207392
8162040100,7.67661737366586,1.5166404718681852,0.49054404101870497,-0.012824304504085227,1.531565102641114,-0.014924630772928715
8163040100,7.6774994503541185,1.5170707480106318,0.49055442499278124,0.010383974076255686,1.5319317280249507,-0.014860980014318903
8164040100,7.678381522150379,1.517596437897087,0.4905396570934644,-0.01476789931680944,1.532298405329044,-0.014701967431957064
8165040100,7.679263600903922,1.5181730310268073,0.4905383129889246,-0.001344104539812374,1.532665130011324,-0.014492098984516755
8166040100,7.680145680290674,1.51865591606078,0.49048896777106554,-0.04934521785909185,1.5330319070012983,-0.014375990940518335
8167040100,7.681027782922923,1.5191617903671897,0.49041377745314146,-0.07519031792408448,1.5333987336729322,-0.014236943305742544
8168040100,7.681909920971624,1.519678998447478,0.4903852339071964,-0.028543545945067805,1.5337656194348561,-0.014086620987378229
8169040100,7.682792072463718,1.5201447770158105,0.49034494729308886,-0.04028661410756529,1.5341325693571122,-0.013987792341301652
8170040100,7.683674242928711,1.5206319731158149,0.49029872535589203,-0.04622193719681,1.5344995743064516,-0.01386760119063668
8171040100,7.684556435160069,1.521185593048958,0.4902780481409767,-0.020677214915338915,1.5348666365890011,-0.01368104354004318
8172040100,7.68543863712792,1.5216286973554838,0.4902464505591957,-0.0315975817810239,1.5352337573734758,-0.013605060017991999
8173040100,7.686320853973722,1.5221199776229073,0.4901812973135105,-0.06515324568517311,1.535600931659289,-0.01348095403638161
8174040100,7.687203101494623,1.5224824312958138,0.4901712767717617,-0.010020541748745337,1.5359681615913416,-0.013485730295527798
8175040100,7.688085353733008,1.5229177099900408,0.4901369479720132,-0.03432879974851799,1.5363354537521055,-0.013417743762064616
8176040100,7.6889676221320835,1.5233411013306275,0.4901670732608544,0.030125288841214015,1.5367027973409897,-0.01336169601036219
8177040100,7.689849876349378,1.523871544664574,0.4901606758828849,-0.0063973779694790345,1.5370701971273135,-0.013198652462739435
8178040100,7.6907321335783685,1.5243009148313411,0.4901601382973469,-0.0005375855380456152,1.5374376404787888,-0.013136725647447722
8179040100,7.691614391060437,1.524776716489554,0.49010577049773973,-0.0543677996072045,1.5378051345582122,-0.013028418068658176
8180040100,7.692496674135777,1.5252395080858887,0.4901018408935217,-0.003929604218082083,1.5381726782197447,-0.012933170133855976
8181040100,7.69337895906085,1.525657587061045,0.49007450381864187,-0.027337074879849155,1.538540282025096,-0.012882694964051034
8182040100,7.6942612568535855,1.526200978103444,0.4900535114710286,-0.020992347613278728,1.5389079360867761,-0.012706957983332101
8183040100,7.695143564527049,1.5265913987186617,0.490054799712342,0.0012882413134294168,1.5392756450002238,-0.012684246281562173
8184040100,7.696025871594171,1.5270861779811682,0.48999310798165996,-0.061691730682120305,1.5396434075254675,-0.012557229544299275
8185040100,7.696908207696322,1.5276157049090875,0.49000788295428654,0.014774972626593108,1.5400112192950353,-0.01239551438594777
8186040100,7.697790536844982,1.5281316857671683,0.4899702492904449,-0.037633663841627474,1.5403790926710244,-0.012247406903856062
8187040100,7.698672883704656,1.5286672805035504,0.4899149492900037,-0.05530000044123007,1.5407470126535223,-0.012079732149971933
8188040100,7.699555256587141,1.5291456108485124,0.48986614950598495,-0.04879978401870888,1.5411149895311773,-0.0119693786826649
8189040100,7.700437652431354,1.5296052522752643,0.4898072359946766,-0.05891351130829525,1.5414830267770085,-0.01187777450174421
8190040100,7.701320075993302,1.5300899489436854,0.48977676427696815,-0.030471717708406842,1.5418511231213259,-0.011761174177640443
8191040100,7.702202513890437,1.530558572470755,0.4897554834774429,-0.02128079952516959,1.5422192805553543,-0.01166070808459918
8192040100,7.703084961798474,1.5309936155102053,0.4897214725234699,-0.03401095397301157,1.5425874935022428,-0.011593877992037482
8193040100,7.703967425705099,1.5313750041326406,0.48969532507544233,-0.026147448027612707,1.54295576016262,-0.011580756029979433
8194040100,7.704849901910662,1.5318544956566886,0.4896858611752107,-0.00946390023163568,1.5433240830404458,-0.01146958738375714
8195040100,7.705732382567597,1.5323195558545661,0.4897032264607215,0.017365285510822837,1.5436924605969118,-0.011372904742345646
8196040100,7.70661485505666,1.5327943015667882,0.48967134540681095,-0.031881053910558954,1.5440608895605337,-0.01126658799374547
8197040100,7.707497342540975,1.5332527457839318,0.48964651245709506,-0.024832949715879238,1.544429364665529,-0.011176618881597156
8198040100,7.708379841704845,1.5336918113636895,0.48961664727967913,-0.029865177415912658,1.5447978955871697,-0.01110608422348025
8199040100,7.7092623549143315,1.5342541233453457,0.4895947809315342,-0.021866348144917058,1.545166480946019,-0.010912357600673328
8200040100,7.71014487840708,1.5347616792342689,0.4895824901602446,-0.012290771289534153,1.5455351217354227,-0.010773442501153863
8201040100,7.711027407679722,1.5352073284786607,0.48950821656089843,-0.07427359934612277,1.5459038163888117,-0.010696487910150987
8202040100,7.711909971877644,1.535716270001739,0.4894610702174404,-0.04714634345801105,1.5462725630291132,-0.010556293027374153
8203040100,7.712792558242414,1.536246844914671,0.4894447493844961,-0.01632083294425657,1.5466413738405294,-0.01039452892585846
8204040100,7.713675152280312,1.5367636632226054,0.4893965342363426,-0.04821514815351424,1.5470102434992832,-0.010246580276677797
8205040100,7.714557768984856,1.5372255509370554,0.4893372084064228,-0.05932582991978741,1.547379165953327,-0.010153615016271544
8206040100,7.715440413576525,1.537723083852156,0.48928449148493885,-0.05271692148392937,1.5477481474754597,-0.010025063623303687
8207040100,7.71632308294608,1.5382010326095876,0.4892590835818571,-0.025407903081774208,1.5481171902553506,-0.009916157645762924
8208040100,7.717205764256924,1.538664014282826,0.48921562672705854,-0.04345685479855099,1.5484862930004155,-0.00982227871758945
8209040100,7.718088465990441,1.5391494742879364,0.4891817742416569,-0.03385248540164598,1.5488554503488956,-0.009705976060959243
8210040100,7.718971183631874,1.539581002713691,0.48915524495140983,-0.026529290247036652,1.5492246658535969,-0.009643663139905945
8211040100,7.71985391373921,1.5401009504428547,0.4891172730843366,-0.03797186707319655,1.5495939376321388,-0.009492987189284152
8212040100,7.720736661688145,1.5405330781456184,0.4891061706305672,-0.011102453769403997,1.5499632642499748,-0.00943018610435642
8213040100,7.721619414853478,1.5410310183045923,0.4890505847025176,-0.05558592804965867,1.5503326479617918,-0.009301629657199495
8214040100,7.722502194133776,1.5415066482046715,0.48903881184667664,-0.011772855840970209,1.5507020834895222,-0.009195435284850673
8215040100,7.723384978944759,1.5419227775227768,0.48899390166142476,-0.044910185251933576,1.551071579584928,-0.009148802062151073
8216040100,7.72426778485265,1.542390489525294,0.4889599646218486,-0.033937039576238615,1.5514411276378972,-0.009050638112603204
8217040100,7.725150606701547,1.5428371193116843,0.4889557106895108,-0.004253932337766386,1.551810734169937,-0.008973614858252654
8218040100,7.726033430548543,1.543189893406221,0.4889254984435614,-0.030212245949411187,1.552180397028522,-0.008990503622301027
8219040100,7.7269162685859545,1.543686703668378,0.4889057015350925,-0.019796908468996843,1.5525501103798547,-0.008863406711476784
8220040100,7.727799115921357,1.5441327933625022,0.4889328915974378,0.027190062345334276,1.5529198793342438,-0.008787085971741604
8221040100,7.728681950486346,1.5444937102815497,0.4888878372948856,-0.04505430255219878,1.5532897018475111,-0.008795991565961447
8222040100,7.729564806211728,1.5448995995922863,0.48886801752142717,-0.019819773458461754,1.5536595686779506,-0.008759969085664343
8223040100,7.73044767124518,1.5454590733087692,0.48889082419391594,0.02280667248880075,1.5540294940446948,-0.008570420735925621
8224040100,7.731330525567778,1.5458241629097158,0.4888911020108246,0.00027781690861106156,1.5543994729870612,-0.008575310077345355
8225040100,7.7322133797599,1.5463112998373403,0.4888142354231229,-0.07686658770169652,1.55476949711867,-0.008458197281329793
8226040100,7.7330962700495895,1.5467477526459685,0.4888345933568719,0.020357933749060475,1.5551395708760651,-0.008391818230096604
8227040100,7.733979150779432,1.5472320587507098,0.48879371831383467,-0.04087504303725753,1.5555097094513037,-0.008277650700593941
8228040100,7.734862050703347,1.5477169048699202,0.4887780851107505,-0.015633203084155944,1.555879893708429,-0.008162988838508856
8229040100,7.735744957967899,1.5481774604441956,0.48873831985685795,-0.039765253892533714,1.5562501357075114,-0.008072675263315787
8230040100,7.736627883903425,1.548756908902348,0.4886980842584691,-0.040235598388863814,1.5566204304830755,-0.00786352158072745
8231040100,7.737510828729343,1.5492007259248701,0.48866983979919126,-0.028244459277848577,1.5569907827923046,-0.007790056867434503
8232040100,7.738393786815028,1.5496381618715385,0.4885817594725095,-0.08808032668178356,1.5573611927333957,-0.007723030861857216
8233040100,7.739276786246757,1.550045503772655,0.488561376865411,-0.02038260709844808,1.557731657949919,-0.007686154177263926
8234040100,7.74015979524537,1.5505657271664992,0.4885440784924953,-0.017298372915766524,1.5581021902337255,-0.007536463067226329
8235040100,7.741042812362947,1.551011043089537,0.48854178705676243,-0.0022914357328627233,1.5584727762566466,-0.00746173316710963
8236040100,7.741925830555986,1.5515089984808568,0.4884827824694812,-0.059004587281258125,1.5588434154155095,-0.007334416934652754
8237040100,7.742808876440628,1.5519227529622766,0.4884611088320457,-0.021673637435470017,1.5592141047576291,-0.007291351795352563
8238040100,7.743691932496211,1.5524659175807922,0.4884128860199991,-0.048222812046562424,1.5595848554618428,-0.007118937881050558
8239040100,7.744575011180166,1.5529206966883156,0.48840670833639516,-0.006177683603926898,1.5599556601782254,-0.00703496348990984
8240040100,7.745458092762828,1.5533960414129944,0.4883355078705235,-0.07120046587165652,1.560326524143555,-0.006930482730560739
8241040100,7.746341207751897,1.5539655015279006,0.48830836195433713,-0.02714591618633877,1.560697439077181,-0.006731937549280476
8242040100,7.747224335476326,1.5545212989852049,0.4882707498541391,-0.03761210019805228,1.5610684177991239,-0.006547118813919006
8243040100,7.748107480845194,1.554958555935458,0.48818571499019986,-0.08503486393925952,1.561439451632797,-0.006480895697339006
8244040100,7.748990666100673,1.555390478529943,0.4881071694836794,-0.07854550652040526,1.5618105426462563,-0.00642006411631324
8245040100,7.74987388819318,1.5558280535862952,0.4880877904887041,-0.019378994975283614,1.56218170019336,-0.006353646607064833
8246040100,7.7507571193733975,1.5563046258288653,0.4880709904083403,-0.01680008036386349,1.5625529230020163,-0.006248297173151007
8247040100,7.751640358431683,1.5567992602533618,0.4880512640233238,-0.019726385016457737,1.5629241994159315,-0.006124939162569731
8248040100,7.752523606739952,1.5572438592817301,0.4880118552561705,-0.039408767153331414,1.563295528931068,-0.0060516696493377875
8249040100,7.753406873526525,1.55767559634239,0.4879631953388459,-0.04865991732462671,1.563666912128653,-0.005991315786262996
8250040100,7.754290163127265,1.558063365797532,0.48793943352914815,-0.023761809697771863,1.5640383528943183,-0.005974987096786233
8251040100,7.755173463867951,1.5584508643409403,0.4879220108947547,-0.017422634393498893,1.5644098530579242,-0.005958988716983971
8252040100,7.756056772776353,1.5589807359711167,0.48792656922350747,0.004558328752796825,1.56478140771533,-0.0058006717442131706
8253040100,7.7569400795478405,1.5594800641498354,0.487931258367255,0.004689143747495628,1.565153015620929,-0.00567295147109359
8254040100,7.757823384121068,1.5598730612603204,0.4878644710642659,-0.06678730298907043,1.5655246724430931,-0.005651611182772687
8255040100,7.758706720002185,1.5603731348980767,0.48781272460257513,-0.051746461690764356,1.5658963781586515,-0.0055232432605747395
8256040100,7.759590080137785,1.5608007117880203,0.4878141255389084,0.0014009363333213898,1.5662681468728934,-0.005467435084873129
8257040100,7.760473439616772,1.5612396609013746,0.48776176310110086,-0.052362437807538686,1.5666399756249731,-0.005400314723598587
8258040100,7.761356823636619,1.561762784555819,0.4877455675598429,-0.016195541257993273,1.56701185393419,-0.005249069378370885
8259040100,7.762240215246387,1.562219210450245,0.4877235765438398,-0.02199101600310982,1.5673837924132599,-0.005164581963014836
8260040100,7.763123617161714,1.5627345202624323,0.4876592259718674,-0.06435057197241933,1.5677557839309273,-0.00502126366849498
8261040100,7.764007049230926,1.5631827155235603,0.48762808193044943,-0.031144041417903168,1.5681278296352659,-0.004945114111705617
8262040100,7.764890495892539,1.5635871500177432,0.48756723649527073,-0.060845435178686014,1.5684999378918576,-0.0049127878741144215
8263040100,7.765773971060534,1.5640087263650755,0.4875398274377392,-0.027409057531508907,1.5688721021528984,-0.004863375787822921
8264040100,7.766657459068737,1.5645135676462703,0.48753426222543844,-0.005565212300748357,1.5692443282865156,-0.004730760640245357
8265040100,7.767540949683972,1.564941714539686,0.4875200583224238,-0.014203903014672115,1.5696166096987554,-0.004674895159069381
8266040100,7.76842444695292,1.5654039859151803,0.48746398447205125,-0.056073850372527545,1.569988942081924,-0.004584956166743703
8267040100,7.769307970487506,1.5658350823487668,0.4874461716720122,-0.01781280003910668,1.5703613271452284,-0.004526244796461576
8268040100,7.770191502365232,1.5663903688358833,0.48741114319837736,-0.035028473634838075,1.5707337731607076,-0.004343404324824274
8269040100,7.771075050648737,1.5668757965080642,0.4873916153709476,-0.019527827429750566,1.5711062725791614,-0.004230476071097167
8270040100,7.771958608077739,1.5672859134931365,0.4873096536441027,-0.08196172684485159,1.5714788288049348,-0.004192915311798329
8271040100,7.77284220388832,1.5677570316466956,0.4872624239854928,-0.04722965860994366,1.5718514387818558,-0.004094407135160294
8272040100,7.773725821813223,1.5682261635922605,0.4872528015319945,-0.00962245349821389,1.5722241148462928,-0.003997951254032239
8273040100,7.7746094442434,1.5687124204398248,0.48721251465383264,-0.04028687816187082,1.5725968501453167,-0.003884429705491854
8274040100,7.775493085535184,1.5691468258625756,0.48717305770366826,-0.03945695016440842,1.5729696372562145,-0.0038228113936389363
8275040100,7.776376745298627,1.5695939311797982,0.48712483726896777,-0.048220434700462,1.5733424822407223,-0.003748551060924088
8276040100,7.77726042763446,1.5700386726565887,0.4871024483626026,-0.0223889063652134,1.573715384940492,-0.003676712283903205
8277040100,7.778144120450031,1.5705342091657737,0.4870735899613975,-0.028858401205085205,1.5740883470925375,-0.003554137926763845
8278040100,7.779027826772907,1.571024468417172,0.48704579964789696,-0.02779031350054817,1.5744613635989317,-0.0034368951817598248
8279040100,7.779911546102471,1.5714693813383962,0.48699239395536786,-0.05340569252907512,1.574834435742705,-0.003365054404308898
8280040100,7.7807952904255595,1.5718496477906516,0.4869414203362065,-0.050973619161369665,1.5752075633178038,-0.0033579155271521444
8281040100,7.781679058601627,1.5722619155594928,0.4869130040271025,-0.028416309103994397,1.575580751391609,-0.003318835832116118
8282040100,7.78256284007404,1.5728170506988073,0.48691692704507933,0.003923017976782184,1.5759539994896627,-0.003136948790855465
8283040100,7.783446619710866,1.5733300598290354,0.486904801377546,-0.012125667533331885,1.576327303159701,-0.0029972433306655333
8284040100,7.784330405021268,1.5737234463015093,0.48682090614782964,-0.08389522971636554,1.5767006560140935,-0.0029772097125841945
8285040100,7.78521422958252,1.574171581198442,0.48675781920228195,-0.06308694554766614,1.5770740612284548,-0.0029024800300128106
8286040100,7.786098083655253,1.5746616228826837,0.4867545298030796,-0.003289399202375698,1.5774475329962527,-0.00278591011356899
8287040100,7.78698193926664,1.575196678810406,0.4867237501421078,-0.030779660971800737,1.5778210672108628,-0.0026243884004568674
8288040100,7.787865809275098,1.5757384001888868,0.48667181529594833,-0.051934846159469306,1.5781946520560801,-0.0024562518671933375
8289040100,7.788749703573985,1.57623278109253,0.48659707570118726,-0.07473959476108183,1.5785682929712586,-0.002335511878728491
8290040100,7.78963363282512,1.5767264554320686,0.48651869525510083,-0.07838044608646211,1.5789419941449587,-0.0022155387128901527
8291040100,7.790517598725854,1.5771474717967773,0.48646377381623407,-0.054921438866701866,1.5793157600929568,-0.0021682882961795436
8292040100,7.79140159030385,1.5776057467400093,0.48640899822978556,-0.05477558644843006,1.5796895915420919,-0.0020838448020825684
8293040100,7.79228560748826,1.5780786776010345,0.4863904900114894,-0.018508218296195977,1.5800634838604637,-0.001984806259429206
8294040100,7.7931696333242675,1.5784788596755075,0.4863532141733002,-0.037275838189197774,1.5804374370255125,-0.001958577350005042
8295040100,7.794053676583806,1.5789121221705942,0.486308442844161,-0.04477132913921,1.5808114438710277,-0.0018993217004334983
8296040100,7.7949377407688045,1.5793831329407904,0.48630002039807313,-0.008422446087894553,1.581185508113439,-0.0018023751726485848
8297040100,7.795821808890133,1.579852463308973,0.48627496804362114,-0.02505235445201981,1.5815596312408111,-0.001707167931838116
8298040100,7.796705888719604,1.5803418896096675,0.4862308772188092,-0.04409082481196158,1.5819338060687542,-0.0015919164590867396
8299040100,7.797589989153441,1.5807785939261128,0.486187462134209,-0.04341508460020416,1.5823080358910033,-0.0015294419648905766
8300040100,7.798474109874181,1.5812573506801884,0.486133796187549,-0.05366594666001756,1.5826823244791157,-0.0014249737989273648
8301040100,7.799358255669521,1.5817646433045152,0.48610639578448855,-0.027400403060432232,1.583056671705208,-0.0012920284006927574
8302040100,7.8002424142663,1.5822502237289573,0.48605778966254687,-0.04860612194166425,1.5834310796033542,-0.001180855874396869
8303040100,7.801126595570178,1.5826856691814994,0.48599468017205427,-0.06310949049260195,1.5838055429825282,-0.0011198738010287368
8304040100,7.8020108063535085,1.5831013522275534,0.4859422322879274,-0.05244788412691648,1.5841800660440946,-0.0010787138165411214
8305040100,7.802895041633405,1.5835682987848085,0.48591475988616467,-0.027472401762695053,1.5845546516641882,-0.0009863528793796483
8306040100,7.8037792897437255,1.5840693205094318,0.48589711777205774,-0.01764211410691452,1.5849292977395066,-0.0008599772300748043
8307040100,7.804663546093083,1.5845945478850074,0.4858536895289988,-0.04342824305892723,1.5853039993333873,-0.0007094514483798608
8308040100,7.805547822722676,1.5849939805584408,0.4857929988212754,-0.060690707723415116,1.585678754505075,-0.0006847739466342428
8309040100,7.806432127690981,1.5855312773233874,0.48571993113257156,-0.07306768870379665,1.5860535683632087,-0.0005222910398212655
8310040100,7.807316466772943,1.5860531062283039,0.48570974090053126,-0.010190232040310665,1.5864284443306857,-0.0003753381023818836
8311040100,7.808200810612119,1.5865201749248545,0.4856303248358111,-0.07941606472016893,1.5868033848639946,-0.0002832099391401055
8312040100,7.809085191522795,1.5870063886903145,0.4855583812072787,-0.07194362853241332,1.5871783775230064,-0.0001719888326918717
8313040100,7.809969606012014,1.5874523438809345,0.4855136595937055,-0.04472161357315274,1.5875534360167265,-0.0001010921357920136
8314040100,7.8108540413720275,1.5879201468861808,0.4854591760524884,-0.05448354121711718,1.587928558872889,-8.411986708312114e-06
8315040100,7.811738502156166,1.5884339501940439,0.48542471231524364,-0.03446373724477647,1.5883037407092147,0.00013020948482922456
8316040100,7.812622979021059,1.5888863744665958,0.4853791689184293,-0.04554339681429509,1.588678983464252,0.00020739100234368202
8317040100,7.813507477134858,1.5893985382025555,0.48531037870855687,-0.06879020987242557,1.589054283180559,0.00034425502199653124
8318040100,7.814392007340208,1.5898410858200154,0.48527215224786224,-0.038226460694562814,1.589429642057322,0.00041144376269341976
8319040100,7.815276555376903,1.5903584892652118,0.4852038120259734,-0.06834022188884692,1.5898050647034836,0.0005534245617282441
8320040100,7.816161135288767,1.5908665187331066,0.4851701774980912,-0.033634527882182574,1.5901805450738848,0.0006859736592217391
8321040100,7.8170457308868935,1.5913288711112428,0.48509886007231096,-0.0713174257802609,1.5905560891372552,0.0007727819739875574
8322040100,7.817930359742287,1.5918189938143956,0.48503199651085704,-0.06686356145388972,1.5909316900277943,0.0008873037866012901
8323040100,7.818815019773902,1.5922530722556492,0.48498782640489163,-0.044170105965431805,1.591307355213413,0.0009457170422362271
8324040100,7.8196997003983775,1.592807847125131,0.48492957436892253,-0.05825203596909034,1.591683083818932,0.0011247633061990392
8325040100,7.82058440817831,1.5932938562979426,0.4848992594741818,-0.03031489474068172,1.5920588713569188,0.001234984941023809
8326040100,7.821469130089005,1.5938053183308625,0.48480826785689785,-0.09099161728393312,1.592434720622112,0.0013705977087503651
8327040100,7.82235389440898,1.5942405674574198,0.484751469631737,-0.05679822516081723,1.5928106260878394,0.001429941369580412
8328040100,7.823238685197701,1.5946965788953686,0.4846817019636547,-0.06976766808232204,1.5931865997771162,0.001509979118252458
8329040100,7.824123508495198,1.595091965625681,0.4846499563096538,-0.031745654000892465,1.5935626349250818,0.0015293307005992407
8330040100,7.825008346583398,1.5954736651008319,0.4846077002767216,-0.042256032932194376,1.5939387341068318,0.0015349309940000389
8331040100,7.825893204357837,1.5959889406385568,0.48459575003940286,-0.01195023731884115,1.5943148897983122,0.0016740508402446341
8332040100,7.826778067699365,1.5964956102607442,0.48459066059696254,-0.005089442440324277,1.5946911040866851,0.0018045061740590285
8333040100,7.827662933411802,1.5970078513281685,0.48451853429918285,-0.07212629777970525,1.5950673709741565,0.001940480354011953
8334040100,7.828547832721699,1.5974477118021362,0.4844504764532517,-0.06805784593116737,1.5954436891053803,0.002004022696755925
8335040100,7.829432763729691,1.5981030494437947,0.4843793866607058,-0.07108979254586245,1.5958200717666209,0.002282977677173781
8336040100,7.8303177278435365,1.598563945036687,0.4843443924742712,-0.03499418643457375,1.5961965181586422,0.0023674268780449204
8337040100,7.831202708252206,1.5990575043406237,0.4842011337868823,-0.14325868738890657,1.5965730288889048,0.002484475451718815
8338040100,7.832087755357088,1.5994828859212769,0.48415495952327187,-0.04617426361043364,1.5969495968124008,0.002533289108876069
8339040100,7.832972823955213,1.5999184907122053,0.4840922480179951,-0.06271150527676284,1.5973262433855666,0.0025922473266386525
8340040100,7.833857921741334,1.6002806179565077,0.48406356722918,-0.028680788815103497,1.597702949382132,0.002577668574375691
8341040100,7.834743032875276,1.6006968509500126,0.4840296867493384,-0.033880479841671196,1.5980797180845663,0.002617132865446292
8342040100,7.8356281597759985,1.6011990450682674,0.4840326056786605,0.0029189293220688306,1.5984565427567397,0.002742502311527728
8343040100,7.836513285318394,1.601608459375349,0.4840084209016082,-0.02418477705231359,1.5988334244340514,0.002775034941297605
8344040100,7.837398422114973,1.6020982715043108,0.4839410334398683,-0.06738746173995613,1.5992103558290651,0.0028879156752457114
8345040100,7.83828359026701,1.6025880303363862,0.48391999577674166,-0.02103766312652855,1.599587342316756,0.003000688019630271
8346040100,7.839168768207071,1.6029916192748832,0.4838585610977311,-0.0614346790106195,1.5999643924651359,0.0030272268097473187
8347040100,7.840053974728108,1.6034810508654669,0.4837969594801409,-0.06160161759019811,1.6003414970938437,0.003139553771623227
8348040100,7.84093920990443,1.6039340498893602,0.4837784170808842,-0.018542399256700648,1.6007186642154423,0.003215385673917881
8349040100,7.841824453705481,1.60435728353196,0.4837167600730916,-0.061657007792572216,1.6010958938695659,0.0032613896623940875
8350040100,7.842709726183207,1.6047530381487207,0.4836731990761672,-0.043560996924447704,1.601473177526774,0.0032798606219466286
8351040100,7.843595018919125,1.6051200689265221,0.48364445587146104,-0.028743204706139558,1.6018505237393157,0.0032695451872064574
8352040100,7.844480325021249,1.605617884425059,0.48362944664053265,-0.015009230928401784,1.6022279289260943,0.003389955498964703
8353040100,7.845365638102697,1.606077431567108,0.48362884956502034,-0.0005970755122453042,1.6026053901549808,0.0034720414121272025
8354040100,7.846250951461782,1.6065920300467342,0.483562647441655,-0.06620212336535758,1.602982904707691,0.0036091253390433398
8355040100,7.847136295602576,1.6070028029843912,0.4835154420932667,-0.0472053483882946,1.6033604697302088,0.003642333254182395
8356040100,7.848021661689864,1.6073810374933986,0.4834404622440795,-0.07497984918717515,1.603738098237546,0.003642939255852573
8357040100,7.848907062632382,1.6078434733821718,0.4834173606194258,-0.023101624653628416,1.6041157864687925,0.0037276869133793245
8358040100,7.849792474312948,1.6083082720270545,0.4834105569784963,-0.006803640929614385,1.6044935399386304,0.0038147320884240887
8359040100,7.850677889155878,1.6087450215939962,0.48336151590214155,-0.049041076354749524,1.60487134836454,0.003873673229456198
8360040100,7.851563326792116,1.6092159137047406,0.48331114694533,-0.05036895681156439,1.6052492085182344,0.003966705186506214
8361040100,7.852448787836616,1.6096892243155878,0.4832747106125547,-0.036436332775217295,1.60562712878275,0.004062095532837873
8362040100,7.853334265812989,1.6101248135299404,0.48322104711959635,-0.05366349295838457,1.6060051094276062,0.0041197041023341985
8363040100,7.85421976872451,1.6106001208717138,0.4831660139068249,-0.05503321277142881,1.6063831476947534,0.004216973176960348
8364040100,7.855105297204983,1.6110632872299226,0.4831297551015518,-0.03625880527306746,1.606761247007718,0.004302040222204706
8365040100,7.855990842530175,1.6114477635021622,0.4830734733394194,-0.05628176213242142,1.6071394076445458,0.004308355857616464
8366040100,7.856876413999824,1.6119025111575054,0.48302312271955816,-0.05035061986127243,1.6075176258863308,0.004384885271174532
8367040100,7.857762008856373,1.6123997429492698,0.4830121334290993,-0.010989290458917278,1.6078959057117856,0.004503837237484154
8368040100,7.858647608816938,1.6129488855324983,0.4829658863032637,-0.04624712583561408,1.6082742459503407,0.004674639582157525
8369040100,7.859533230255979,1.613444725692478,0.48289818953266117,-0.06769677060251889,1.6086526387968014,0.004792086895676562
8370040100,7.860418883131903,1.6139057350949508,0.4828042221708059,-0.09396736185528543,1.6090310912529127,0.004874643842038173
8371040100,7.861304579637466,1.6143518659484717,0.4827367010499925,-0.06752112081337458,1.6094096075818314,0.004942258366640306
8372040100,7.862190307488682,1.6147479125123405,0.4826864622581892,-0.05023879180330093,1.6097881930041105,0.004959719508230043
8373040100,7.863076058659872,1.6151859027227262,0.48264356219667953,-0.04290006150960579,1.6101668422785558,0.005019060444170442
8374040100,7.863961829742756,1.6155766097073812,0.48262570141150024,-0.0178607851793271,1.610545551981975,0.0050310577254062405
8375040100,7.864847609115089,1.6159993379895552,0.48258678045653547,-0.03892095496478998,1.6109243206639405,0.005075017325614661
8376040100,7.8657334065502225,1.6163720737575629,0.4825715067271039,-0.015273729431534822,1.6113031433601392,0.005068930397423621
8377040100,7.866619211073363,1.6168774984757432,0.4825401615448574,-0.03134518224649918,1.6116820242557317,0.005195474220011542
8378040100,7.86750503014207,1.6173607513749066,0.48253385400964616,-0.006307535211267812,1.6120609586617505,0.005299792713156171
8379040100,7.868390852137649,1.6177602704634124,0.4824609757739374,-0.07287823570879004,1.6124399497733997,0.005320320690012759
8380040100,7.869276707948214,1.6181568817850478,0.48239900327697727,-0.061972496960121415,1.6128189926243301,0.005337889160717646
8381040100,7.870162592509878,1.6187151564983617,0.48237888260251144,-0.020120674465806676,1.6131981004378098,0.0055170560605519725
8382040100,7.871048486405459,1.6191561856698835,0.4823602132857391,-0.018669316772360833,1.6135772710551954,0.005578914614688069
8383040100,7.871934388961356,1.6196003666956065,0.48226038546688854,-0.099827818850458,1.6139564961720403,0.005643870523566186
8384040100,7.872820337820108,1.620130475059451,0.48221908406055447,-0.04130140633415058,1.6143357755046672,0.005794699554783733
8385040100,7.873706305832991,1.6205304510270488,0.4821761040316246,-0.042980028929894054,1.6147151251767085,0.0058153258503403915
8386040100,7.874592293776888,1.6210839059699993,0.4820898939859575,-0.08621004566711221,1.6150945335722255,0.005989372397773751
8387040100,7.875478321693804,1.6215982367987456,0.4820687383650074,-0.02115562095004586,1.615474001030389,0.006124235768356634
8388040100,7.876364359418942,1.6220937167826006,0.48197052481273467,-0.09821355227273587,1.6158535361434048,0.006240180639195847
8389040100,7.877250442672901,1.622643991098563,0.48189163755355874,-0.07888725917592954,1.6162331259974074,0.006410865101155627
8390040100,7.8781365624904085,1.623051393293409,0.48182197130706217,-0.06966624649656561,1.6166127859034205,0.006438607389988471
8391040100,7.87902271459302,1.6235295865456734,0.4817246016916971,-0.09736961536496791,1.6169925120302509,0.006537074515422514
8392040100,7.879908911811975,1.623938462500428,0.48169864589516304,-0.025955796534101072,1.6173723025534983,0.006566159946929773
8393040100,7.880795121056164,1.6244299403721716,0.4816371299626702,-0.06151593249282783,1.6177521629821818,0.0066777773899897586
8394040100,7.881681358798097,1.6249551643774973,0.4816102496005982,-0.026880362072068564,1.6181320791401248,0.006823085237372517
8395040100,7.882567608991519,1.6255316455562892,0.4815418730212338,-0.0683765793643718,1.6185120580956607,0.007019587460628474
8396040100,7.88345389085537,1.6259435320090128,0.4814563642837752,-0.08550873745860077,1.6188920929755213,0.00705143903349148
8397040100,7.8843402123190325,1.6263144523426933,0.48134486202914806,-0.11150225462715069,1.6192721920279425,0.007042260314750859
8398040100,7.885226585410587,1.6268189176111287,0.4813156256490348,-0.029236380113344396,1.619652358662826,0.007166558948302759
8399040100,7.8861129720373775,1.6273133292080286,0.48130692461227653,-0.008701036758277603,1.6200325980502868,0.00728073115774186
8400040100,7.886999362692242,1.6277014915758068,0.4812312390326675,-0.07568557960898614,1.6204128938579316,0.007288597717875156
8401040100,7.8878857883823,1.6281548889593371,0.4811603802673398,-0.07085876532770419,1.6207932420114446,0.007361646947892542
8402040100,7.888772246868594,1.6286514690188842,0.48114265666107847,-0.017723606261330183,1.6211736558223997,0.007477813196484551
8403040100,7.889658713557379,1.6291150934519085,0.48109220240851697,-0.05045425256149283,1.6215541343388935,0.00756095911301502
8404040100,7.89054520359488,1.6296759330035728,0.48101995696763034,-0.07224544088663354,1.6219346670116508,0.007741265991922042
8405040100,7.8914317270614776,1.630113237470053,0.48096405023461636,-0.05590673301401328,1.62231526034833,0.007797977121723143
8406040100,7.89231827639382,1.6305093224070109,0.4808592057818133,-0.10484445280305366,1.6226959186847125,0.007813403722298329
8407040100,7.893204874225906,1.6309295303418323,0.48081604807919376,-0.04315770261953311,1.623076638781452,0.007852891560380382
8408040100,7.894091492019378,1.6314590796625954,0.4807935002918335,-0.02254778736029639,1.623457430368017,0.008001649294578472
8409040100,7.89497812024104,1.6319158320406404,0.4807588479177576,-0.03465237407584976,1.6238382811962815,0.008077550844358905
8410040100,7.895864764488299,1.6323687106603335,0.48066925707457564,-0.08959084318190014,1.624219187176962,0.008149523483371501
8411040100,7.896751450163476,1.6327395315768312,0.480615940586166,-0.05331648840958936,1.6246001507201981,0.008139380856633016
8412040100,7.897638160489482,1.63321175815481,0.4805644459280572,-0.051494658108763414,1.6249811827486553,0.008230575406154683
8413040100,7.898524894621602,1.6336146084897838,0.4805540347863806,-0.01041114167658419,1.625362276061594,0.00825233242818979
8414040100,7.899411633566534,1.63408163348772,0.4804927691896741,-0.061265596706520764,1.625743430303288,0.008338203184431903
8415040100,7.9002984008310815,1.6345585093117299,0.48046617878666126,-0.026590403012857866,1.6261246373152467,0.008433871996483155
8416040100,7.901185180385831,1.6350280866834945,0.48040735580132754,-0.05882298533370145,1.6265059072089976,0.00852217947449696
8417040100,7.902071987126596,1.6353890116741654,0.48034344763199255,-0.06390816933498211,1.62688723309925,0.008501778574915297
8418040100,7.902958823400101,1.6357928957572838,0.480283040184068,-0.06040744792456243,1.6272686213979277,0.008524274359356099
8419040100,7.90384568758529,1.63619560516808,0.4802770310575189,-0.006009126549096688,1.6276500731223145,0.00854553204576547
8420040100,7.90473255454686,1.636653092083503,0.4802495292328831,-0.027501824635774774,1.6280315875832336,0.008621504500269328
8421040100,7.905619434214623,1.6371416263437513,0.480222603722775,-0.026925510108171125,1.6284131539736855,0.008728472370065798
8422040100,7.906506326321663,1.6376612488890963,0.4801681635840697,-0.05444013870522735,1.6287947765703699,0.008866472318726393
8423040100,7.90739324357746,1.6382047108185573,0.480098014052741,-0.07014953132871948,1.6291764552637567,0.00902825555480069
8424040100,7.9082801932351305,1.6386054725189678,0.4800120725395112,-0.08594151322977917,1.629558195529821,0.009047276989146757
8425040100,7.909167182582998,1.6391428049416192,0.4799139186772355,-0.0981538622758098,1.6299400004985038,0.009202804443115387
8426040100,7.910054217253053,1.6396562580815999,0.47988710936733064,-0.02680930990477437,1.6303218733165572,0.00933438476504267
8427040100,7.910941264300723,1.6400591486757679,0.47979173770178146,-0.09537166554915544,1.630703816419171,0.009355332256596904
8428040100,7.911828355375458,1.640577311806282,0.47970807779977315,-0.0836599020083022,1.6310858156290564,0.009491496177225667
8429040100,7.912715485064034,1.6411237070204303,0.47967968544153844,-0.02839235823468167,1.6314678845837847,0.009655822436645645
8430040100,7.9136026278559,1.64153558329292,0.47959341949920054,-0.08626594233798102,1.6318500209621583,0.009685562330761677
8431040100,7.914489810455769,1.6419595990902291,0.4794927427091967,-0.10067679000386631,1.6322322137829666,0.009727385307262582
8432040100,7.915377039505275,1.6424134817012697,0.4794592942443361,-0.033448464860559746,1.6326144745586681,0.009799007142601512
8433040100,7.916264283985038,1.6427826860833072,0.4794197264844691,-0.03956775986694039,1.6329968061615254,0.009785879921781815
8434040100,7.917151546716695,1.6432377291282225,0.479365117629298,-0.05460885517110592,1.6333791952329229,0.00985853389529967
8435040100,7.918038834636149,1.643671305090365,0.47935290299227723,-0.012214637020845576,1.6337616429950081,0.00990966209535693
8436040100,7.918926128189122,1.6440669811501152,0.4792976531785958,-0.0552498136814239,1.6341441524443567,0.009922828705758446
8437040100,7.9198134472222375,1.644559164127894,0.4792530656169068,-0.04458756168899791,1.6345267151569551,0.010032448970938912
8438040100,7.920700786816296,1.6450840818374795,0.47922742841134464,-0.02563720556217275,1.6349093396956569,0.010174742141822568
8439040100,7.921588138231802,1.64554223217113,0.4791533495429416,-0.07407886840303313,1.6352920239463735,0.010250208224756419
8440040100,7.922475523802178,1.6460107191864632,0.47906264869772497,-0.09070084521659583,1.6356747641459677,0.010335955040495559
8441040100,7.9233629511845365,1.646363937588885,0.47900520869464647,-0.05744000307848429,1.636057569934625,0.010306367654260074
8442040100,7.924250405042259,1.6468260564953645,0.47894246178280475,-0.0627469118417121,1.6364404446252223,0.010385611870142197
8443040100,7.925137887818072,1.6473191757842771,0.4789374429409652,-0.00501884183950585,1.6368233816099327,0.01049579417434443
8444040100,7.926025372906761,1.6478070548078207,0.47887784663030974,-0.059596310655436024,1.6372063819507439,0.010600672857076887
8445040100,7.926912885458025,1.6482451793193986,0.47880256156859197,-0.07528506171777805,1.6375894341718222,0.01065574514757639
8446040100,7.927800432696891,1.6486381852902103,0.4787297129260874,-0.07284864250462864,1.63797254913392,0.010665636156290237
8447040100,7.92868801349599,1.6490723951804271,0.4786816628909765,-0.04805003511096295,1.638355729964406,0.010716665216021104
8448040100,7.929575616428412,1.6495674211307707,0.4786561854101621,-0.025477480814493525,1.6387389761856213,0.010828444945149451
8449040100,7.930463231095714,1.6499799439375376,0.47861003673767166,-0.04614867249040744,1.6391222828715541,0.010857661065983404
8450040100,7.93135086701754,1.6504903411519523,0.47853328682894786,-0.07674990872376819,1.6395056455377848,0.010984695614167483
8451040100,7.9322385382836025,1.6509300933767166,0.4784977581618802,-0.03552866706761648,1.6398890683018976,0.011041025074818966
8452040100,7.933126225909264,1.6514235462493088,0.4784130683910292,-0.0846897708510359,1.6402725572581431,0.011150988991165622
8453040100,7.934013952526824,1.6517820393876899,0.47836362168453267,-0.04944670649655647,1.640656104212475,0.011125935175214874
8454040100,7.934901701907127,1.6522425584854128,0.4782871338413288,-0.07648784320382873,1.641039718951685,0.011202839533727804
8455040100,7.935789486494261,1.6526619964284184,0.4782782100008713,-0.008923840457558008,1.641423394471147,0.011238601957271444
8456040100,7.9366772751886385,1.6531608503726831,0.4782181498837123,-0.060060117159025594,1.6418071361572437,0.011353714215439403
8457040100,7.937565091524161,1.653569024336379,0.4781785920347156,-0.03955784899675008,1.6421909305738716,0.011378093762507424
8458040100,7.938452926063429,1.6540997926596384,0.4780991224312995,-0.07946960341607667,1.6425747879007524,0.01152500475888596
8459040100,7.939340797168851,1.654523671469727,0.4780649756400207,-0.03414679127876008,1.6429587040646716,0.011564967405055304
8460040100,7.940228683984431,1.6549805794253427,0.4779692673831607,-0.09570825686002493,1.643342687013785,0.01163789241155766
8461040100,7.941116614827672,1.6553748475316419,0.4779269574837613,-0.0423098993994242,1.6437267277360768,0.011648119795565126
8462040100,7.942004565131698,1.6558722186388797,0.47786801616372077,-0.05894132004058905,1.6441108384881602,0.01176138015071948
8463040100,7.942892542543617,1.656426806364299,0.47784040946852596,-0.027606695194824837,1.644495008651294,0.011931797713005121
8464040100,7.94378053265116,1.656908013842512,0.47776105457649876,-0.07935489202719781,1.6448792415412044,0.012028772301307722
8465040100,7.94466855924825,1.6573754659537123,0.47765278202909806,-0.10827254740067893,1.6452635309282506,0.012111935025461706
8466040100,7.945556635622996,1.6578324748118056,0.4775810340176861,-0.07174801141189402,1.6456478871170077,0.01218458769479791
8467040100,7.9464447449777245,1.6582742232010923,0.4775160308987911,-0.06500311889498667,1.6460323158694834,0.012241907331608903
8468040100,7.947332884208104,1.658694430492487,0.47745614052809765,-0.05989037069345171,1.6464168099246663,0.01227762056782078
8469040100,7.948221050960978,1.659186634428383,0.47740379853449294,-0.05234199360472758,1.6468013679472087,0.012385266481174328
8470040100,7.949109241764895,1.6596240735056784,0.47736218777497613,-0.041610759516790274,1.6471859889263634,0.012438084579315056
8471040100,7.949997451687139,1.6600421791635962,0.4772843950056015,-0.07779276937462987,1.647570671366477,0.012471507797119141
8472040100,7.950885697347638,1.6604571329777162,0.47723390988273223,-0.0504851228692722,1.647955413138078,0.012501719839638215
8473040100,7.951773966198292,1.6609095806962713,0.4771930544075228,-0.04085547520943944,1.6483402214482865,0.012569359247984746
8474040100,7.952662253814101,1.6613487218550584,0.47715374783250813,-0.039306575014639744,1.64872509086927,0.012623630985788337
8475040100,7.953550559482248,1.6618220059672253,0.4770955897040684,-0.058158128439714574,1.649110019490596,0.012711986476629189
8476040100,7.954438891858169,1.6622961654093225,0.47704400603060887,-0.05158367345951698,1.6494950070097616,0.012801158399560864
8477040100,7.955327247920185,1.6629001239929595,0.47697520373619323,-0.06880229441560637,1.6498800571850722,0.013020066807887254
8478040100,7.956215635571031,1.6632768259860533,0.4769058168863515,-0.06938684984175714,1.650265168714327,0.013011657271726262
8479040100,7.957104055074829,1.663670208701675,0.47677112344860306,-0.13469343774838638,1.6506503450314334,0.01301986367024166
8480040100,7.957992536399227,1.6642292888355343,0.47675010764870007,-0.02101579990298008,1.6510355862595958,0.013193702575938548
8481040100,7.958881027367847,1.6647244850093075,0.47672076766008625,-0.029339988613814594,1.6514209054048514,0.01330357960445605
8482040100,7.959769531800033,1.6652159312422565,0.47660827039892306,-0.11249726116319891,1.6518062798485786,0.01340965139367789
8483040100,7.960658087847994,1.6656576894600645,0.47652752312357866,-0.08074727534441895,1.6521917112525983,0.0134659782074662
8484040100,7.961546680937331,1.6662122115445763,0.47644846726913465,-0.07905585444399499,1.6525772161761019,0.013634995368474456
8485040100,7.96243531028652,1.6666167282527447,0.4763941796754145,-0.05428759372016323,1.6529627883067803,0.01365393994596431
8486040100,7.963323964532107,1.6669841856067038,0.4762832058520222,-0.1109738233922517,1.6533484273150698,0.013635758291633993
8487040100,7.9642126696623565,1.6673480465832975,0.47624723040020744,-0.03597545181477457,1.6537341282780744,0.013613918305223072
8488040100,7.965101391286028,1.6677847195789577,0.47622985209007296,-0.017378310134531727,1.6541199024852027,0.013664817093755
8489040100,7.965990120876604,1.6682271213100937,0.47621435241714405,-0.015499672928901642,1.6545057350167482,0.013721386293345406
8490040100,7.966878857572617,1.6686658625253268,0.47616237421596236,-0.05197820118173491,1.6548916221763257,0.013774240349001099
8491040100,7.967767618095173,1.669139454554386,0.47610744593191556,-0.05492828404680106,1.6552775635944137,0.013861890959972367
8492040100,7.9686564037939664,1.669606504078485,0.4760542694354812,-0.053176496434386156,1.6556635665382018,0.013942937540283307
8493040100,7.969545213863515,1.6700924871305294,0.47598352311681325,-0.07074631866795755,1.6560496316013378,0.0140428555291916
8494040100,7.970434056352162,1.6705544454208614,0.47591591714137743,-0.06760597543582048,1.6564357584414608,0.014118686979400552
8495040100,7.971322929816705,1.6710068416197996,0.47583867557803866,-0.0772415633387431,1.656821950563156,0.014184891056643556
8496040100,7.972211838667033,1.6715787558618185,0.47577332750400486,-0.0653480740338126,1.6572082073480843,0.014370548513734205
8497040100,7.9731007774503775,1.6720592499538414,0.4757126605284564,-0.060666975548437474,1.6575945307215179,0.014464719232323509
8498040100,7.973989744019139,1.6724606613054196,0.4755918966438832,-0.1207638845732375,1.6579809183225365,0.014479742982883126
8499040100,7.974878765887908,1.672962527442769,0.47551668673511843,-0.07520990876474754,1.6583673692258891,0.014595158216879955
8500040100,7.975767822190128,1.6734200173772422,0.4754810199268466,-0.03566680827184898,1.6587538954031196,0.014666121974122648
8501040100,7.97665689481997,1.6739182851935819,0.4753949326827078,-0.08608724413881497,1.659140487792932,0.014777797400649773
8502040100,7.977546006854346,1.6743313067325776,0.4753309248512089,-0.06400783149892453,1.6595271385299064,0.014804168202671164
8503040100,7.97843514818262,1.6747794205433995,0.47524633401819893,-0.0845908330100289,1.6599138576580756,0.014865562885323813
8504040100,7.979324328219246,1.6751429952316093,0.4752043479146367,-0.04198610356223487,1.660300640789007,0.01484235444260218
8505040100,7.980213527466144,1.6755896330320297,0.47514472501518273,-0.05962289945400867,1.6606874920271757,0.014902141004853986
8506040100,7.9811027539901405,1.6760278953353973,0.47512745228375325,-0.01727273142945851,1.6610744028979063,0.014953492437491
8507040100,7.981991988415712,1.6765584845693913,0.4750685583586401,-0.05889392511315039,1.661461376918524,0.015097107650867247
8508040100,7.982881249780871,1.6769633551489802,0.47501378118043136,-0.0547771782087052,1.66184840566347,0.015114949485510287
8509040100,7.983770536199747,1.6773362629018016,0.47491258077809545,-0.10120040233587613,1.6622354974250726,0.015100765476729006
8510040100,7.9846598688981425,1.6777758900846802,0.4748742356536545,-0.03834512444094429,1.6626226513901727,0.015153238694507465
8511040100,7.985549219129603,1.6782697118871823,0.47485193153677063,-0.022304116883884895,1.6630098768089105,0.015259835078271777
8512040100,7.986438579558879,1.6787519042196368,0.4747961986281487,-0.05573290862193225,1.6633971611735383,0.015354743046098518
8513040100,7.987327965468236,1.6792194305571535,0.47471318480778424,-0.0830138203644708,1.663784501295435,0.01543492926171841
8514040100,7.988217389324894,1.6797388473526136,0.4746358238966569,-0.07736091112726173,1.6641719038367668,0.015566943515846754
8515040100,7.989106848539276,1.6801992903357394,0.4745656669451237,-0.07015695153324275,1.6645593742368057,0.01563991609893378
8516040100,7.989996339814217,1.6807003675586296,0.4744693348011815,-0.09633214394223844,1.6649469113770259,0.01575345618160373
8517040100,7.990885875104212,1.681112470033643,0.4744023771218112,-0.06695767937025021,1.6653345138299436,0.015777956203699484
8518040100,7.991775440982931,1.68153289361618,0.4743149080293676,-0.08746909244361056,1.6657221868146657,0.015810706801514307
8519040100,7.992665046814732,1.6819903314119853,0.47427191271778396,-0.04299531158363257,1.6661099244895077,0.015880406922477608
8520040100,7.993554672282921,1.6824353655718585,0.47422472382568315,-0.04718889210079258,1.6664977309455118,0.015937634626346675
8521040100,7.994444319300855,1.6829072744932583,0.4741589229548496,-0.0658008708335478,1.6668855973344243,0.016021677158833958
8522040100,7.995333996364755,1.6834133797805098,0.47409923953289446,-0.05968342195519494,1.6672735244972827,0.016139855283227034
8523040100,7.996223700677943,1.683884459385672,0.4740259811536318,-0.07325837926265466,1.6676615161465556,0.01622294323911655
8524040100,7.997113438433921,1.684260623232245,0.47393542060737465,-0.09056054625723098,1.6680495710708314,0.01621105216141361
8525040100,7.998003217524608,1.6846969224498247,0.47386223849030173,-0.07318211707293187,1.6684376919799995,0.016259230469825248
8526040100,7.9988930300126055,1.685207088374711,0.4738365711590948,-0.025667331206912003,1.6688258823264128,0.01638120604829818
8527040100,7.99978285421299,1.6856776637670134,0.4737807746432648,-0.055796515830000004,1.6692141386569084,0.01646352511010507
8528040100,8.000672703872135,1.6861032620742278,0.47368783394663383,-0.09294069663097249,1.6696024515167736,0.016500810557454226
8529040100,8.001562595931988,1.6864953324028953,0.47361455225591476,-0.07328169071911006,1.669990826911313,0.016504505491582222
8530040100,8.002452521418446,1.6869755893966945,0.4735637159292515,-0.05083632666324345,1.6703792722440092,0.01659631715268528
8531040100,8.003342470090503,1.6874488504722767,0.4735296713109481,-0.034044618303470386,1.670767783607424,0.01668106686485271
8532040100,8.004232434288458,1.6877878318636423,0.4734513828841774,-0.07828842677073489,1.6711563565388659,0.01663147532477649
8533040100,8.005122434185587,1.6881570117746454,0.4733764538242404,-0.07492905993697674,1.6715449877005533,0.016612024074092124
8534040100,8.006012468244927,1.6886557457378808,0.47336879302107504,-0.007660803165310259,1.671933685909508,0.016722059828372826
8535040100,8.006902505796756,1.6891174952718864,0.47334610551832057,-0.022687502754445088,1.6723224505038061,0.016795044768080247
8536040100,8.007792553691297,1.6896161801079812,0.4732584542433838,-0.08765127493677793,1.6727112680935363,0.016904912014444884
8537040100,8.008682641539746,1.6900675140960226,0.4731891758168894,-0.06927842649438931,1.6731001416757287,0.01696737242029389
8538040100,8.009572760962405,1.6904724561569533,0.4731012381130737,-0.08793770381571209,1.6734890841955412,0.016983371961412086
8539040100,8.010462920457238,1.6909488874496252,0.47303688551915823,-0.06435259391543813,1.673878092000777,0.017070795448848264
8540040100,8.011353109272427,1.6914227145700085,0.47299572966299847,-0.041155856159805104,1.6742671688147865,0.017155545755221935
8541040100,8.012243316837132,1.691875895151962,0.4729186889863976,-0.07704067660086311,1.674656309947391,0.017219585204570897
8542040100,8.013133559495472,1.6923434399777286,0.472842813183263,-0.07587580313462317,1.6750455107850613,0.01729792919266737
8543040100,8.014023836711658,1.6927886656000035,0.4727771625423876,-0.06565064087539252,1.675434778481442,0.01735388711856145
8544040100,8.014914143824475,1.6932509848144848,0.4727042066547021,-0.0729558876855263,1.6758241128115863,0.017426872002898497
8545040100,8.015804484156158,1.6937161743050522,0.4726423319030599,-0.06187475164217604,1.6762135117459316,0.017502662559120585
8546040100,8.016694852657439,1.6942451554078006,0.4725717968168548,-0.07053508620507953,1.6766029767463166,0.017642178661483987
8547040100,8.017585253266935,1.6946565963770466,0.47249970817664616,-0.07208864020864025,1.6769925056126311,0.01766409076441544
8548040100,8.01847568668726,1.6951048931028092,0.47239547675883886,-0.10423141780732292,1.677382100076514,0.017722793026295314
8549040100,8.019366167539877,1.6956166581085321,0.47235000451355624,-0.04547224528265925,1.6777717604543163,0.01784489765421582
8550040100,8.020256669082386,1.6959906070106137,0.47228602007427917,-0.0639844392770943,1.678161493154768,0.017829113855845735
8551040100,8.021147199734726,1.6964832222318327,0.47219009359173597,-0.09592648254317959,1.6785512864828434,0.017931935748989325
8552040100,8.022037774022156,1.696873343755926,0.4721631371636774,-0.026956428058593662,1.6789411441317696,0.017932199624156375
8553040100,8.022928360570065,1.6973006776785229,0.4720766742213309,-0.0864629423464871,1.6793310724700419,0.01796960520848101
8554040100,8.023818986439185,1.6977412498385551,0.4720414930858486,-0.035181135482327264,1.6797210577687842,0.0180201920697709
8555040100,8.02470962830591,1.6981645086933177,0.4719876595341018,-0.05383355174673543,1.6801111118855836,0.0180533968077341
8556040100,8.025600294649756,1.6987147025945777,0.47192714023657945,-0.060519297522373616,1.680501224613856,0.018213477980721704
8557040100,8.026490988507526,1.699141776925788,0.47187524060517544,-0.05189963140401899,1.6808913996745538,0.01825037725123413
8558040100,8.027381705957856,1.699611563138951,0.4717595845790543,-0.11565602612112746,1.681281638405828,0.018329924733123004
8559040100,8.02827247597453,1.7000656698246794,0.4717054465020464,-0.054138077007948926,1.6816719390973596,0.018393730727319868
8560040100,8.029163270593184,1.7005555557717218,0.47162982449314744,-0.07562200889893589,1.682062314454999,0.018493241316722697
8561040100,8.030054099572396,1.7010254374402156,0.47156195211836366,-0.06787237478381103,1.6824527522335195,0.018572685206696082
8562040100,8.03094495938661,1.7015795166014187,0.4714760224270263,-0.08592969133736483,1.6828432567185665,0.018736259882852213
8563040100,8.03183585823353,1.7020751648496184,0.4713999694738596,-0.07605295316672844,1.683233826373641,0.018841338475977354
8564040100,8.03272679162126,1.7025316325270055,0.4712815233403398,-0.11844613351982236,1.6836244648021577,0.018907167724847795
8565040100,8.033617778793156,1.7030197427528937,0.4711921170304033,-0.0894063099364657,1.6840151700442263,0.0190045727086674
8566040100,8.034508806554502,1.7035543943008093,0.47112220288777856,-0.06991414262476692,1.6844059505497206,0.019148443751088706
8567040100,8.035399866051113,1.7039260506631937,0.4710363104431753,-0.08589244460329137,1.6847968005430474,0.019129250120146324
8568040100,8.036290964529861,1.7043412148076322,0.4709268944783653,-0.10941596480998861,1.685187716149919,0.01915349865771332
8569040100,8.037182112657332,1.7048057692799996,0.4708990474315823,-0.02784704678294858,1.6855787005590663,0.01922706872093327
8570040100,8.038073273419009,1.705198534675188,0.4708494325354396,-0.04961489614269121,1.6859697584616562,0.019228776213531695
8571040100,8.038964456689255,1.7056583507602794,0.47077501222891416,-0.0744203065254414,1.686360873623535,0.019297477136744456
8572040100,8.03985567371732,1.706073982680804,0.4707365117901561,-0.038500438758084954,1.686752050384758,0.019321932296046063
8573040100,8.040746908207641,1.7064837867549048,0.4706643795274708,-0.07213226268527739,1.6871432936913031,0.019340493063601638
8574040100,8.041638175410712,1.7068881754593428,0.470614323842502,-0.05005568496873414,1.6875345963972066,0.019353579062136195
8575040100,8.042529465311846,1.707234172757199,0.470567174777688,-0.04714906481402359,1.687925965205988,0.019308207551210987
8576040100,8.043420776590974,1.7076608780617692,0.47052274040935294,-0.044434368335068974,1.6883173957281912,0.019343482333578077
8577040100,8.044312108015404,1.7081263653704393,0.4705076234674685,-0.015116941884447677,1.6887088873912397,0.01941747797919957
8578040100,8.045203446293032,1.7085701793796022,0.4704521126653665,-0.05551080210196613,1.6891004396606242,0.01946973971897803
8579040100,8.046094809734488,1.7091449838885502,0.4703770932943041,-0.0750193710624023,1.689492046702945,0.019652937185605124
8580040100,8.046986207178916,1.7096995516856666,0.4703128335455297,-0.06425974877433926,1.6898837165690352,0.01981583511663132
8581040100,8.047877633745465,1.7101608279985516,0.4701827436894618,-0.130089856067928,1.6902754531513438,0.01988537484720787
8582040100,8.048769119256663,1.7105696723813437,0.4700624798849892,-0.12026380447257967,1.6906672543137304,0.01990241806761328
8583040100,8.049660659246836,1.7110365860832346,0.4699887551623704,-0.0737247226188309,1.6910591331748428,0.019977452908391813
8584040100,8.050552232627608,1.7113546090223621,0.4699412513231175,-0.04750383925286927,1.6914510877848699,0.019903521237492283
8585040100,8.051443827520734,1.7118077118427455,0.46986460078058884,-0.07665054252864723,1.6918431088835533,0.019964602959192224
8586040100,8.052335457121206,1.7122657912394061,0.46986257686008914,-0.0020239204996737037,1.692235191256188,0.02003059998321821
8587040100,8.053227087638037,1.7127163382538235,0.46979292159504166,-0.06965526504746222,1.6926273407135604,0.020088997540263165
8588040100,8.054118749690085,1.7131298748059134,0.46972067972434584,-0.07224187069580301,1.6930195424004175,0.020110332405495868
8589040100,8.055010444443822,1.7135753803142295,0.469652113468859,-0.06856625548692019,1.6934118097912467,0.020163570522982788
8590040100,8.055902170231102,1.7139864925726012,0.46960204275819933,-0.050070710659664286,1.6938041434081406,0.0201823491644606
8591040100,8.056793918678071,1.7144036423656523,0.4695359143386761,-0.06612841952332182,1.6941965425260328,0.020207099839619547
8592040100,8.05768569704828,1.7148401446407764,0.46948697786834326,-0.04893647033284143,1.6945890034680708,0.020251141172705545
8593040100,8.058577497559826,1.7151382088231837,0.4694350041650415,-0.0519737033017349,1.6949815294388841,0.020156679384299547
8594040100,8.059469321584569,1.715658554867937,0.46937329878248235,-0.061705382559156696,1.695374117021064,0.02028443784687295
8595040100,8.060361173522049,1.7160931016418615,0.46938103229876443,0.007733516282097064,1.6957667668258445,0.020326334816016978
8596040100,8.06125302196142,1.716557454025739,0.46927740060269374,-0.10363169607068334,1.696159480798073,0.02039797322766579
8597040100,8.062144917272178,1.7170090736977424,0.46921661696015826,-0.060783642535469085,1.69655224511191,0.02045682858583242
8598040100,8.063036840070199,1.7174038832692782,0.4691408125073103,-0.07580445284795578,1.6969450819568799,0.0204588013123983
8599040100,8.063928797143499,1.7178530414024897,0.4690712931103118,-0.06951939699849108,1.697337982805049,0.02051505859744074
8600040100,8.06482078564576,1.7183019515438114,0.46903020694770003,-0.041086162611805754,1.6977309506553304,0.02057100088848096
8601040100,8.0657127927206,1.7188151549026696,0.4689618676247406,-0.06833932295938627,1.6981239842628106,0.020691170639858925
8602040100,8.066604830684195,1.7192747908859847,0.46889357342325794,-0.06829420148271437,1.6985170779703402,0.020757712915644433
8603040100,8.06749689951199,1.7197701608958176,0.468792922443729,-0.10065097952894941,1.698910237213127,0.020859923682690518
8604040100,8.0683890138194,1.72022240846916,0.46871895496611915,-0.07396747760985889,1.6993034619890928,0.020918946480067202
8605040100,8.069281161543598,1.7206752909066247,0.4686269489513721,-0.09200601474705028,1.6996967587507328,0.02097853215589196
8606040100,8.070173350827163,1.7210321602506948,0.468556422246084,-0.07052670528804139,1.7000901221902822,0.020942038060412616
8607040100,8.071065571962722,1.7214171371629905,0.4684854924096936,-0.0709298363903561,1.700483555907848,0.020933581255142553
8608040100,8.071957825127862,1.7218603754978727,0.46846267738775577,-0.02281502193787377,1.7008770556324748,0.02098331986539792
8609040100,8.072850088594562,1.7223439274673296,0.46842585863086034,-0.0368187568954248,1.701270621451414,0.021073306015915616
8610040100,8.073742368684883,1.7226909309010099,0.46835984286479587,-0.06601576606447868,1.7016642437876683,0.021026687113341547
8611040100,8.074634678578207,1.7232090337197035,0.46827351868083533,-0.0863241839605342,1.7020579254359127,0.021151108283790743
8612040100,8.07552702743696,1.7235912738394474,0.46825559177718723,-0.017926903648166626,1.7024516722184266,0.021139601621020798
8613040100,8.076419384386812,1.7240650842327285,0.46815189903609483,-0.10369274109238491,1.702845488187645,0.02121959604508361
8614040100,8.077311788131546,1.7244336286519886,0.46811619538952837,-0.035703646566449976,1.7032393597254227,0.02119426892656584
8615040100,8.078204207986547,1.7248799108366217,0.4680345745127621,-0.08162087676625207,1.7036333039231195,0.02124660691350222
8616040100,8.0790966646664,1.7252489861645925,0.4680056737525227,-0.028900760239367607,1.7040273072441323,0.02122167892046023
8617040100,8.07998913438397,1.7256529047054827,0.4679378291135275,-0.06784463899515814,1.7044213788419285,0.021231525863554257
8618040100,8.080881634704697,1.7260947014885575,0.46790867203379477,-0.029157079732664126,1.7048155082208325,0.021279193267724983
8619040100,8.081774148176253,1.7265900084927708,0.4678621026598324,-0.046569373962364935,1.7052097031452043,0.02138030534756652
8620040100,8.082666682650594,1.7270621137996356,0.4677965317337942,-0.06557092603820935,1.7056039559139862,0.02145815788564942
8621040100,8.083559246694136,1.7275473378766926,0.46770403251092096,-0.09249922287326218,1.7059982700019916,0.02154906787470101
8622040100,8.08445185244367,1.7279255000249336,0.467623009213896,-0.08102329702500022,1.706392649201586,0.02153285082334766
8623040100,8.085344494718663,1.7283601522871002,0.4675352773978145,-0.08773181608150393,1.7067870988850053,0.02157305340209481
8624040100,8.086237176536718,1.7288835757701164,0.4675011443631238,-0.03413303469068163,1.7071816167731413,0.021701958996975135
8625040100,8.087129873737583,1.729262875153235,0.4674387201050806,-0.06242425804322238,1.707576204209694,0.021686670943541042
8626040100,8.088022599068635,1.7297464267288407,0.467331687338728,-0.10703276635260517,1.707970850523413,0.021775576205427694
8627040100,8.088915372623672,1.7301851872414138,0.4672967767547685,-0.034910583959471,1.708365561356878,0.021819625884535787
8628040100,8.089808161905582,1.7305962354638003,0.46720959465295425,-0.08718210181425601,1.7087603456044427,0.021835889859357582
8629040100,8.090700990457416,1.7309460670504344,0.4671447568371761,-0.06483781577814485,1.709155188904866,0.02179087814556846
8630040100,8.09159384821011,1.7313480973282294,0.46709377228307664,-0.050984554099464674,1.7095501016784347,0.021797995649794677
8631040100,8.092486728921966,1.731870146760437,0.4670735209457999,-0.020251337276708803,1.709945079480807,0.02192506727962984
8632040100,8.09337961875268,1.732258854971432,0.4670271886723938,-0.046332273406115565,1.7103401195587615,0.02191873541267042
8633040100,8.094272529444709,1.7327622579822808,0.4669206239408638,-0.10656473152991985,1.710735215795065,0.02202704218721574
8634040100,8.095165488110714,1.7330945853854423,0.4668807706751653,-0.03985326569848313,1.7111303733916685,0.02196421199377374
8635040100,8.096058464715506,1.7335903701619986,0.4667833841988614,-0.09738647630390806,1.7115256043566838,0.0220647658053148
8636040100,8.096951485150017,1.7340520995071056,0.4667716980177308,-0.011686181130622586,1.7119208954054344,0.022131204101671242
8637040100,8.097844510843437,1.734485089428473,0.46667811220431477,-0.09358581341599814,1.712316258007771,0.022168831420701807
8638040100,8.098737578647095,1.7349445657952152,0.4666014571499309,-0.07665505438380604,1.7127116750951075,0.0222328907001077
8639040100,8.099630680936931,1.7354715072586684,0.4665391239042487,-0.062333245682201444,1.713107162992138,0.022364344266530445
8640040100,8.10052381126587,1.7359729848113667,0.46646345486378665,-0.07566904046204659,1.7135027183327125,0.022470266478654244
8641040100,8.101416975628032,1.7364373420041535,0.4663538242244954,-0.10963063929124317,1.7138983382702726,0.022539003733880847
8642040100,8.102310189289057,1.7369609966264832,0.4662567461238441,-0.09707810065131861,1.7142940254688028,0.02266697115768035
8643040100,8.103203446595339,1.7374521884522407,0.46617812449364515,-0.07862163019893931,1.7146897867019284,0.0227624017503123
8644040100,8.10409673924288,1.737883841630822,0.46606963537919394,-0.10848911445118903,1.7150856194762163,0.022798222154605696
8645040100,8.104990080648365,1.738219114227217,0.4659772227155071,-0.09241266368686052,1.7154815201221965,0.02273759410502052
8646040100,8.10588346357831,1.7387028765504888,0.4659145418061893,-0.062680909317816,1.7158774945968034,0.022825381953685442
8647040100,8.106776874668785,1.7390978528144576,0.46590020950603445,-0.014332300154855204,1.716273539705103,0.02282431310935462
8648040100,8.107670292197811,1.7395940718079284,0.46581149222485757,-0.08871728117689637,1.7166696495322462,0.022924422275682144
8649040100,8.108563749577542,1.7400654872462542,0.46576720259988036,-0.04428962497720379,1.7170658144538216,0.022999672792432646
8650040100,8.109457226848992,1.7404754500581545,0.46567211904922445,-0.0950835506559109,1.717462049293129,0.02301340076502556
8651040100,8.110350746819226,1.7408774684963255,0.465589321873809,-0.08279717541547749,1.71785834520729,0.023019123289035548
8652040100,8.11124430396427,1.7412740436522465,0.46553725421523773,-0.05206765857137663,1.718254712321123,0.02301933133112355
8653040100,8.11213788448385,1.741752073467494,0.4654891830407183,-0.048071174519431104,1.718651148194585,0.02310092527290908
8654040100,8.11303148658169,1.7422323610068104,0.46544386760857354,-0.04531543214477285,1.7190476467137543,0.02318471429305613
8655040100,8.113925109018897,1.7426792724980475,0.46535769310702696,-0.0861745015466,1.7194442070889409,0.023235065409106692
8656040100,8.114818770129583,1.743152122816627,0.4652702532171263,-0.08743988990066631,1.7198408287774285,0.023311294039198405
8657040100,8.115712470474845,1.7435935163720566,0.46519943142831033,-0.07082178881596768,1.7202375199251385,0.023355996446918104
8658040100,8.116606202593077,1.7439543670947444,0.4651155226370926,-0.08390879121764616,1.7206342807913835,0.02332008630336091
8659040100,8.117499972349735,1.7443019369915576,0.46504728782133886,-0.06823481575372314,1.721031108073202,0.023270828918355635
8660040100,8.118393772709405,1.7446605531091834,0.4650194295828611,-0.027858238477745267,1.7214280043844212,0.023232548724762214
8661040100,8.119287585562175,1.74512538235648,0.46499834492484987,-0.021084658011204294,1.721824966610228,0.023300415746251968
8662040100,8.120181407869953,1.7456020797360468,0.46497184680594245,-0.02649811890741738,1.7222219867146897,0.023380093021357018
8663040100,8.12107524205974,1.745977967934795,0.46489213544324137,-0.07971136270107859,1.7226190633536582,0.023358904581136875
8664040100,8.121969111989074,1.746403960070239,0.4648063590401775,-0.08577640306387524,1.7230161976106046,0.023387762459634365
8665040100,8.122863020370945,1.7468904269227707,0.46477105852862816,-0.035300511549337,1.7234134000931292,0.02347702682964159
8666040100,8.123756944575701,1.7473256973241391,0.4647106825822142,-0.06037594641392685,1.723810672016711,0.023515025307428106
8667040100,8.124650895840425,1.7478015003046785,0.46461992560792714,-0.09075697428705753,1.7242080033324392,0.023593496972239336
8668040100,8.125544887775492,1.7482785182965748,0.46455472067712367,-0.06520493080350187,1.7246053990421473,0.0236731192544275
8669040100,8.126438908925882,1.748614741946498,0.46446912483918296,-0.08559583794071468,1.7250028652055462,0.023611876740951665
8670040100,8.127332968422053,1.7490032681104462,0.4643827976187523,-0.08632722043069796,1.7254003967393174,0.02360287137112871
8671040100,8.128227066585017,1.7493895051828332,0.46436702287026194,-0.01577474849033056,1.725797997712732,0.023591507470101192
8672040100,8.129121171812924,1.749882526541463,0.4643251497341997,-0.041873136062265726,1.7261956682787378,0.023686858262725208
8673040100,8.130015295793221,1.750382954088931,0.4642844788072009,-0.0406709269988097,1.726593394389134,0.023789559699797014
8674040100,8.130909437986013,1.7508180585339703,0.46419025291877947,-0.09422588842145574,1.7269911812485503,0.02382687728541999
8675040100,8.131803622367599,1.7512558204716384,0.4640921490290728,-0.09810388970664619,1.7273890286234703,0.02386679184816809
8676040100,8.132697850665885,1.7516509998681151,0.4640266624341921,-0.06548659488062825,1.7277869471908467,0.023864052677268432
8677040100,8.133592108274783,1.7520385457281762,0.4639598030024847,-0.06685943170744624,1.7281849377306102,0.023853607997565973
8678040100,8.134486395804796,1.752595890406323,0.463914276449853,-0.04552655263160066,1.7285829937519566,0.024012896654366456
8679040100,8.135380703706687,1.7530835125887452,0.4638726204265432,-0.04165602330979823,1.728981115535273,0.02410239705347217
8680040100,8.136275030246876,1.7535820263602555,0.4637457794293859,-0.12684099715729547,1.729379298837248,0.02420272752300745
8681040100,8.137169413530415,1.754039068038594,0.46365365156165933,-0.09212786772654491,1.729777542892883,0.024261525145711005
8682040100,8.138063838019084,1.7545283390463622,0.46355590773678684,-0.09774382487244537,1.7301758646804402,0.024352474365922028
8683040100,8.138958306216376,1.7549520940263328,0.4634788213846799,-0.0770863521069689,1.730574257291881,0.02437783673445182
8684040100,8.139852808878752,1.7554770942470186,0.4633854740230072,-0.09334736167265056,1.7309727218532096,0.024504372393808982
8685040100,8.140747353269346,1.7560093196706785,0.46332487006934,-0.06060395366722915,1.7313712542569668,0.02463806541371172
8686040100,8.141641924746999,1.7564903335806277,0.4632134244808956,-0.11144558844440322,1.7317698577492706,0.02472047583135706
8687040100,8.142536546026905,1.7569359403338518,0.46309813459137467,-0.1152898895208816,1.7321685258156059,0.024767414518245934
8688040100,8.143431218815296,1.7574787815481698,0.4630083180540377,-0.08981653733698591,1.7325672685892641,0.0249115129589057
8689040100,8.144325931723106,1.7578929630399314,0.4629361487207655,-0.07216933327211583,1.7329660868430956,0.024926876196835757
8690040100,8.14522067686242,1.758407496571639,0.4628151118511121,-0.12103686965342098,1.7333649755117015,0.025042521059937428
8691040100,8.146115476047479,1.758840018205162,0.4627584094644779,-0.056702386634259305,1.733763931088241,0.02507608711692111
8692040100,8.147010300546947,1.7592471098833207,0.4626513333559269,-0.10707610855092398,1.734162963310446,0.02508414657287461
8693040100,8.147905172841998,1.7596927227618506,0.4625852345404785,-0.06609881544836504,1.734562059376131,0.025130663385719565
8694040100,8.148800074636467,1.760117318602727,0.4625318666332273,-0.0533679072512121,1.7349612293218861,0.0251560892808409
8695040100,8.149695000245792,1.7604755650379222,0.4624591821799599,-0.07268445326737538,1.7353604649967238,0.025115100041198435
8696040100,8.150589958285673,1.76089024998772,0.46239698838972854,-0.06219379023136273,1.7357597638727746,0.025130486114945283
8697040100,8.151484944071601,1.761248363881904,0.46236808300782606,-0.02890538190248737,1.736159129802605,0.025089234079299194
8698040100,8.152379942751693,1.7617412922279903,0.4623109612574721,-0.05712175035394518,1.7365585607045588,0.025182731523431423
8699040100,8.153274966910555,1.7621147091576568,0.46228224015500236,-0.028721102469805526,1.7369580499572876,0.025156659200369136
8700040100,8.154170003879166,1.7626838729941312,0.46218595412378227,-0.09628603122008039,1.737357603184865,0.025326269809266222
8701040100,8.155065083786424,1.763056090245265,0.4621495080607921,-0.036446062990175054,1.7377572147384583,0.02529887550680665
8702040100,8.155960179944596,1.7635360531341226,0.4620148786028402,-0.1346294579518803,1.738156898078234,0.025379155055888614
8703040100,8.156855336122318,1.7639824383427256,0.4619788132628271,-0.03606534001311035,1.7385566412959008,0.025425797046824794
8704040100,8.157750508375678,1.7644264674204806,0.4618887446035552,-0.09006865927188024,1.738956463948373,0.025470003472107594
8705040100,8.158645720770842,1.7648882063252898,0.4618154113767011,-0.07333322685409538,1.7393563464182265,0.025531859907063303
8706040100,8.159540965843798,1.7653902676511668,0.46174319783074586,-0.07221354595527307,1.7397562994644673,0.025633968186699496
8707040100,8.160436243090905,1.7657652803084516,0.46166204108774006,-0.08115674300579911,1.7401563197622956,0.025608960546156023
8708040100,8.161331556491156,1.7662569883225998,0.46156055267793794,-0.1014884098021338,1.740556407095852,0.0257005812267479
8709040100,8.162226915093466,1.7666489128378777,0.4615226722696485,-0.03788040828942307,1.7409565632527837,0.025692349585094032
8710040100,8.163122290565019,1.767077333017872,0.46142629549090064,-0.09637677874784822,1.741356792288105,0.025720540729766928
8711040100,8.164017708950148,1.7675753204045108,0.46137986350982285,-0.046431981077839524,1.7417570815458667,0.025818238858644094
8712040100,8.164913148007022,1.7679468027406195,0.46131515754576263,-0.06470596406027429,1.7421574426782733,0.025789360062346223
8713040100,8.16580861586809,1.7684426581052908,0.46121550866319405,-0.09964888256860682,1.7425578657495926,0.025884792355698183
8714040100,8.166704128081037,1.768820508641864,0.46117920115681726,-0.0363075063767857,1.7429583544043332,0.0258621542375308
8715040100,8.167599656451575,1.769400508948661,0.46108054919445,-0.09865196236721507,1.7433589156059668,0.02604159334269429
8716040100,8.168495228718315,1.7698514156831535,0.4610409813409084,-0.039567853541633724,1.7437595367520409,0.026091878931112644
8717040100,8.16939081858873,1.770321200607735,0.46090000981615364,-0.1409715247547254,1.7441602302603982,0.026160970347336665
8718040100,8.170286471165745,1.7707274574563174,0.46082352083224054,-0.0764889839130487,1.744560984376239,0.026166473080078356
8719040100,8.171182157758953,1.7711894800768633,0.4607374849954073,-0.08603583683326388,1.7449618192925698,0.026227660784293505
8720040100,8.172077882607766,1.771661184229226,0.46068324275295386,-0.05424224245341369,1.7453627221814756,0.026298462047750437
8721040100,8.17297363157184,1.7720985963043103,0.46060102937134306,-0.08221338161078773,1.7457636949503446,0.026334901353965767
8722040100,8.173869417081688,1.7726280195773556,0.4605138687010384,-0.08716067030465435,1.7461647312782134,0.02646328829914224
8723040100,8.174765241329881,1.7730578006042248,0.4604438130973785,-0.07005560365993846,1.7465658367391974,0.02649196386502739
8724040100,8.175661096709181,1.7734725520175203,0.46032752982567154,-0.11628327170693664,1.7469670123251895,0.026505539692330826
8725040100,8.1765570037524,1.773941598255615,0.4602610455286749,-0.06648429699663438,1.7473682546391132,0.026573343616501877
8726040100,8.177452940328727,1.7743746718352797,0.4602020823842322,-0.058963144442719884,1.7477695728881528,0.026605098947126926
8727040100,8.178348903093866,1.7747303035605606,0.4601158743389698,-0.08620804526246317,1.7481709571695525,0.0265593463910081
8728040100,8.179244904143182,1.7752067611931683,0.46004762226050583,-0.06825207846396708,1.7485724059934604,0.026634355199707915
8729040100,8.18014093549788,1.7756887502648522,0.4600182150146851,-0.02940724582067311,1.7489739247885652,0.026714825476287007
8730040100,8.181036979908736,1.776123515054652,0.4599282799231244,-0.08993509156069646,1.7493755099889263,0.02674800506572561
8731040100,8.18193306424395,1.7765802373920483,0.4598354515069112,-0.09282841621319537,1.7497771538710865,0.026803083520961835
8732040100,8.182829189780335,1.7770272267994576,0.45976619833072424,-0.06925317618694482,1.750178868486639,0.02684835831281851
8733040100,8.183725346049178,1.7775475785295125,0.45968589173199154,-0.08030659873269208,1.7505806544186484,0.0269669241108641
8734040100,8.184621537950267,1.7780390189885116,0.4596103968495299,-0.07549488246158598,1.7509825069832239,0.027056512005287692
8735040100,8.185517763343363,1.7784783647190068,0.45949801712369764,-0.11237972583230604,1.7513844283868885,0.027093936332118318
8736040100,8.18641403858233,1.7789114270202393,0.4593999484148272,-0.09806870887049479,1.7517864176793942,0.027125009340845052
8737040100,8.187310357310286,1.779420714253229,0.4593278863017532,-0.07206211307393051,1.7521884822069111,0.02723223204631786
8738040100,8.188206707989004,1.779806220414624,0.45925894152526875,-0.0689447764844684,1.7525906191295277,0.02721560128509637
8739040100,8.189103089231965,1.780196735640089,0.4591517061798348,-0.10723534543396074,1.7529928232807492,0.02720391235933972
8740040100,8.18999951800548,1.7805805154740297,0.45910642838048027,-0.04527779935455101,1.7533950940474554,0.02718542142657432
8741040100,8.190895966844646,1.7808800086564571,0.45905870286791567,-0.047725512564601225,1.7537974390540647,0.027082569602392415
8742040100,8.191792436832221,1.7812885766393913,0.45901441930141,-0.04428356650567178,1.7541998459829635,0.027088730656427806
8743040100,8.192688926441162,1.7817267232800147,0.45901251584929875,-0.0019034521112759606,1.7546023153273396,0.027124407952675123
8744040100,8.193585416893454,1.7822340039387368,0.45895609400739557,-0.05642184190318389,1.7550048464087453,0.027229157529991443
8745040100,8.194481932342752,1.7826641111669785,0.4588848424740442,-0.07125153335134149,1.7554074308010108,0.027256680365967734
8746040100,8.195378479355092,1.7830532654429838,0.4587788411945405,-0.10600127950374905,1.7558100793565465,0.027243186086437277
8747040100,8.196275073315514,1.7833845752387874,0.4587114037945666,-0.06743739997388287,1.756212795032841,0.02717178020594635
8748040100,8.197171697138788,1.783815864342716,0.4586645035538909,-0.04690024067569265,1.756615584751092,0.027200279591623966
8749040100,8.19806834172818,1.7841721913551336,0.4586467055341392,-0.0177980197516443,1.757018440846167,0.027153750508966512
8750040100,8.19896499419752,1.7846436715117664,0.45857889418271935,-0.06781135141988726,1.7574213592388723,0.027222312272894067
8751040100,8.199861676687263,1.785094641298912,0.45854868820863065,-0.03020597408871284,1.75782433414469,0.027270307154221962
8752040100,8.200758372548005,1.7855887857800115,0.4584607969084889,-0.0878913001417243,1.7582273755208888,0.027361410259122643
8753040100,8.20165510731012,1.7860326420905444,0.45838309817145956,-0.07769873702939423,1.7586304758912412,0.027402166199303135
8754040100,8.202551876456532,1.7865298683344426,0.45828365949630845,-0.09943867515109961,1.7590336467408108,0.027496221593631853
8755040100,8.203448689599995,1.7869678100309994,0.4582093187751273,-0.07434072118114887,1.7594368860487357,0.027530923982263644
8756040100,8.204345535630022,1.7873932672591093,0.45810813934256917,-0.10117943255805839,1.7598401981479306,0.02755306911117872
8757040100,8.205242426411457,1.7878891095331868,0.4580365693201221,-0.07157002244708277,1.760243578052151,0.027645531481035768
8758040100,8.206139348842589,1.788346407259066,0.4579712312797634,-0.06533804035865654,1.760647031108327,0.02769937615073892
8759040100,8.207036300163498,1.7888468551907626,0.45787055251396297,-0.100678765800442,1.76105055143314,0.027796303757622542
8760040100,8.207933295992895,1.7892599557674964,0.457789072101778,-0.08148041218498614,1.7614541377938053,0.027805817973691083
8761040100,8.208830327836834,1.7897568518449263,0.45768585588146843,-0.10321622030955524,1.7618577972280534,0.02789905461687292
8762040100,8.209727405294046,1.7902001351608599,0.45762633099314665,-0.05952488832178604,1.7622615259241599,0.027938609236699996
8763040100,8.21062450905213,1.790620518600924,0.4575247566506434,-0.10157434250321629,1.7626653282130107,0.027955190387913387
8764040100,8.211521657683154,1.7910808643941605,0.45744994652320636,-0.07481012743706472,1.7630691954114042,0.02801166898275631
8765040100,8.212418839357454,1.791496743589797,0.45738658575599195,-0.0633607672144203,1.7634731358901412,0.02802360769965584
8766040100,8.213316049013978,1.7919106894385413,0.45730316764173423,-0.08341811425771484,1.7638771443333745,0.028033545105166757
8767040100,8.214213295505221,1.792324874051834,0.45724199306701974,-0.061174574714482954,1.7642812184710017,0.028043655580832327
8768040100,8.215110569005196,1.792690133966816,0.4571817982695262,-0.0601947974935757,1.7646853622991934,0.028004771667622608
8769040100,8.21600786907805,1.7931626291239662,0.45712149885347036,-0.06029941605585121,1.7650895714012584,0.02807305772270774
8770040100,8.216905195766707,1.7935661770530824,0.4570857723218808,-0.03572653158954653,1.7654938455891376,0.028072331463944833
8771040100,8.217802538223301,1.7939956551693537,0.4569963242701756,-0.08944805170518721,1.7658981848904283,0.028097470278925396
8772040100,8.218699920152856,1.794390314690095,0.4569413839719375,-0.05494029823807933,1.7663025844243343,0.028087730265760724
8773040100,8.219597326323719,1.7948597854091048,0.45687345853926487,-0.06792543267265039,1.7667070548822856,0.028152730526819214
8774040100,8.220494762461575,1.7952232097729077,0.4568229974882542,-0.05046105101063114,1.7671115894082199,0.02811162036468784
8775040100,8.221392220858899,1.7956551789756041,0.4567350329997147,-0.08796448853955541,1.767516190591536,0.028138988384068142
8776040100,8.222289718053808,1.7960927724449827,0.45670020737110856,-0.034825628606137915,1.7679208549655314,0.028171917479451247
8777040100,8.223187230606978,1.7965173281091462,0.45663108630873794,-0.06912106237061888,1.7683255899962198,0.028191738112926412
8778040100,8.224084773639627,1.796954002630901,0.45655912272449534,-0.07196358424260785,1.768730385121767,0.028223617509133936
8779040100,8.224982348400628,1.7974742553683554,0.4564936685692124,-0.06545415528290732,1.7691352471697357,0.028339008198619675
8780040100,8.225879952015974,1.7978770800736723,0.456422124821397,-0.07154374781540129,1.7695401767125425,0.028336903361129817
8781040100,8.22677758716576,1.7984463126551116,0.4563085950667616,-0.11352975463541393,1.7699451724625455,0.02850114019256611
8782040100,8.227675272346787,1.7989454657576496,0.4562538167738823,-0.05477829287923974,1.7703502356379026,0.02859523011974696
8783040100,8.22857298166383,1.7993203238361821,0.45611553991680687,-0.13827685707547,1.7707553745962024,0.028564949239979764
8784040100,8.229470751895446,1.7997619616174088,0.45601215266236483,-0.10338725444202623,1.7711605776606838,0.028601383956724957
8785040100,8.230368567660637,1.8002264333709326,0.45597100566298826,-0.041146999376549864,1.771565861443353,0.028660571927579648
8786040100,8.231266401545025,1.800652122355159,0.4558964364633614,-0.07456919962686337,1.7719712190137287,0.028680903341430364
8787040100,8.232164268262293,1.8011364771066822,0.455810368943073,-0.08606752028844733,1.7723766380036245,0.028759839103057683
8788040100,8.233062172868957,1.8016290598982092,0.4557436829772047,-0.06668596586835873,1.7727821250651203,0.028846934833088866
8789040100,8.233960106828125,1.8022042595741714,0.45564754042810784,-0.09614254909682707,1.7731876824916455,0.02901657708252592
8790040100,8.234858083098384,1.8026309524851172,0.4555471449907938,-0.10039543731403988,1.7735933064368687,0.029037646048248433
8791040100,8.235756103542515,1.8030584623531352,0.4554051352191497,-0.1420097716440787,1.7739990027645085,0.029059459588626657
8792040100,8.23665418645532,1.803460857505967,0.4553373730280555,-0.06776219109422232,1.7744047723274008,0.02905608517856617
8793040100,8.23755229916965,1.8039322852437965,0.45526919549544115,-0.06817753261431614,1.774810623405088,0.029121661838708457
8794040100,8.238450441864007,1.804447220060195,0.4552136229896671,-0.05557250577405792,1.7752165412467846,0.02923067881341046
8795040100,8.239348608992437,1.804858812755239,0.45512343655360665,-0.09018643606045051,1.775622525942051,0.029236286813187906
8796040100,8.240246815768058,1.805371182403643,0.4550113121048042,-0.11212444880239403,1.7760285749923739,0.02934260741126904
8797040100,8.241145071824937,1.8057923719458098,0.45495087980691795,-0.060432297886255704,1.7764346952846672,0.02935767666114253
8798040100,8.242043354438506,1.8062219746853065,0.45483988215462473,-0.11099765229324543,1.7768408911864135,0.029381083498893013
8799040100,8.242941685820929,1.8066631326340932,0.45477448237289564,-0.06539978172907679,1.7772471524317695,0.02941598020232372
8800040100,8.243840045932762,1.807072893156951,0.45470486198131815,-0.06962039157749889,1.77765348907678,0.029419404080171185
8801040100,8.244738436623853,1.8075249299067253,0.45462943204231543,-0.0754299390027211,1.7780598920676027,0.029465037839122576
8802040100,8.245636860441005,1.8078903198083942,0.4545697272741192,-0.05970476819622883,1.7784663622499295,0.02942395755846472
8803040100,8.246535310474675,1.808370624296305,0.45448882685508185,-0.08090041903732903,1.7788729007852915,0.02949772351101343
8804040100,8.24743379602682,1.8088828193786453,0.45445136633388217,-0.037460521199661034,1.7792795045559622,0.02960331482268308
8805040100,8.24833229802362,1.8092782040445226,0.4543563337357815,-0.0950325981006852,1.7796861777807287,0.02959202626379387
8806040100,8.249230841732766,1.8096797460321703,0.4542451795237987,-0.11115421198275444,1.7800929118345827,0.029586834197587564
8807040100,8.250129434220172,1.8100565276835436,0.4541924836333673,-0.0526958904315018,1.7804997181644708,0.029556809519072802
8808040100,8.251028049828452,1.8104217355339296,0.45413675574875206,-0.05572788461522293,1.7809065999810514,0.029515135552878213
8809040100,8.251926689885211,1.8108889759103444,0.45409350597595066,-0.04324977280137743,1.781313545676678,0.029575430233666378
8810040100,8.252825348914232,1.8113638085135035,0.4540561585188565,-0.03734745709418252,1.7817205558603817,0.029643252653121843
8811040100,8.253724024325008,1.8118141892421624,0.45396770658240104,-0.08845193645545724,1.7821276280593423,0.029686561182820093
8812040100,8.254622738528553,1.812292561292468,0.45387535401939344,-0.09235256300759032,1.7825347611068523,0.0297578001856158
8813040100,8.255521493228079,1.8126685004260703,0.4537951713225484,-0.08018269684508983,1.7829419651644258,0.029726535261644482
8814040100,8.256420283080963,1.8130872702071752,0.45370088613392623,-0.09428518862213542,1.783349241014438,0.02973802919273716
8815040100,8.257319114262572,1.8135114430948005,0.45365791597330796,-0.04297016061827463,1.7837565862461844,0.029754856848616118
8816040100,8.258217964276955,1.813916777987446,0.4535935423307067,-0.064373642601252,1.7841640036688418,0.029752774318604347
8817040100,8.259116842501637,1.814288722140172,0.4535264697193709,-0.06707261133588371,1.7845714830945205,0.02971723904565149
8818040100,8.260015750115414,1.8147657893566513,0.45346885139610155,-0.05761832326927374,1.784979028782157,0.029786760574494364
8819040100,8.260914682972489,1.815182834647417,0.4534280327768408,-0.04081861926075181,1.7853866412749433,0.029796193372473745
8820040100,8.261813633710899,1.8156802753034076,0.4533345471188309,-0.09348565800992548,1.78579431870142,0.029885956601987562
8821040100,8.262712625396748,1.8162003277206766,0.45327108615479444,-0.06346096403647206,1.7862020577302786,0.029998269990398008
8822040100,8.263611644874512,1.816653150415047,0.4531672789060822,-0.10380724871223546,1.7866098688325138,0.03004328158253311
8823040100,8.264510709805522,1.8171544013121912,0.45305197733078895,-0.11530157529324825,1.7870177460500898,0.03013665526210141
8824040100,8.265409825211352,1.817679649115967,0.45297023378366186,-0.08174354712708665,1.7874256974059328,0.0302539517100342
8825040100,8.266308976394281,1.8180504601985241,0.45286412660519876,-0.10610717846312534,1.787833725190744,0.030216735007780215
8826040100,8.267208174008697,1.81847946413718,0.4527458247478659,-0.11830185733282006,1.788241822745853,0.030237641391327008
8827040100,8.26810742337894,1.8189543139463555,0.45270485070923655,-0.04097403862935867,1.7886499949179004,0.030304319028455096
8828040100,8.269006690671961,1.819394018143622,0.4526347758874938,-0.07007482174275248,1.789058244136136,0.030335774007485883
8829040100,8.26990598861347,1.8197285738410143,0.45254168345240336,-0.09309243509043474,1.7894665550505522,0.030262018790462086
8830040100,8.2708053272638,1.8201642446126194,0.4524661318847921,-0.07555156761122861,1.7898749334471873,0.030289311165432098
8831040100,8.271704698946696,1.8206569512470678,0.45244333595362585,-0.022795931166293748,1.7902833839044945,0.03037356734257335
8832040100,8.272604080595395,1.8210635312801309,0.45236996407506064,-0.07337187856520755,1.7906919029463637,0.030371628333767164
8833040100,8.27350349431724,1.8214367918454608,0.45226794018216954,-0.10202389289101887,1.791100480102692,0.03033631174276885
8834040100,8.274402952628877,1.8218964122638985,0.45220901264144725,-0.05892754072227424,1.791509125423918,0.0303872868399806
8835040100,8.275302436690676,1.8222554204349157,0.4521668496865522,-0.04216295489506594,1.7919178446073971,0.030337575827518615
8836040100,8.27620193917493,1.8227101044542433,0.45208144193375993,-0.0854077527922752,1.7923266291021847,0.030383475352058653
8837040100,8.277101478971886,1.823038513214278,0.45204647251297964,-0.03496942078028953,1.7927354755856548,0.030303037628623075
8838040100,8.278001034044292,1.8235378399200965,0.45196360448731376,-0.08286802566588047,1.79314439265249,0.03039344726760662
8839040100,8.278900625310973,1.8240170188674356,0.45194407039959045,-0.019534087723321658,1.793553370293214,0.03046364857422157
8840040100,8.27980022510866,1.8244365612583608,0.45183892692778943,-0.10514347180103023,1.7939624180266627,0.03047414323169817
8841040100,8.28069987081913,1.824781950908605,0.4517437521191626,-0.09517480862676297,1.794371523281857,0.03041042762674806
8842040100,8.281599558080815,1.8252493431202066,0.4516784034753441,-0.0653486438185138,1.794780703067154,0.030468640053052498
8843040100,8.28249927386755,1.8256912488658992,0.45165029604718776,-0.028107428156357805,1.7951899554102546,0.030501293455644563
8844040100,8.283399001922154,1.8263106622615215,0.4515611073375173,-0.08918870967046244,1.79559927439567,0.03071138786585159
8845040100,8.284298768899676,1.8267838074122236,0.45148463000843825,-0.07647732907910187,1.7960086526345798,0.03077515477764381
8846040100,8.285198569247033,1.827274696800465,0.45131900841082806,-0.1656215976101203,1.7964181022632992,0.030856594537165716
8847040100,8.286098441843063,1.8277003212514025,0.4512264292395389,-0.09257917128914794,1.796827620764919,0.030872700486483495
8848040100,8.286998354813905,1.8281075566897766,0.45112484964415694,-0.1015795953819092,1.797237225847116,0.030870330842660554
8849040100,8.287898312075873,1.82856961383649,0.4510559137689782,-0.06893587517877542,1.7976469030152131,0.030922710821276844
8850040100,8.288798299390235,1.8288869784110926,0.4509962133264905,-0.059700442487698346,1.7980566540632843,0.030830324347808302
8851040100,8.289698312727378,1.8293245463087027,0.450909034357623,-0.08717896886748733,1.798466472518708,0.03085807378999461
8852040100,8.29059836405913,1.8298371815218704,0.45089442028624876,-0.014614071374203785,1.798876356555212,0.030960824966658418
8853040100,8.291498421759364,1.8302780932441467,0.4508196819761887,-0.07473831006007492,1.7992863116343685,0.030991781609778224
8854040100,8.292398512025853,1.8307462882490306,0.4507072401694081,-0.11244180678058235,1.7996963233587238,0.03104996489030687
8855040100,8.293298651277937,1.8312327518678253,0.4506306266306767,-0.076613538731372,1.8001064036695134,0.03112634819831195
8856040100,8.294198823900409,1.8316934844832624,0.4505402895144705,-0.09033711620620233,1.8005165600583162,0.03117692442494624
8857040100,8.29509903586403,1.8321468613097889,0.4504407035158556,-0.09958599861494655,1.8009267854209376,0.03122007588885123
8858040100,8.295999291188107,1.8325613471578697,0.4503539164913231,-0.0867870245324669,1.8013370824885158,0.031224264669353907
8859040100,8.296899584292593,1.832974495758728,0.4502707570542064,-0.08315943711672125,1.80174745310401,0.031227042654717874
8860040100,8.297799913591955,1.8334717972382246,0.45020707164980545,-0.0636854044009576,1.8021578947347336,0.031313902503490976
8861040100,8.298700270605973,1.8338503766234149,0.4501440849626901,-0.0629866871153455,1.8025684066681187,0.031281969955296196
8862040100,8.299600655026987,1.8342793972545564,0.4500388834084941,-0.10520155419602784,1.8029789850469093,0.03130041220764701
8863040100,8.300501085215716,1.8347543461701001,0.44999314012214126,-0.04574328635281022,1.8033896297393994,0.03136471643070071
8864040100,8.301401535301858,1.835116275085542,0.4499221726177853,-0.07096750435601074,1.8038003491296912,0.031315925955850865
8865040100,8.302302016253712,1.8356024211891302,0.44982814986107844,-0.09402275670680771,1.8042111314269214,0.03139128976220884
8866040100,8.303202538091655,1.8359609667962473,0.4497907662646553,-0.037383596423155474,1.8046219816429883,0.03133898515325906
8867040100,8.304103076183761,1.8364571256858713,0.44969115744180244,-0.09960882285288308,1.8050329043598374,0.03142422132603384
8868040100,8.305003657579036,1.8369418799027122,0.4496554898717956,-0.03566757000679521,1.8054438883462893,0.031497991556422855
8869040100,8.305904254477982,1.8374041594323791,0.4495508759455304,-0.10461392626519306,1.8058549459558613,0.031549213476517846
8870040100,8.306804896842996,1.8378852874913223,0.4494518537740022,-0.09902217152818649,1.8062660645087867,0.03161922298253561
8871040100,8.307705582234776,1.8383157975259115,0.4493639970957843,-0.08785667821794263,1.806677257691895,0.03163853983401643
8872040100,8.308606305794338,1.838774186663069,0.449266613598268,-0.09738349751627595,1.807088524403106,0.03168566225996283
8873040100,8.309507071652316,1.839234542183112,0.4491945373903334,-0.07207620793466285,1.8074998624346712,0.0317346797484408
8874040100,8.310407868811014,1.839614941597813,0.44910846318908043,-0.08607420125296183,1.8079112736838212,0.03170366791399171
8875040100,8.311308703343245,1.8400054287691394,0.44902134451663533,-0.08711867244512206,1.808322753137798,0.03168267563134153
8876040100,8.312209575695727,1.8404084515156343,0.4489743001593532,-0.047044357282147065,1.8087343035804473,0.03167414793518697
8877040100,8.313110468468418,1.8408199000124033,0.44892228954463725,-0.05201061471593604,1.809145925226261,0.03167397478614231
8878040100,8.314011383814668,1.8413005880205064,0.4488640639417179,-0.058225602919340425,1.8095576101338118,0.03174297788669467
8879040100,8.314912324429002,1.8417132044506668,0.44880165756735163,-0.06240637436626306,1.8099693592946338,0.03174384515603301
8880040100,8.315813292122355,1.8421358360129858,0.4487045256862593,-0.09713188109234938,1.8103811739481834,0.031754662064802375
8881040100,8.316714301955638,1.84255775069745,0.44864146073694905,-0.06306494931029638,1.810793054930592,0.03176469576685803
8882040100,8.31761533914462,1.8429813574198883,0.448573399884829,-0.06806085212004387,1.811205009136902,0.031776348282986255
8883040100,8.318516405852353,1.8433836636057463,0.44850571416263085,-0.06768572219811952,1.8116170298174623,0.03176663378828404
8884040100,8.319417501912001,1.8437186115009003,0.44843719248648695,-0.06852167614391202,1.8120291179701624,0.03168949353073791
8885040100,8.320318627681871,1.8440884875190822,0.4483793743786368,-0.057818107850121425,1.8124412735276572,0.031647213991425005
8886040100,8.321219778517726,1.8444843969067692,0.44835542353386065,-0.02395084477610565,1.8128534966628145,0.03163090024395476
8887040100,8.322120939736148,1.8449315214862552,0.44831412711063584,-0.04129642322479388,1.813265785259702,0.03166573622655311
8888040100,8.323022118855144,1.845480507976317,0.44825987949194196,-0.05424761869388384,1.813678132607322,0.031802375368995106
8889040100,8.323923321486276,1.8458419106498818,0.44817998409825105,-0.07989539369090037,1.814090542151927,0.03175136849795468
8890040100,8.324824558741035,1.8463024715969196,0.44804891569387395,-0.1310684043771082,1.8145030164689508,0.03179945512796878
8891040100,8.325725852783398,1.846906399125378,0.44801177372724155,-0.037141966632378676,1.8149155606529526,0.031990838472425454
8892040100,8.326627162915331,1.8473178415130809,0.4479249915238356,-0.0867822034059933,1.8153281848614569,0.03198965665162401
8893040100,8.327528510635698,1.847742060032507,0.44776618343533076,-0.1588080885048897,1.8157408704726024,0.03200118955990461
8894040100,8.328429927123873,1.848142315500022,0.4477036511049711,-0.06253233035963834,1.8161536273386432,0.0319886881613789
8895040100,8.329331370683844,1.8485464830800247,0.4476347434128908,-0.06890769208036795,1.8165664697508959,0.03198001332912881
8896040100,8.330232844071585,1.8489254108860806,0.44757788519376135,-0.056858219129451104,1.8169793786251809,0.03194603226089976
8897040100,8.331134342068069,1.8493858201313826,0.44751912163199287,-0.0587635617684823,1.8173923552326805,0.03199346489870214
8898040100,8.332035865494884,1.849775960686053,0.44747307992140795,-0.04604171058497908,1.8178053971910728,0.031970563494980286
8899040100,8.332937408844387,1.8502269429283604,0.44738623543207257,-0.08684448933546118,1.8182185048849817,0.03200843804337872
8900040100,8.333838989767127,1.8506566881023603,0.4473346040900896,-0.051631341982923296,1.818631675798386,0.032025012303974254
8901040100,8.334740593024925,1.851056721550178,0.44725250789137816,-0.08209619871145613,1.8190449180292738,0.03201180352090427
8902040100,8.33564223179154,1.8513928332453558,0.44718103287967603,-0.07147501170220405,1.8194582246022577,0.03193460864309805
8903040100,8.336543901468076,1.8518060997530887,0.44712447244836323,-0.05656043131280075,1.8198716015652572,0.03193449818783156
8904040100,8.33744559560134,1.8521764402517122,0.44710006261891394,-0.024409829449290488,1.8202850468194782,0.031891393432234016
8905040100,8.338347300288522,1.8526578566829028,0.44703710988629075,-0.06295273262319334,1.8206985574145946,0.031959299268308206
8906040100,8.339249032191686,1.853084748908103,0.446995739168863,-0.0413707174277822,1.8211121269817205,0.031972621926382505
8907040100,8.340150781978464,1.8535202593103073,0.44689872427742827,-0.0970148914347102,1.8215257631700545,0.03199449614025274
8908040100,8.341052573696498,1.8539766603317325,0.44682897828751905,-0.0697459899091939,1.8219394617064815,0.03203719862525101
8909040100,8.341954395554527,1.8543857786796636,0.44675491075942275,-0.07406752809631234,1.8223532336324944,0.032032545047169236
8910040100,8.342856249415256,1.854783402471725,0.44667034935831806,-0.08456140110462895,1.8227670735480608,0.03201632892366413
8911040100,8.34375813980677,1.8552191633329191,0.4466094727318725,-0.06087662644554914,1.8231809823172611,0.03203818101565803
8912040100,8.344660056493183,1.8556502660233067,0.4465544103801331,-0.055062351739420645,1.8235949620281566,0.03205530399515011
8913040100,8.34556199696021,1.856089841551612,0.44648027140237423,-0.07413897775888323,1.824009007991691,0.032080833559920974
8914040100,8.346463969442448,1.8564427436748665,0.4464084605228844,-0.07181087948980558,1.8244231190618478,0.03201962461301866
8915040100,8.34736597292983,1.8570152150746064,0.4463323948488306,-0.07606567405380327,1.8248372990281325,0.03217791604647391
8916040100,8.348268009254342,1.85746751468458,0.44629982288105224,-0.03257196777835425,1.8252515474361175,0.03221596724846254
8917040100,8.349170059638396,1.857904286863081,0.4461571840498978,-0.14263883115444864,1.8256658651366102,0.032238421726470845
8918040100,8.350072171580578,1.8583773167033397,0.4460745897960614,-0.08259425383638952,1.8260802435127452,0.032297073190594494
8919040100,8.350974319159276,1.8587638400581505,0.4459997448081777,-0.07484498788367988,1.8264947043946513,0.032269135663499204
8920040100,8.351876499025638,1.8591810059017178,0.44590669510438413,-0.0930497037936493,1.826909235885541,0.03227177001617676
8921040100,8.352778719026018,1.859627887849211,0.44585698996407835,-0.049705140305799755,1.8273238364564683,0.032304051392742616
8922040100,8.353680960461922,1.8600465910681288,0.4457919929888679,-0.06499697521043135,1.8277385097235062,0.0323080813446226
8923040100,8.354583229924648,1.860472243457534,0.4457121098923888,-0.07988309647910574,1.8281532471018238,0.03231899635571023
8924040100,8.355485533827897,1.8608539963090036,0.4456463402841561,-0.06576960823267974,1.8285680516294534,0.03228594467955026
8925040100,8.356387866082509,1.861249971425005,0.4455771079696121,-0.06923231454403256,1.828982926264345,0.032267045160659924
8926040100,8.357290228176936,1.861723355230131,0.44552992672123387,-0.04718124837822435,1.829397868216116,0.03232548701401505
8927040100,8.358192610604473,1.8621015795186266,0.44547570593270086,-0.054220788533018816,1.8298128781782133,0.032288701340413395
8928040100,8.359095016396381,1.8625718696803883,0.44538269805708264,-0.0930078756182704,1.830227951786604,0.032343917893784324
8929040100,8.35999746226029,1.8629955930375304,0.4453373754615662,-0.04532259551643181,1.8306430904432602,0.03235250259427014
8930040100,8.360899927648395,1.8634527781561545,0.4452459421505392,-0.09143331102700047,1.8310583018437327,0.03239447631242176
8931040100,8.361802432418758,1.863853789437821,0.44517781158981684,-0.06813056072235035,1.8314735765431678,0.032380212894653315
8932040100,8.362704966529485,1.864270460522913,0.4450928979769963,-0.08491361282052656,1.831888923688414,0.03238153683449907
8933040100,8.36360753720232,1.8647257150876164,0.44503613617728727,-0.05676179970902773,1.83230433866796,0.03242137641965637
8934040100,8.364510132312024,1.8652567974089898,0.4449715758808044,-0.06456029648280559,1.8327198248154772,0.032536972593512514
8935040100,8.365412755212441,1.865631086374164,0.444887679891667,-0.08389598913739116,1.8331353765585234,0.03249570981564065
8936040100,8.36631541422122,1.8661041239119331,0.4447656717608025,-0.12200813086450202,1.8335509954496345,0.03255312846229863
8937040100,8.36721812573027,1.8664862506841924,0.4447221765419218,-0.04349521888068386,1.8339666853282353,0.032519565355957125
8938040100,8.368120855952126,1.8668815847201201,0.4446292278351703,-0.09294870675155398,1.8343824537548201,0.032499130965299994
8939040100,8.369023626157277,1.8673198729087463,0.44458184106847437,-0.047386766695933336,1.8347982851778077,0.032521587730938606
8940040100,8.369926416743562,1.8677062242006373,0.44452792316291967,-0.05391790555467857,1.8352141894042333,0.032492034796403946
8941040100,8.370829230517568,1.868125503326271,0.4444525198148103,-0.07540334810935967,1.8356301574126093,0.032495345913661655
8942040100,8.37173207671484,1.8685154476237626,0.44440317603947677,-0.04934377533353196,1.8360461905037688,0.03246925711999382
8943040100,8.372634944127045,1.8690089861151642,0.44433739439659475,-0.06578164288205546,1.836462292942386,0.03254669317277825
8944040100,8.373537839818079,1.8694969188596104,0.4442863671577947,-0.05102723880005966,1.8368784595713628,0.03261845928824769
8945040100,8.374440757442493,1.8698558861519923,0.4441834201734947,-0.10294698429997062,1.8372946936549468,0.03256119249704548
8946040100,8.37534371931014,1.8702935824592606,0.44408316639265427,-0.1002537808404309,1.8377109922761647,0.03258259018309584
8947040100,8.376246724254372,1.8707662415315829,0.4440475422693207,-0.03562412333359566,1.8381273657309158,0.032638875800667044
8948040100,8.377149744503228,1.8711271697157872,0.44397254840960537,-0.07499385971529637,1.8385438134928762,0.032583356222910975
8949040100,8.378052796966756,1.8715448003170785,0.443879997898347,-0.09255051125837888,1.8389603227631959,0.03258447755388261
8950040100,8.378955889179663,1.871968435100141,0.4438434547474995,-0.036543150847500705,1.8393769013495174,0.032591533750623736
8951040100,8.379858997085302,1.8723345298952692,0.44377859294207944,-0.06486180542002451,1.8397935527378593,0.03254097715740989
8952040100,8.380762132841587,1.8726308486004242,0.4437107514799945,-0.06784146208492192,1.840210265838195,0.032420582762229255
8953040100,8.381665297723872,1.8730769451704339,0.4436718121044842,-0.038939375510356644,1.8406270462681285,0.03244989890230543
8954040100,8.382568479321906,1.8734096514168475,0.4436680353622089,-0.003776742275325873,1.8410438946251269,0.0323657567917206
8955040100,8.383471662541133,1.8738487628426972,0.4435893451546126,-0.07869020759627032,1.8414608051892358,0.03238795765346136
8956040100,8.384374879535748,1.87429491963239,0.4435675496210051,-0.021795533607522177,1.8418777709981846,0.032417148634205306
8957040100,8.385278105884447,1.8746678528208358,0.4434925348288656,-0.07501479213949924,1.8422948069033254,0.032373045917510446
8958040100,8.38618136442429,1.8751321574617776,0.4434139741611315,-0.07856066773411952,1.8427119016364415,0.03242025582533614
8959040100,8.387084656671473,1.8755972439249657,0.44337214303109784,-0.04183113003366845,1.8431290657508193,0.03246817817414649
8960040100,8.387987966864497,1.8758693903010775,0.4432845665843939,-0.08757644670395237,1.8435462999564258,0.03232309034465164
8961040100,8.3888913146233,1.8763381825826344,0.44319653856766605,-0.0880280167278431,1.8439635969814034,0.032374585601230965
8962040100,8.389794700134603,1.8767859971702312,0.4432053023054596,0.008763737793596071,1.8443809658982495,0.03240503127198169
8963040100,8.390698081887722,1.8773750090569745,0.4431156761897354,-0.08962611572420354,1.8447984068038146,0.03257660225315995
8964040100,8.391601502072232,1.8778109722810787,0.44303651416798673,-0.07916202174870168,1.845215900523474,0.03259507175760468
8965040100,8.392504956195129,1.8782365918607045,0.44288643686737783,-0.1500773006089151,1.84563346656185,0.03260312529885456
8966040100,8.393408474643707,1.8786363215506863,0.44281288326307516,-0.0735536043026479,1.8460511028525737,0.032585218698112595
8967040100,8.394312024611178,1.879038931176974,0.44274452064060793,-0.06836262246723512,1.8464688234553321,0.03257010772164182
8968040100,8.395215603868742,1.8794287769812352,0.4426891811008056,-0.0553395398023806,1.8468866132151263,0.03254216376610897
8969040100,8.396119206833541,1.879918178676799,0.44263246653163507,-0.05671456917047957,1.847304471110668,0.0326137075661308
8970040100,8.39702283409176,1.880267526125268,0.4425822239655342,-0.05024256610085409,1.8477223945687484,0.0325451315565195
8971040100,8.397926482868723,1.8806361318472777,0.44248209327857646,-0.10013068695776317,1.8481403838686106,0.03249574797866717
8972040100,8.398830174524555,1.8811105700107662,0.4424521599197597,-0.029933358816763178,1.8485584377346989,0.03255213227606735
8973040100,8.399733878996964,1.8815211664275844,0.4424127286035738,-0.03943131618591833,1.848976566058436,0.0325446003691483
8974040100,8.400637600351454,1.882001307548385,0.4423203056757935,-0.09242292778028283,1.8493947549391443,0.032606552609240724
8975040100,8.401541361270294,1.8824552300464747,0.4422598490847616,-0.06045659103186107,1.8498130062646077,0.0326422237818671
8976040100,8.402445148065178,1.8828327944610779,0.44216452758452546,-0.09532150023619357,1.8502313305413018,0.03260146391977603
8977040100,8.403348975651936,1.8833233144073416,0.44208228067481736,-0.0822469097081151,1.8506497214430304,0.03267359296431116
8978040100,8.404252838428826,1.8838082831500436,0.442038327772344,-0.04395290247337247,1.851068185884614,0.03274009726542948
8979040100,8.405156720008884,1.884247458968757,0.4419377897629585,-0.10053800938547264,1.8514867212831732,0.03276073768558385
8980040100,8.406060644592802,1.8846289815594754,0.4418399299671533,-0.09785979580519744,1.851905320059366,0.03272366150010941
8981040100,8.406964611026233,1.8850060296651594,0.44176495716807423,-0.07497279907906407,1.8523239934302325,0.03268203623492694
8982040100,8.407868609515747,1.8854555185116093,0.4417189225818897,-0.04603458618449219,1.8527427408725892,0.03271277763902014
8983040100,8.40877262768573,1.8859165679339207,0.44167524567264094,-0.04367690924876477,1.853161557860286,0.03275501007363468
8984040100,8.409676664526469,1.8863711473119564,0.4415953218219618,-0.07992385067917196,1.85358043866826,0.03279070864369649
8985040100,8.410580735528134,1.886779918227691,0.4415095652562618,-0.08575656570006096,1.8539993828359265,0.03278053539176451
8986040100,8.411484843177313,1.8872048497157095,0.4414270041221251,-0.08256113413666011,1.8544183975502442,0.032786452165465274
8987040100,8.412388986102176,1.8876267445420374,0.4413674029800618,-0.05960114206331113,1.8548374839739097,0.0327892605681277
8988040100,8.413293154488835,1.888097589949508,0.44129974571640174,-0.0676572636600854,1.855256641481347,0.0328409484681611
8989040100,8.414197351775,1.8885057122498672,0.441233636850835,-0.06610886556671414,1.8556758655321843,0.03282984671768285
8990040100,8.41510157729528,1.8888853574334077,0.4411429827236837,-0.09065412715128751,1.8560951577290687,0.03279019970433894
8991040100,8.416005841526168,1.889386159647597,0.4410837465629048,-0.05923616077895888,1.8565145177724318,0.032871641875165114
8992040100,8.416910131047729,1.8898005349605358,0.4410388623134941,-0.04488424941066649,1.856933950530923,0.032866584429612766
8993040100,8.41781443973035,1.890164678355305,0.4409332731674117,-0.10558914608236414,1.8573534497894677,0.03281122856583729
8994040100,8.418718793481736,1.8905655963209567,0.4408709409698725,-0.06233219753923036,1.8577730127123786,0.03279258360857806
8995040100,8.419623173833727,1.891022668477422,0.44083386740265756,-0.037073567215003767,1.858192651329432,0.032830017147990054
8996040100,8.420527570005401,1.8913794586760013,0.4407784818383753,-0.05538556428218033,1.8586123570813342,0.032767101594667114
8997040100,8.421431989808362,1.8918096535489837,0.4406949780133015,-0.0835038250737754,1.8590321249725221,0.032777528576461545
8998040100,8.422336445234547,1.892239958061442,0.4406617721921989,-0.03320582110263004,1.859451958636079,0.032787999425363035
8999040100,8.42324091482478,1.892689611551539,0.44059187619766027,-0.06989599453858286,1.8598718636478786,0.03281774790366043
9000040100,8.424145414226109,1.89305823303983,0.44052194025850383,-0.0699359391564367,1.860291830053555,0.03276640298627509
9001040100,8.425049943451148,1.8935348041859403,0.44044230115329747,-0.07963910520634254,1.8607118651262056,0.03282293905973477
9002040100,8.425954506632358,1.8938852213638482,0.4404033152096501,-0.038985943647412924,1.861131968880919,0.03275325248292926
9003040100,8.426859086434133,1.8942320366725884,0.44031027584334154,-0.09303936630853027,1.8615521432466053,0.0326798934259831
9004040100,8.427763705895078,1.8946292531038307,0.44028048828099636,-0.029787562345198637,1.8619723801791928,0.032656872924637925
9005040100,8.428668338051681,1.8950732376368642,0.44025267977993315,-0.027808501063212088,1.862392690390564,0.032680547246300096
9006040100,8.429572982059728,1.8955085123739426,0.4401997535445712,-0.052926235361982155,1.862813061361333,0.03269545101260962
9007040100,8.43047764862198,1.8958214777961646,0.44012342641088775,-0.07632713368339106,1.8632334927052483,0.032587985090916316
9008040100,8.43138234770613,1.8962206833302817,0.44005145467496887,-0.0719717359189107,1.8636539894033461,0.032566693926935564
9009040100,8.432287077451575,1.8966627696269207,0.4400408853361211,-0.010569338847728815,1.864074556097517,0.032588213529403776
9010040100,8.433191811699361,1.8969812105197401,0.4399872736616825,-0.05361167443868453,1.864495191932395,0.03248601858734501
9011040100,8.434096568783158,1.8974467418296206,0.439912213275413,-0.07506038626946632,1.8649158847529215,0.032530857076699116
9012040100,8.435001357834722,1.8979227641275047,0.43989920858773285,-0.013004687680155058,1.8653366430903873,0.032586121037117444
9013040100,8.435906152424385,1.8983858767137836,0.43981260190404703,-0.08660668368580415,1.865757471200336,0.03262840551344759
9014040100,8.436810983891963,1.89881986724586,0.43972067422422495,-0.0919276798220503,1.8661783567972527,0.0326415104486073
9015040100,8.437715854495757,1.8991863028709854,0.4396351456897109,-0.08552853451409703,1.8665993144672406,0.032586988403744854
9016040100,8.438620761504604,1.8996239859765882,0.4395641881531093,-0.07095753660156223,1.867020345271687,0.03260364070490129
9017040100,8.439525698711362,1.9000135363643529,0.4395271538275711,-0.03703432553812824,1.867441447950501,0.03257208841385184
9018040100,8.440430651677277,1.9004419640929098,0.4394544985381246,-0.07265528944649846,1.8678626196250505,0.03257934446785926
9019040100,8.441335635556472,1.9009332831164867,0.4394060073480384,-0.04849119008620484,1.8682838535833355,0.0326494295331512
9020040100,8.442240640064979,1.9013533908867386,0.4393380942418833,-0.0679131061551077,1.8687051568873194,0.032648233999419185
9021040100,8.443145673461768,1.9017662117427427,0.43923863012962855,-0.0994641122548221,1.869126524757963,0.032639686984779814
9022040100,8.444050749160196,1.9022115545091067,0.4391748064475668,-0.06382368206175792,1.869547961048962,0.03266359346014469
9023040100,8.444955851997834,1.9026572966527389,0.4391146776636767,-0.060128783890074367,1.869969472016681,0.032687824636057794
9024040100,8.445860980400157,1.9031155985684607,0.43903827759936936,-0.07640006430733015,1.8703910506098467,0.032724547958614014
9025040100,8.446766141280431,1.9035549090414492,0.43896166333205033,-0.07661426731904797,1.8708126961037195,0.03274221293772972
9026040100,8.447671334724411,1.903934444985465,0.4388787293161963,-0.0829340158539944,1.8712344117279045,0.032700033257560435
9027040100,8.448576563412217,1.9043520822461366,0.43880529089716747,-0.07343841902883019,1.871656197532122,0.032695884714014634
9028040100,8.449481823303383,1.904706373287903,0.43876185933236167,-0.043431564805817224,1.8720780547752298,0.03262831851267323
9029040100,8.450387101645953,1.9051821738259103,0.4386994212686379,-0.06243806372373362,1.8724999815841734,0.03268219224173685
9030040100,8.45129240651163,1.90564559045077,0.43866882636881904,-0.03059489981887653,1.8729219720238497,0.0327236184269204
9031040100,8.452197724372446,1.9060777700741154,0.43857740091604946,-0.09142545276959213,1.8733440298647785,0.03273374020933684
9032040100,8.453103081061043,1.9065146441836998,0.43849211840291197,-0.0852825131374666,1.8737661488076007,0.03274849537609903
9033040100,8.45400847396173,1.9069429116183234,0.4384224648201174,-0.06965358279458744,1.8741883409057714,0.032754570712552056
9034040100,8.454913896433371,1.907362543673211,0.43835047120785464,-0.07199361226273027,1.8746106049502131,0.03275193872299775
9035040100,8.455819349464795,1.9077786137101032,0.4382828048994275,-0.06766630842715227,1.8750329378534367,0.032745675856666434
9036040100,8.45672483121487,1.908132996779687,0.438219496111956,-0.06330878747150326,1.8754553400860097,0.03267765669367728
9037040100,8.457630339830445,1.9085169096641132,0.43815801566254814,-0.06148044940784114,1.8758778107982899,0.03263909886582339
9038040100,8.458535874532176,1.9090591882276657,0.43812754911193347,-0.03046655061459891,1.8763003491345742,0.03275883909309152
9039040100,8.459441422159598,1.909474015789837,0.43808242871680336,-0.0451203951300454,1.8767229547398863,0.03275106104995085
9040040100,8.460346988928183,1.9099204166942172,0.4379579197707076,-0.12450894609578222,1.8771456214797553,0.032774795214461916
9041040100,8.46125260850691,1.910387219018547,0.43789718257093624,-0.06073719977134173,1.877568352262056,0.032818866756490817
9042040100,8.462158253842068,1.9107598087617839,0.43782064338103227,-0.07653918990395558,1.877991162814343,0.03276864594744078
9043040100,8.463063931629945,1.9111836754931433,0.4377338553826025,-0.08678799842977192,1.8784140405169687,0.03276963497617458
9044040100,8.46396964620963,1.9116416270757064,0.4376943078258072,-0.03954755679529942,1.8788369885058351,0.03280463856987126
9045040100,8.464875377552344,1.9120104378625384,0.43762915508058614,-0.06515274522110248,1.8792600088174645,0.03275042904507397
9046040100,8.465781136508275,1.9124506121052394,0.43754692620860275,-0.08222887198337947,1.8796830921060312,0.03276751999920813
9047040100,8.466686930309184,1.9129395596230334,0.4375094077679571,-0.0375184406456488,1.880106243447763,0.03283331617527052
9048040100,8.467592740006722,1.9133905358099244,0.4374362075801575,-0.07320018779959137,1.8805294662307617,0.03286106957916268
9049040100,8.46849858071564,1.9138715749328434,0.4373385250259753,-0.0976825541821782,1.8809527516101063,0.0329188233227371
9050040100,8.469404462800368,1.9142528652784319,0.43725980405380255,-0.0787209721727744,1.881376106657072,0.03287675862135986
9051040100,8.470310378222981,1.914658732933833,0.4371659710792743,-0.09383297452824912,1.8817995362260866,0.032859196707746285
9052040100,8.471216333375994,1.915128117574322,0.4371221340328827,-0.04383704639158115,1.882223036570739,0.032905081003582914
9053040100,8.472122307087588,1.9155716314481828,0.43706607898478217,-0.05605504810050377,1.8826466106899638,0.032925020758219015
9054040100,8.473028304527762,1.9160709103820073,0.43697821071038123,-0.08786827440091649,1.8830702486942101,0.03300066168779714
9055040100,8.473934339157601,1.9165579136035693,0.43690327001006607,-0.07494070031513678,1.883493953008724,0.03306396059484529
9056040100,8.474840405500068,1.9169068509469414,0.4368003287856642,-0.10294122440187925,1.8839177299382506,0.03298912100869078
9057040100,8.475746515395835,1.9173170763061613,0.43670343527231587,-0.09689351334837681,1.8843415769312024,0.032975499374958916
9058040100,8.476652666277412,1.9176892676822,0.4366757595490743,-0.027675723241582517,1.8847654995372665,0.032923768144933474
9059040100,8.477558828864215,1.9180802813893407,0.4366175050189585,-0.05825453011574977,1.8851894965668485,0.03289078482249219
9060040100,8.478465016087041,1.9185331008342033,0.4365784083034995,-0.039096715458974085,1.8856135543279748,0.032919546506228414
9061040100,8.479371219842264,1.9189633577588014,0.4365299968763695,-0.048411427129971596,1.886037678879088,0.03292567887971343
9062040100,8.480277444066775,1.9193563089092593,0.4364506585855846,-0.07933829078490451,1.8864618664350736,0.032894442474185714
9063040100,8.481183701832459,1.919826907822036,0.4363826209186309,-0.0680376669537468,1.8868861188460393,0.032940788975996727
9064040100,8.482089988357302,1.9202457986593413,0.43633333116875833,-0.0492897498725573,1.8873104422404587,0.032935356418882566
9065040100,8.482996295714042,1.9207123700411004,0.43624516047841655,-0.08817069034176983,1.8877348343889118,0.03297753565218864
9066040100,8.483902640329882,1.921109425360774,0.4361828892054495,-0.06227127296699031,1.8881592915876766,0.0329501337730973
9067040100,8.484809011256024,1.921433687608888,0.43609672595704546,-0.08616324840398182,1.8885838215394202,0.032849866069467826
9068040100,8.485715418581295,1.9218866167108644,0.4360454120654378,-0.05131389160766231,1.8890084191254566,0.032878197585407776
9069040100,8.486621847580603,1.9222936836412132,0.4360307291974321,-0.014682868005708727,1.8894330890816207,0.03286059455959256
9070040100,8.487528282781243,1.9227392258727491,0.43595169256926747,-0.0790366281646282,1.8898578245181206,0.03288140135462858
9071040100,8.48843475135977,1.9231511752598567,0.4358956551040968,-0.05603746517066721,1.8902826181911792,0.03286855706867753
9072040100,8.489341243599998,1.9235947261664375,0.435820367609495,-0.07528749460180739,1.8907074828444017,0.03288724332203574
9073040100,8.49024776762573,1.9239986997623513,0.4357619378577216,-0.058429751773399374,1.8911324139328904,0.03286628582946083
9074040100,8.491154316316281,1.924355081245109,0.4356877033242085,-0.07423453351311204,1.8915574152737733,0.0327976659713356
9075040100,8.492060896338824,1.9247700625050677,0.43563333462771586,-0.05436869649263709,1.8919824835377597,0.032787578967307995
9076040100,8.492967499305463,1.9251669555686093,0.4356029328229155,-0.030401804800332055,1.8924076218600199,0.03275933370858941
9077040100,8.493874115100779,1.925592156445404,0.43554328647277607,-0.059646350139369364,1.8928328263159528,0.03275933012945109
9078040100,8.494780756062683,1.9260535687067328,0.4354927739104664,-0.05051256230964052,1.8932580921685158,0.03279547653821702
9079040100,8.495687418334834,1.9264583582496122,0.4354281382697968,-0.06463564066961558,1.89368342521243,0.03277493303718226
9080040100,8.496594107872102,1.926921909863244,0.4353453583741008,-0.08277989569599331,1.8941088236467287,0.03281308621651524
9081040100,8.49750083232271,1.9273210408011052,0.4352909637506048,-0.05439462349605906,1.89453429027375,0.032786750527355135
9082040100,8.498407579711474,1.927850739200216,0.4352071460181206,-0.08381773248418689,1.8949598286920448,0.03289091050817117
9083040100,8.499314362440831,1.9282897600983544,0.4351556273341192,-0.051518684001382375,1.8953854332906985,0.03290432680765587
9084040100,8.50022116688917,1.9286693260744603,0.43503864982207163,-0.11697751204756557,1.895811109900368,0.032858216174092236
9085040100,8.501128020643355,1.9291542922218574,0.4349670203774412,-0.07162944463041576,1.8962368521357043,0.03291744008615316
9086040100,8.502034904583118,1.9295573977781872,0.4349252435591789,-0.041776818262355686,1.8966626729590992,0.03289472481908806
9087040100,8.502941806126024,1.9298821489750426,0.4348306876586523,-0.09455590052661478,1.897088563403667,0.03279358557137568
9088040100,8.503848747505307,1.9303058322127102,0.4347771424340222,-0.053545224630077826,1.897514517568748,0.03279131464396223
9089040100,8.504755711439582,1.930747292088658,0.43476300865532247,-0.014133778699744859,1.8979405459060423,0.03280674618261559
9090040100,8.505662681327031,1.931136473582895,0.4346994506325225,-0.06355802279998057,1.8983666403074047,0.032769833275490434
9091040100,8.506569677983,1.9314880904901053,0.4346270065916673,-0.07244404085518674,1.8987927929797834,0.03269529751032185
9092040100,8.507476705145514,1.931845278025753,0.4345808048195319,-0.04620177213541865,1.899219013710482,0.032626264315270825
9093040100,8.508383751761338,1.9322205062526796,0.4345535685777169,-0.027236241815021156,1.8996453042652668,0.032575201987412816
9094040100,8.509290809844106,1.9325614327617318,0.4345237201397644,-0.029848437952424423,1.900071659457776,0.03248977330395575
9095040100,8.510197880492827,1.9330231712414545,0.4344849859289659,-0.03873421079854955,1.900498075540792,0.03252509570066242
9096040100,8.511104967447134,1.9334734172648336,0.43446360400150597,-0.021381927459916295,1.9009245530370968,0.03254886422773673
9097040100,8.512012063401812,1.9339300202207368,0.43438177627338825,-0.08182772811771288,1.9013510937115328,0.03257892650920402
9098040100,8.5129191937967,1.9344198583048866,0.4343056789518101,-0.07609732157817017,1.9017776941352054,0.03264216416968124
9099040100,8.513826356214494,1.9347680908101588,0.43422637303352374,-0.07930591828637379,1.9022043662801913,0.032563724529967475
9100040100,8.51473355199983,1.9351235804059816,0.4341303590798924,-0.09601395363133536,1.9026311090195378,0.032492471386443844
9101040100,8.515640788174892,1.935565249289725,0.43410534023334835,-0.025018846544068385,1.9030579229957105,0.03250732629401454
9102040100,8.516548034873136,1.9359280515302815,0.43407687110870274,-0.028469124645619015,1.9034848115231817,0.03244324000709975
9103040100,8.517455293545094,1.9363371439379617,0.43400532005503356,-0.07155105366919967,1.9039117605572393,0.03242538338072243
9104040100,8.518362582307176,1.9367611988320073,0.43397336086983807,-0.03195918519548613,1.9043387707864987,0.032422428045508545
9105040100,8.519269884507892,1.937255383206664,0.43391832303432476,-0.05503783551336783,1.9047658507454237,0.0324895324612402
9106040100,8.520177209849496,1.9376241321161354,0.4338558448705913,-0.06247816373342685,1.9051929926037374,0.032431139512397955
9107040100,8.521084561456975,1.9380255975961505,0.43375819883121397,-0.09764603937731797,1.90562020093639,0.03240539665976039
9108040100,8.52199195410784,1.938455148238635,0.43372342068044506,-0.03477815076890689,1.906047477223236,0.032407671015398876
9109040100,8.522899361374854,1.9387781781334625,0.43367236984311475,-0.05105083733035354,1.906474828433204,0.0323033497002585
9110040100,8.523806790094921,1.9392312346898266,0.4336073094872457,-0.06506035586914116,1.9069022421290143,0.03232899256081234
9111040100,8.524714246151822,1.9396217744698727,0.4335957495157281,-0.011559971517569156,1.9073297215382894,0.032292052931583326
9112040100,8.52562170706555,1.9401021282234723,0.4335191579158805,-0.07659159984754993,1.9077572694412446,0.0323448587822277
9113040100,8.526529200155544,1.9405912047602403,0.4334739329672778,-0.04522494860271786,1.9081848752533226,0.032406329506917686
9114040100,8.527436712242118,1.9411083081228666,0.43338372449057677,-0.0902084767010729,1.9086125518551,0.03249575626776657
9115040100,8.528344262214903,1.9415936080447238,0.43328906721727123,-0.09465727330555396,1.9090402930440042,0.03255331500071956
9116040100,8.529251851934385,1.94212480834626,0.43318025010025246,-0.10881711701878949,1.9094681077325397,0.03265670061372017
9117040100,8.53015948733625,1.9426160123419673,0.43308725648296725,-0.0929936172852277,1.9098959968088103,0.032720015533157065
9118040100,8.53106716176914,1.9431095502773348,0.43297114324725966,-0.11611323570766086,1.910323963083048,0.032785587194286814
9119040100,8.531974884925736,1.9435422147213177,0.43287494028800694,-0.09620295925272204,1.910752003430762,0.032790211290555815
9120040100,8.532882648441971,1.9438728851180143,0.4327774764004871,-0.0974638875198992,1.911180122434839,0.032692762683175225
9121040100,8.53379045283827,1.9442452200995715,0.4327104794959612,-0.06699690452585783,1.911608316162603,0.0326369039369685
9122040100,8.534698285330618,1.9446396027555153,0.43269471202358406,-0.01576747237713061,1.9120365848709646,0.03260301788455067
9123040100,8.535606124434675,1.945114174588728,0.4326582616165291,-0.0364504070549847,1.9124649225392076,0.032649252049520294
9124040100,8.536513978822468,1.9455432103263108,0.4326108897622461,-0.04737185428301949,1.9128933190376394,0.03264989128867146
9125040100,8.537421853071576,1.9459721090749278,0.43252336038375344,-0.08752937849263054,1.913321778464443,0.032650330610484835
9126040100,8.53832976401325,1.9464390907567195,0.43245862936464,-0.0647310191133963,1.913750302987193,0.03268878776952655
9127040100,8.539237702085877,1.9468261394021844,0.4323939986395311,-0.0646307251089504,1.9141789005595484,0.032647238842635984
9128040100,8.540145667243626,1.9473078855214574,0.43231028620441864,-0.08371243511246229,1.9146075666775992,0.032700318843858156
9129040100,8.541053667477529,1.9476945325990442,0.4322666577952624,-0.04362840915621602,1.9150363013286658,0.03265823127037848
9130040100,8.541961685989547,1.9480384156386774,0.43217560889277357,-0.09104890248881592,1.915465108295745,0.0325733073429324
9131040100,8.54286974264092,1.948476477977996,0.43213222998891315,-0.043378903860393336,1.9158939796547685,0.03258249832322746
9132040100,8.54377781746058,1.948924545581681,0.4321104352766405,-0.021794712272667827,1.9163229247956792,0.03260162078600182
9133040100,8.544685901407822,1.9493023375681586,0.432041569571072,-0.06886570556853,1.9167519342937567,0.03255040327440195
9134040100,8.545594014193057,1.949591425197016,0.4319676952956923,-0.07387427537967373,1.9171810038843091,0.03241042131270677
9135040100,8.546502157908867,1.9499713711750906,0.431929091430362,-0.03860386533026805,1.9176101428879768,0.03236122828711374
9136040100,8.547410317785838,1.9504095958074716,0.4319351545531491,0.0060631227871392745,1.9180393523031078,0.032370243504363794
9137040100,8.548318475124628,1.9508370798029024,0.43189592223393336,-0.03923231921578685,1.9184686251576508,0.03236845464525162
9138040100,8.549226648886505,1.9513646297627965,0.43182756440371467,-0.0683578302186949,1.9188979526179608,0.03246667714483564
9139040100,8.550134851260395,1.9518163628994458,0.4317646078817844,-0.06295652193028722,1.9193273436531442,0.032489019246301654
9140040100,8.551043079981762,1.9522837023450528,0.4316514538472097,-0.11315403457463269,1.9197568040343462,0.03252689831070654
9141040100,8.551951356049349,1.9527627195627084,0.43157619835175587,-0.07525549545385202,1.9201863326997746,0.03257638686293385
9142040100,8.552859663599106,1.9532137323500751,0.431493098222376,-0.08310012937986411,1.9206159395911477,0.03259779275892738
9143040100,8.553768005906761,1.9536812566377286,0.43140409949929165,-0.08899872308435786,1.9210456172161514,0.03263563942157721
9144040100,8.554676385432533,1.954102744282694,0.4313290956878423,-0.07500381144935897,1.921475367134466,0.03262737714822794
9145040100,8.555584796318342,1.9544502263852932,0.43124579672416635,-0.08329896367599465,1.9219051905206825,0.03254503586461066
9146040100,8.55649324202651,1.9548134724331176,0.43118556948726794,-0.060227236898396264,1.9223350846132128,0.032478387819904864
9147040100,8.557401712908188,1.9552911319568838,0.43116254519868924,-0.023024288578673335,1.9227650510606402,0.03252608089624354
9148040100,8.558310193412584,1.9556932655201236,0.4311318085557458,-0.0307366429434639,1.9231950853057,0.03249818021442352
9149040100,8.55921868676223,1.956189266042253,0.43104380382309027,-0.08800473265550535,1.9236251799944633,0.03256408604778982
9150040100,8.560127216885476,1.956582981830167,0.4309936482148007,-0.05015560828962551,1.9240553366586077,0.03252764517155926
9151040100,8.561035767963563,1.9569468913493009,0.4308964584270409,-0.0971897877598038,1.9244855666363812,0.03246132471291974
9152040100,8.561944359640705,1.9573635320186495,0.4308505206915831,-0.04593773545781943,1.9249158624462126,0.032447669572436943
9153040100,8.562852970504414,1.9577536488224443,0.4308196517791257,-0.030868912457401088,1.925346233401406,0.03240741542103831
9154040100,8.563761594259898,1.9581690725975678,0.43076248232481357,-0.057169454312123946,1.925776669369064,0.032392403228503674
9155040100,8.564670241888757,1.9585817094219256,0.4307186879478385,-0.04379437697507127,1.9262071673741055,0.03237454204782009
9156040100,8.56557890780369,1.9590195087780382,0.43066230125235055,-0.05638669548799147,1.926637732626915,0.03238177615112314
9157040100,8.566487597259975,1.9595625719789544,0.43060737751298644,-0.054923739364105995,1.927068362487823,0.032494209491131354
9158040100,8.567396309644053,1.9599409077147985,0.4305398904728037,-0.06748704018274454,1.927499059455247,0.03244184825955143
9159040100,8.56830505019669,1.960327612112144,0.43041958033101013,-0.12031014179357058,1.9279298232466608,0.03239778886548317
9160040100,8.56921384095557,1.9607947184807761,0.4303817721898588,-0.037808141151365326,1.9283606563551103,0.0324340621256658
9161040100,8.570122647489328,1.961232302948446,0.4303399026338967,-0.04186955596210229,1.928791569239884,0.03244073370856193
9162040100,8.571031471491013,1.9615908046872654,0.4302577995934857,-0.08210304041099192,1.9292225455850804,0.03236825910218499
9163040100,8.571940329741361,1.9620273708983536,0.43019047601752225,-0.06732357596345073,1.9296535862006614,0.03237378469769214
9164040100,8.572849216070656,1.9624893190429753,0.4301628710189298,-0.027604998592454244,1.9300846990542446,0.032404619988730676
9165040100,8.573758113912103,1.9629928895140856,0.4300962589964891,-0.06661202244066944,1.9305158812290166,0.03247700828506894
9166040100,8.574667039530002,1.9633664485333042,0.4300169291359363,-0.07932986055278946,1.9309471248732493,0.032419323660054955
9167040100,8.575575998222284,1.963672274465983,0.42991667419321583,-0.10025494272048929,1.9313784377114764,0.03229383675450648
9168040100,8.576484998704899,1.9641347942314296,0.42988157508107644,-0.03509911213939487,1.9318098222673719,0.0323249719640577
9169040100,8.577394013816091,1.9646028978245693,0.42988062948828754,-0.0009455927888590843,1.9322412826883841,0.032361615136185184
9170040100,8.57830302932137,1.9649914841176963,0.4298013127929843,-0.07931669530327579,1.9326728060913254,0.032318678026370895
9171040100,8.57921207788,1.9654037680978067,0.42971916251441855,-0.08215027856572599,1.9331043857242634,0.03229938237354335
9172040100,8.580121160666776,1.9658588222804723,0.42967688498753714,-0.04227752688139175,1.933536037100179,0.03232278518029319
9173040100,8.581030261066214,1.9661620954732035,0.4296228332234446,-0.0540517640925926,1.9339677607871444,0.032194334686059145
9174040100,8.58193938398105,1.9665173195368677,0.4295473858526078,-0.0754473708367791,1.9343995489032828,0.0321177706335849
9175040100,8.582848538319237,1.9669841601188958,0.42954811822117156,0.0007323685637348198,1.9348314037849335,0.03215275633396231
9176040100,8.583757692352421,1.9674096010128879,0.42952306179866095,-0.02505642251062934,1.9352633296726047,0.03214627134028314
9177040100,8.584666856820318,1.9678621740878504,0.42944216279059,-0.08089900807097772,1.935695311499515,0.03216686258833534
9178040100,8.585576054974599,1.9683060281304765,0.42938200467802234,-0.060158112567652466,1.9361273543735713,0.032178673756905196
9179040100,8.586485278174887,1.96869855509417,0.4293082699381407,-0.07373473988165768,1.9365594693522787,0.03213908574189128
9180040100,8.587394532069139,1.9690821339076676,0.429238907288625,-0.06936264951575266,1.936991652338584,0.03209048156908367
9181040100,8.588303814832848,1.9694972622268214,0.4291953214944197,-0.04358579420532749,1.937423906026332,0.032073356200489345
9182040100,8.58921311573518,1.9699303387468265,0.42915634247578227,-0.03897901863740527,1.9378562295577026,0.0320741091891239
9183040100,8.590122432857521,1.9702911880912328,0.4291016580165524,-0.054684459229852767,1.9382886178390422,0.032002570252190665
9184040100,8.591031772732913,1.9706115636006352,0.42903803045540406,-0.06362756114837564,1.9387210699652293,0.03189049363540586
9185040100,8.59194113907897,1.970986178854809,0.42901069161004246,-0.027338845361573938,1.939153589050882,0.031832589803927114
9186040100,8.592850516797544,1.9713678081705153,0.42900384744906805,-0.006844160974339264,1.9395861768728473,0.03178163129766798
9187040100,8.593759897363071,1.9717822946006376,0.42897003372899983,-0.033813720068230246,1.9400188262564306,0.03176346834420696
9188040100,8.594669291993407,1.9721564386532666,0.4289328457991103,-0.037187929889588744,1.9404515331508279,0.03170490550243876
9189040100,8.595578702090853,1.9725852622598488,0.4288792945083481,-0.053551290762164694,1.9408843028993914,0.03170095936045736
9190040100,8.596488134459007,1.9730733237500426,0.4288460630848076,-0.03323142354049491,1.9413171361762345,0.03175618757380816
9191040100,8.597397580646007,1.973426370194127,0.4287855316677709,-0.0605314170367639,1.9417500362270559,0.031676333967071146
9192040100,8.598307052001614,1.9738199002316363,0.4286953043730387,-0.09022729473220004,1.9421829990360635,0.03163690119557283
9193040100,8.599216560867013,1.9742633446441753,0.4286727758131842,-0.02252855985451907,1.9426160300142215,0.03164731462995385
9194040100,8.600126079096956,1.9746823323491058,0.4286301185430737,-0.04265727011050968,1.9430491350474526,0.03163319730165326
9195040100,8.601035615057164,1.9751715727334762,0.4285625204342263,-0.06759810884736206,1.943482300741472,0.03168927199200411
9196040100,8.601945179110773,1.9755846312083807,0.42850720936555553,-0.05531106867077673,1.9439155310870824,0.03166910012129831
9197040100,8.602854766148265,1.9760070377220764,0.4284166922628827,-0.09051710267283841,1.9443488310287478,0.03165820669332864
9198040100,8.603764390793105,1.9765088529379284,0.4283643413959039,-0.052350866978795985,1.9447821981411693,0.03172665479675918
9199040100,8.604674037184877,1.9769636085600397,0.42830737201610497,-0.05696937979894434,1.945215639401269,0.03174796915877076
9200040100,8.605583707239312,1.9773635947714903,0.42821059861115546,-0.0967734049494795,1.945649147261026,0.03171444751046426
9201040100,8.606493417482547,1.977807047426859,0.42813734580738033,-0.07325280377514609,1.9460827226416804,0.031724324785178615
9202040100,8.607403158141102,1.978171598307462,0.4280915786477226,-0.04576715965771072,1.9465163734300432,0.031655224877418675
9203040100,8.608312917800175,1.978632817064475,0.42802409636622607,-0.06748228149654745,1.9469500949777867,0.03168272208668821
9204040100,8.609222705471458,1.9790192145381813,0.42799623869313697,-0.02785767308909204,1.9473838818515112,0.03163533268667007
9205040100,8.610132504705383,1.979436299427422,0.4279200248810668,-0.07621381207015965,1.947817738356541,0.03161856107088101
9206040100,8.611042335569103,1.9797773632396274,0.4278813514443652,-0.03867343670162837,1.9482516566561934,0.03152570658343401
9207040100,8.611952182480817,1.9801874472189047,0.42782739886402865,-0.05395258033655237,1.9486856463293343,0.03150180088957044
9208040100,8.61286205177851,1.9806346082356372,0.4278116783606758,-0.01572050335285846,1.9491196999519182,0.031514908283718945
9209040100,8.61377192759845,1.9809345730121302,0.42776152768779513,-0.05015067288065156,1.9495538205551917,0.0313807524569385
9210040100,8.61468182422379,1.9813088461224728,0.4276928459057047,-0.0686817820904233,1.94998800057693,0.03132084554554293
9211040100,8.615591749338599,1.9817327002909293,0.427698060383457,0.005214477752230273,1.950422246839448,0.0313104534514812
9212040100,8.616501672290571,1.982174858858529,0.4276662737609787,-0.031786622478279014,1.9508565630186006,0.03131829583992851
9213040100,8.617411608426455,1.9826267221818274,0.42760975249178207,-0.056521269196663226,1.951290934490249,0.03133578769157852
9214040100,8.618321568002989,1.983003475072999,0.4275440910950698,-0.06566139671225768,1.9517253685855884,0.031278106487410584
9215040100,8.619231554807143,1.98336442326876,0.4274735737738979,-0.07051732117192167,1.9521598702089982,0.031204553059761775
9216040100,8.62014157084814,1.983721476828751,0.427440760930289,-0.032812843608910125,1.9525944411775136,0.031127035651237422
9217040100,8.621051600491969,1.9841818237728561,0.4274160323524837,-0.024728577805259278,1.9530290824599668,0.031152741312889365
9218040100,8.621961640386582,1.9846723900732055,0.4273934414249772,-0.022590927506500602,1.953463786597304,0.031208603475901597
9219040100,8.622871689645368,1.985117621642464,0.42731918394724216,-0.0742574777350935,1.9538985519946088,0.031219069647855147
9220040100,8.62378176968138,1.9855496245121427,0.4272297358195627,-0.089448127679427,1.954333378234196,0.031216246277946613
9221040100,8.624691886783964,1.985976007850458,0.42716296466791054,-0.06677115165214875,1.9547682755551428,0.03120773229531526
9222040100,8.625602031551223,1.9864365566425337,0.4271028491956305,-0.06011547228000058,1.9552032469733014,0.031233309669232323
9223040100,8.626512201222097,1.9868820292188323,0.42704559771379785,-0.05725148183267592,1.955638288005325,0.03124374121350737
9224040100,8.627422394607084,1.9873798206735154,0.4269712472964973,-0.07435041730050163,1.9560733973404147,0.03130642333310063
9225040100,8.628332618784274,1.9878461140634716,0.4269044484121362,-0.06679888436120152,1.9565085744185247,0.0313375396449469
9226040100,8.62924287062191,1.988317521863257,0.4268113987313396,-0.09304968079657039,1.9569438226329474,0.031373699230309526
9227040100,8.630153160983298,1.988665318988006,0.42673407156071186,-0.07732717062776251,1.9573791404956644,0.0312861784923415
9228040100,8.63106348335312,1.9890546581372097,0.4266541498294425,-0.07992173126937718,1.9578145332121721,0.031240124925037582
9229040100,8.631973838799638,1.9894121841722259,0.4266362460537702,-0.017903775672293065,1.9582499976768268,0.031162186495399036
9230040100,8.632884201655079,1.9898442284189568,0.4265976993905749,-0.038546663195317965,1.9586855344107867,0.031158694008170063
9231040100,8.633794580460874,1.9902475248088103,0.42657525144052383,-0.02244795005100153,1.9591211311418064,0.03112639366700387
9232040100,8.634704968554859,1.9905906196563643,0.4265155814881139,-0.05966995240993178,1.9595567919631058,0.031033827693258464
9233040100,8.635615381335986,1.9910538257358499,0.4264703822381455,-0.04519924996843816,1.95999251369296,0.031061312042889977
9234040100,8.636525812815162,1.9915073986953784,0.42645549946736866,-0.01488277077678335,1.9604283037087242,0.031079094986654177
9235040100,8.63743625045064,1.9919569146114875,0.4263805403914538,-0.07495907591487772,1.9608641591517078,0.031092755459779742
9236040100,8.638346719090112,1.9924510776806148,0.426310395154094,-0.07014523735984213,1.9613000740241482,0.031151003656466614
9237040100,8.639257216737878,1.9928640973534764,0.426242280951085,-0.06811420300900561,1.9617360602305993,0.03112803712287704
9238040100,8.640167742549725,1.9932536954440112,0.4261517624848469,-0.09051846623811777,1.9621721168250836,0.031081578618927574
9239040100,8.641078305782903,1.993692852859984,0.42610189698460144,-0.049865500245408256,1.9626082434127063,0.031084609447277645
9240040100,8.641988889627843,1.9942213556380688,0.42606387032908277,-0.03802665551867923,1.9630444444377453,0.03117691120032351
9241040100,8.642899489189467,1.9946934924065416,0.4260010953167714,-0.06277501231139704,1.9634807118571551,0.031212780549386476
9242040100,8.643810114693569,1.9950128864253531,0.42589349634987206,-0.1075989668993147,1.9639170433331508,0.03109584309220237
9243040100,8.644720784655801,1.9954369176532392,0.4258140408054866,-0.0794555443853584,1.9643534437736,0.031083473879639056
9244040100,8.645631487440996,1.9959741628049188,0.425811225131002,-0.0028156744846006276,1.9647899220624545,0.031184240742464286
9245040100,8.646542191389235,1.9962900608944272,0.42575615467030464,-0.055070460697385304,1.9652264726343525,0.031063588260074715
9246040100,8.647452918083482,1.996730990375695,0.4256443120000727,-0.11184267023197236,1.9656630803202013,0.031067910055493586
9247040100,8.648363690964125,1.997079975700063,0.42564341283709445,-0.0008991629782149069,1.9660997554735964,0.030980220226466626
9248040100,8.649274464216036,1.9974956043409609,0.4255800232033539,-0.06338963374052442,1.9665365093442624,0.030959094996698466
9249040100,8.650185263640134,1.9979203625076567,0.4255628205437913,-0.017202659562659317,1.9669733199703714,0.030947042537285308
9250040100,8.6510960701662,1.9984409676422978,0.4255123669676557,-0.05045357613559309,1.9674101997327327,0.03103076790956516
9251040100,8.652006897520032,1.9988800390464465,0.4254574074399386,-0.05495952771712931,1.967847139491223,0.031032899555223592
9252040100,8.652917747559094,1.9992899950373366,0.425354387095561,-0.10302034437759922,1.968284145837206,0.03100584920013061
9253040100,8.653828640113678,1.9996083291922682,0.4252921627800597,-0.0622243155012705,1.9687212196700585,0.030887109522209633
9254040100,8.654739558342966,2.0000420783627364,0.42524458415030636,-0.047578629753351365,1.9691583705155828,0.030883707847153552
9255040100,8.655650496201543,2.00046032376775,0.4252430925782494,-0.0014915720569850244,1.9695955903021023,0.030864733465647554
9256040100,8.656561434675458,2.0008379592775927,0.4251839349101537,-0.059157668095660476,1.9700328761362975,0.030805083141295153
9257040100,8.657472397552816,2.001227344406768,0.4251326002294817,-0.05133468067201896,1.9704702188967325,0.03075712551003562
9258040100,8.658383381603931,2.0015916475564604,0.425101718374016,-0.030881855465659136,1.9709076300105686,0.030684017545891784
9259040100,8.659294378391573,2.00203359070035,0.42506509193755393,-0.036626436462052325,1.9713451079353987,0.030688482764951175
9260040100,8.660205390283839,2.0023852204255466,0.4250411862458808,-0.02390569167316947,1.9717826486267356,0.030602571798810985
9261040100,8.661116412034074,2.002845219835144,0.4249784831354571,-0.06270311042359467,1.972220253228663,0.030624966606481063
9262040100,8.662027459638669,2.0032041974430133,0.42496114063942875,-0.017342496028373233,1.9726579192274158,0.03054627821559741
9263040100,8.662938514393456,2.0036798184380094,0.424889599332791,-0.07154130663779501,1.9730956543153084,0.03058416412270093
9264040100,8.663849598641347,2.004138227795165,0.4248687609865473,-0.02083834624371228,1.9735334495126722,0.030604778282492973
9265040100,8.664760691479028,2.004489372938959,0.42478955534988044,-0.07920563666684455,1.9739713155636487,0.030518057375310104
9266040100,8.66567181696251,2.0049100350194937,0.4247189498723278,-0.07060547755267699,1.974409242429811,0.030500792589682746
9267040100,8.66658297154229,2.005375373657916,0.4247021804724938,-0.016769399833973075,1.9748472416819247,0.030528131975991357
9268040100,8.66749413303202,2.005716138374057,0.4246507234716081,-0.051457000885731574,1.9752853116235656,0.03043082675049158
9269040100,8.668405315723373,2.0061309006102994,0.42457690899914863,-0.07381447245944628,1.9757234415953455,0.030407459014953897
9270040100,8.669316528823993,2.0066374796602635,0.4245656062334106,-0.011302765737993603,1.9761616384761496,0.03047584118411395
9271040100,8.670227746580563,2.007049325252997,0.4245173850314232,-0.04822120198740887,1.9765999067029796,0.03044941855001726
9272040100,8.671138984199592,2.0074647667315597,0.42442315447394163,-0.09423055748160625,1.9770382338966144,0.03042653283494534
9273040100,8.672050260626357,2.0079017545723423,0.4243763730916796,-0.046781382262033766,1.977476627378337,0.030425127194005253
9274040100,8.672961556316473,2.008338972180541,0.4243278728145531,-0.048500277126532154,1.9779150962722873,0.030423875908253795
9275040100,8.673872871975629,2.008800154277171,0.4242686400245368,-0.05923279001627879,1.9783536311840635,0.03044652309310747
9276040100,8.674784212019821,2.0091950511501717,0.4242093279943325,-0.05931203020428999,1.9787922324610747,0.030402818689097
9277040100,8.675695576478468,2.0096193384014716,0.424138021740891,-0.07130625344148722,1.979230902236953,0.030388436164518584
9278040100,8.676606970284473,2.010089487928139,0.4240999798945033,-0.03804184638769126,1.9796696405345564,0.03041984739358261
9279040100,8.677518379745383,2.0104842322475185,0.4240473060219213,-0.052673872582031045,1.980108449737802,0.030375782509716398
9280040100,8.678429810880361,2.0108331132888173,0.4239716737838298,-0.07563223809156394,1.980547323262531,0.030285790026286286
9281040100,8.679341273131818,2.011169246579886,0.4239338645685346,-0.03780921529524317,1.9809862640148097,0.030182982565076344
9282040100,8.68025275093672,2.0115977498425885,0.4239192007254765,-0.014663843058084325,1.9814252765511284,0.03017247329146011
9283040100,8.681164234773485,2.0120816806915927,0.423911152408044,-0.008048317432521657,1.9818643533839655,0.030217327307627162
9284040100,8.682075721920782,2.012577622488755,0.42385697240019404,-0.05418000784996391,1.9823034899327467,0.030274132556008304
9285040100,8.682987231352525,2.0130014325837604,0.42377501886856495,-0.08195353162912244,1.9827426848914165,0.030258747692343935
9286040100,8.683898774486988,2.013390146334358,0.42368697557412394,-0.08804329444100745,1.9831819474089976,0.03020819892536064
9287040100,8.684810353821714,2.013879577665914,0.4236350628150623,-0.05191275906166393,1.9836212829974222,0.030258294668491725
9288040100,8.685721954497803,2.014267624835328,0.42360083600730186,-0.03422680776042597,1.9840606928711289,0.030206931964199324
9289040100,8.686633569243208,2.014618914583413,0.4235161875087877,-0.08464849851414957,1.9845001698771938,0.030118744706219225
9290040100,8.687545218779746,2.015107185511908,0.4234823675171968,-0.033819991590898546,1.9849397105172848,0.030167474994623245
9291040100,8.688456882214716,2.0155332555211407,0.4234671345550676,-0.015232962129182681,1.985379324791289,0.03015393072985173
9292040100,8.689368551909379,2.015869650794381,0.423383350506381,-0.08378404868665346,1.9858190026330718,0.0300506481613092
9293040100,8.6902802560297,2.016263195712349,0.4233307259168799,-0.0526245895010824,1.9862587403646685,0.03000445534768037
9294040100,8.691191981769435,2.0166483409145295,0.42332317532519875,-0.007550591681162011,1.986698551579714,0.029949789334815513
9295040100,8.692103710610924,2.017027611459568,0.4232871791854722,-0.03599613972652449,1.987138430109816,0.029889181349751937
9296040100,8.693015454238768,2.0174620146000524,0.4232555260278235,-0.03165315764867849,1.9875783670272753,0.02988364757277706
9297040100,8.693927210867997,2.017801915855949,0.42322696072516935,-0.028565302654211422,1.9880183679761139,0.02978354787983495
9298040100,8.694838979229507,2.0182091736268215,0.42317087233609857,-0.056088389070784395,1.9884584321016803,0.029750741525141233
9299040100,8.695750770625354,2.018703727120849,0.423162266803425,-0.008605532673556127,1.9888985587979349,0.02980516832291391
9300040100,8.696662565555062,2.019088184978172,0.4231200800364581,-0.04218676696682255,1.989338753527992,0.02974943145017983
9301040100,8.69757437780778,2.019513027316419,0.4230341707072874,-0.08590932917075644,1.9897790068840848,0.029734020432333974
9302040100,8.698486225332134,2.0199494089511303,0.42300345010048407,-0.03072060680334321,1.9902193255303189,0.029730083420811404
9303040100,8.699398085467761,2.020322534899797,0.42295260085090547,-0.0508492495786248,1.9906597181432808,0.029662816756516275
9304040100,8.700309966475878,2.020643690347842,0.42289602695841505,-0.056573892490487054,1.9911001737874088,0.029543516560433414
9305040100,8.701221870703552,2.0210200258863584,0.42287124708392093,-0.024779874494179843,1.99154069646044,0.029479329425918355
9306040100,8.702133785100685,2.02133215299445,0.42287272470863924,0.0014776247182846092,1.991981287304533,0.02935086568991707
9307040100,8.703045698891428,2.02179892148587,0.42284677488426403,-0.02594982437527893,1.9924219400217709,0.02937698146409895
9308040100,8.703957623331199,2.022154602578942,0.42285321726289177,0.00644237862769792,1.992862649410167,0.029291953168774754
9309040100,8.70486954512727,2.022575579997901,0.42278231516722864,-0.07090209566312833,1.993303420914355,0.02927215908354608
9310040100,8.705781496016717,2.023089491215664,0.42276715800945736,-0.015157157771264806,1.9937442481143322,0.029345243101331686
9311040100,8.706693453125032,2.0235361099173086,0.42271942023619924,-0.047737773258143434,1.9941851463586104,0.02935096355869815
9312040100,8.707605429818427,2.0239123012911455,0.4226251050597429,-0.09431517645635612,1.9946261045956142,0.02928619669553134
9313040100,8.708517445199814,2.0243168396524243,0.422564454816779,-0.06065024296389421,1.9950671292949096,0.02924971035751467
9314040100,8.709429485455583,2.024642295779316,0.4225391811355158,-0.02527368126323193,1.9955082297041642,0.02913406607515201
9315040100,8.710341536075816,2.0250609734197638,0.42249984493960724,-0.0393361959085885,1.995949399152508,0.029111574267255858
9316040100,8.711253602826238,2.025557082467685,0.4225003158070796,0.00047086747226909864,1.9963906306287456,0.029166451838939622
9317040100,8.712165669383584,2.0258936578151534,0.4224542520393926,-0.04606376768699416,1.9968319269288912,0.029061730886262183
9318040100,8.713077754828051,2.0262889756190887,0.42236939535442714,-0.08485668496546062,1.9972732801607478,0.02901569545834093
9319040100,8.71398987506049,2.026752832136526,0.4223645435413125,-0.0048518131146408905,1.9977146995632644,0.0290381325732616
9320040100,8.714901997281785,2.0271288077848917,0.4223304457884915,-0.03409775282099048,1.9981561928411544,0.028972614943737263
9321040100,8.715814133479846,2.0275676369860522,0.42226207089012713,-0.06837489836439126,1.9985977441263216,0.028969892859730617
9322040100,8.716726297701772,2.0279871930965196,0.42223779658121074,-0.024274308916369947,1.9990393592277123,0.028947833868807393
9323040100,8.717638471871647,2.0283382036178463,0.42218213297580914,-0.05566360540164883,1.9994810449544431,0.028857158663403215
9324040100,8.718550668851206,2.0288600353169346,0.42213618548765675,-0.04594748815241978,1.9999227925616019,0.028937242755332715
9325040100,8.719462884656876,2.0292605832375608,0.4221247232084603,-0.011462279196453373,2.000364608285139,0.0288959749524218
9326040100,8.720375105158697,2.029665003148855,0.4220277243666211,-0.09699884183918339,2.0008064902037574,0.02885851294509756
9327040100,8.721287365396611,2.030131465380532,0.42199148317954965,-0.03624118707144053,2.0012484314792403,0.028883033901291544
9328040100,8.722199640478719,2.0305026214745796,0.4219534107183047,-0.038072461244953004,2.001690449095687,0.028812172378892775
9329040100,8.72311193115381,2.0308875290688855,0.4218843063781199,-0.06910434018479616,2.0021325310015428,0.02875499806734272
9330040100,8.724024250127943,2.0312402769268245,0.4218630291030779,-0.0212772750420136,2.002574677566738,0.028665599360086613
9331040100,8.724936577814494,2.031599683302173,0.4218350228855182,-0.028006217559658708,2.003016894957657,0.028582788344515997
9332040100,8.725848916968138,2.031989970308059,0.4218233108880699,-0.0117119974483062,2.0034591736879968,0.028530796620062304
9333040100,8.726761260917025,2.032323994757653,0.4218084660463372,-0.014844841732717384,2.0039015150992796,0.028422479658373412
9334040100,8.727673610943654,2.0327261974710344,0.4217783163386181,-0.030149707719161256,2.004343915962444,0.028382281508590346
9335040100,8.728585973313493,2.0331549128026816,0.421776544387813,-0.0017719508051516897,2.0047863769046153,0.028368535898066316
9336040100,8.729498336408737,2.0335821970705896,0.421740793861075,-0.035750526737976074,2.005228900970291,0.028353296100298575
9337040100,8.730410714139019,2.0340620822119675,0.42169184620442457,-0.04894765665044343,2.005671482529916,0.028390599682051487
9338040100,8.7313231119049,2.0345020777183898,0.4216436734212016,-0.0481727832228982,2.0061141283366304,0.02838794938175937
9339040100,8.732235529387065,2.034943448249481,0.42156915784611926,-0.07451557508241713,2.0065568410180212,0.028386607231459582
9340040100,8.733147977362997,2.0353693632633503,0.42151462596020284,-0.054531885916446754,2.006999620427109,0.028369742836241052
9341040100,8.734060447651622,2.035855213261692,0.42145944274355657,-0.055183216646276456,2.0074424718029427,0.02841274145874939
9342040100,8.734972940516684,2.0363384396394277,0.4214120571416177,-0.04738560193882435,2.0078853911840717,0.02845304845535601
9343040100,8.735885452765821,2.036786317239721,0.42133465218885613,-0.07740495276160164,2.0083283787069597,0.02845793853276124
9344040100,8.736797996674673,2.0372842785973697,0.4212585126395673,-0.0761395492887953,2.0087714328299846,0.02851284576738511
9345040100,8.737710571720337,2.0377050439498636,0.4212000711321137,-0.058441507453606434,2.009214559522384,0.02849048442747959
9346040100,8.738623170661716,2.038196018848719,0.421116514361339,-0.08355677077465096,2.0096577585403708,0.028538260308348384
9347040100,8.73953580376259,2.038602845516112,0.4210716366232664,-0.04487773807257778,2.0101010263766597,0.028501819139452156
9348040100,8.740448455207654,2.0390158121091853,0.420991593107039,-0.08004351622743222,2.0105443680262596,0.02847144408292568
9349040100,8.741361139366678,2.0393901965383265,0.4209537336431629,-0.037859463876080746,2.010987775815533,0.028402420722793753
9350040100,8.74227383899691,2.039840587778543,0.4209128981686755,-0.04083547448741953,2.011431256735012,0.02840933104353116
9351040100,8.743186555313027,2.040159034620107,0.4208915285342378,-0.021369634437720997,2.0118748024150612,0.028284232205045612
9352040100,8.744099280360437,2.0405084957708115,0.4208321741834272,-0.05935435081054763,2.0123184134532366,0.028190082317574916
9353040100,8.745012029656904,2.0409049816493297,0.42083907503939927,0.00690085597204515,2.0127620859899658,0.028142895659363898
9354040100,8.74592477613421,2.0413926045519557,0.42083068791284983,-0.00838712654944107,2.013205827575721,0.02818677697623473
9355040100,8.746837526037845,2.041813282935542,0.42079891745832115,-0.0317704545286821,2.0136496250572904,0.02816365787825159
9356040100,8.74775028891985,2.0422974603249533,0.42072151878880343,-0.07739866951764629,2.0140934814756655,0.028203978849287825
9357040100,8.748663083415687,2.0427000465225653,0.42067766820327807,-0.04385058552535526,2.0145374014816433,0.02816264504092203
9358040100,8.749575895820067,2.0430927355654536,0.42060201939387476,-0.0756488094033676,2.014981394146975,0.028111341418478375
9359040100,8.750488739115228,2.043506374518904,0.4205672853229836,-0.034734070891238034,2.015425452814167,0.028080921704737083
9360040100,8.75140159659211,2.043906251530697,0.42053763556963286,-0.029649753350756924,2.015869583807575,0.028036667723121855
9361040100,8.752314466173944,2.0443350734318244,0.42049760800818886,-0.04002756144394848,2.016313779006122,0.028021294425702337
9362040100,8.753227352096351,2.04475504580795,0.42046458215651683,-0.033025851672044304,2.0167580374059817,0.027997008401968504
9363040100,8.754140251499901,2.0450656495845787,0.4204171463338312,-0.047435822685612195,2.0172023610753946,0.02786328850918407
9364040100,8.755053170264997,2.0454229294588595,0.42037421661100965,-0.042929722821535954,2.017646748629666,0.027776180829193642
9365040100,8.755966106550645,2.0458425716786306,0.4203862706979212,0.012054086911537532,2.018091202938635,0.02775136873999573
9366040100,8.756879037916928,2.0462303881729187,0.4203751944622249,-0.011076235696350523,2.01853572311375,0.02769466505916851
9367040100,8.757791973803512,2.046625894968639,0.4203330197427672,-0.04217471945764739,2.0189802982341654,0.027645596734473532
9368040100,8.758704926900913,2.0470856534907984,0.42030689887595324,-0.026120866813964305,2.019424932900982,0.02766072058981628
9369040100,8.759617890657003,2.0474486155048184,0.4202770608873662,-0.029837988587030573,2.0198696333012727,0.02757898220354571
9370040100,8.760530866587798,2.04785903903284,0.4202150997860527,-0.06196110131353727,2.0203143962503667,0.02754464278247326
9371040100,8.761443867797801,2.048320506715194,0.4202017318150808,-0.013367970971883913,2.0207592224932256,0.027561284221968574
9372040100,8.762356874461279,2.048744388942026,0.42016473353942024,-0.036998275660556246,2.0212041184224923,0.02754027051953356
9373040100,8.763269896217379,2.0491629607882973,0.42010221488629107,-0.06251865312918259,2.0216490743844595,0.027513886403837784
9374040100,8.764182943473733,2.049639087621116,0.4200585611247437,-0.043653761547331804,2.0220940950829807,0.02754499253813547
9375040100,8.765096008533568,2.049941154881757,0.42001764781945794,-0.040913305285797286,2.0225391855989834,0.02740196928277383
9376040100,8.766009090277656,2.050317584841283,0.4199479298570056,-0.06971796245232209,2.0229843421888027,0.027333242652480383
9377040100,8.766922200448876,2.0506753751325197,0.4199655608962088,0.017631039203231502,2.0234295643142914,0.0272458108182283
9378040100,8.767835303431552,2.051097800550478,0.4199461809381362,-0.01937995807259174,2.023874857709835,0.027222942840642972
9379040100,8.768748414315827,2.051474823769553,0.4199363314554442,-0.009849482691954847,2.024320205013126,0.027154618756426885
9380040100,8.769661529215803,2.051931094851264,0.41989423720703595,-0.042094248408240276,2.024765613588407,0.027165481262856783
9381040100,8.770574661276893,2.0524643302472834,0.4198750114647768,-0.019225742259173728,2.0252110815455637,0.027253248701719635
9382040100,8.771487801175454,2.0528518483582285,0.41981616987588816,-0.058841588888641105,2.0256566153039195,0.027195233054309043
9383040100,8.772400965058992,2.053365913739858,0.4197187036271696,-0.09746624871857534,2.0261022103209285,0.027263703418929364
9384040100,8.773314168664713,2.0538065080471206,0.4196942428041269,-0.024460823042673496,2.0265478744835406,0.027258633563580048
9385040100,8.774227382238035,2.0541396672024663,0.4196064061161057,-0.08783668802128464,2.026993615482496,0.0271460517199702
9386040100,8.775140631599637,2.054564426323179,0.4195553536768229,-0.051052439282836204,2.0274394188033327,0.027125007519846367
9387040100,8.776053901758866,2.054985367210982,0.41955827526277006,0.0029215859471518613,2.0278852970595267,0.027100070151455213
9388040100,8.77696717072797,2.055410599536338,0.4195154765719834,-0.04279869078665133,2.0283312429417677,0.027079356594570392
9389040100,8.777880457130587,2.055862594598773,0.41947467082066403,-0.040805751319359373,2.0287772457196596,0.027085348879113624
9390040100,8.778793760153361,2.0562498341384146,0.41943178933929853,-0.042881481365517615,2.029223314494029,0.027026519644385516
9391040100,8.779707080640096,2.0566290757889765,0.4193755476350563,-0.056241704242296464,2.029669448875115,0.026959626913861445
9392040100,8.780620424029346,2.056932651021383,0.419351834285252,-0.02371334980429296,2.0301156492825996,0.026817001738783208
9393040100,8.781533777074182,2.057362751896376,0.4193322868107006,-0.01954747455143302,2.0305619183815686,0.026800833514807554
9394040100,8.782447138077961,2.057772111829271,0.41935089227870237,0.018605468001740455,2.031008249706794,0.026763862122477278
9395040100,8.783360491506352,2.0582110776916775,0.4193062984994391,-0.04459377926326358,2.0314546424351256,0.026756435256551914
9396040100,8.78427386309098,2.0585884516984874,0.41927217995836924,-0.03411854106985324,2.0319010889786853,0.0266873627198021
9397040100,8.785187248565656,2.0590395942878903,0.41922330032151983,-0.048879636849387786,2.032347601920371,0.02669199236751929
9398040100,8.786100653937932,2.059429014475683,0.41920538808940155,-0.0179122321182712,2.032794179181913,0.026634835293770198
9399040100,8.787014066601257,2.0598443701907976,0.41915061459525904,-0.05477349414249666,2.033240823708038,0.026603546482759644
9400040100,8.78792750155793,2.0602201941580405,0.41912685038288994,-0.023764212369125737,2.0336875293411545,0.026532664816885987
9401040100,8.788840946186015,2.0606427695689646,0.41909021166019167,-0.036638722698275394,2.034134303425237,0.026508466143727816
9402040100,8.789754405724093,2.0611332292901645,0.4190735149371458,-0.016696723045886763,2.0345811397940388,0.026552089496125753
9403040100,8.790667872056433,2.0615233152194485,0.41903352215653483,-0.03999278061096412,2.0350280410167656,0.02649527420268294
9404040100,8.791581354661679,2.061836143109312,0.4189595325307515,-0.07398962578331769,2.0354750031292284,0.026361139980083603
9405040100,8.79249486736916,2.062179936040181,0.41893587399816046,-0.023658532591073644,2.035922030775833,0.026257905264348125
9406040100,8.793408389700916,2.0626332968438823,0.41895114565186403,0.015271653703543997,2.0363691307328686,0.026264166111013676
9407040100,8.794321905820231,2.062987975948529,0.41895117755433287,3.190246882489589e-05,2.036816292985879,0.02617168296264971
9408040100,8.795235421926568,2.0633541553014423,0.4188964442712714,-0.05473328306148151,2.037263509787536,0.026090645513906274
9409040100,8.796148960297177,2.063750426232822,0.41889126418745465,-0.005180083816759051,2.0377107841765287,0.02603964205629339
9410040100,8.797062500774787,2.0641445901449846,0.41888052496324446,-0.010739224210214005,2.038158127066623,0.0259864630783615
9411040100,8.7979760456205,2.064632119543565,0.4188548763442693,-0.025648618975115056,2.038605528593777,0.026026590949787654
9412040100,8.79888960089818,2.0650278238025876,0.41883041702866275,-0.02445931560664416,2.0390529898702745,0.025974833932313146
9413040100,8.799803166123548,2.0653736349699874,0.4187592247082747,-0.07119232038803247,2.0395005138719533,0.02587312109803408
9414040100,8.800716760299965,2.0657568656662364,0.4187340799597415,-0.025144748533268313,2.0399481003678055,0.025808765298430902
9415040100,8.801630364700632,2.0661952340569902,0.41873411655476334,3.659502186525998e-05,2.0403957586762154,0.025799475380774872
9416040100,8.802543969086418,2.0666121914827533,0.41871560814686376,-0.018508407899614276,2.040843479629121,0.025768711853632276
9417040100,8.803457580997646,2.066966787234312,0.41866958091908396,-0.046027227779816826,2.0412912582140166,0.02567552902029524
9418040100,8.804371211621996,2.067384079603537,0.4186343496321127,-0.03523128697125166,2.041739098131604,0.02564498147193328
9419040100,8.805284856568893,2.067825326427794,0.4186305163369217,-0.0038332951909909596,2.04218700487273,0.02563832155506418
9420040100,8.806198503074066,2.0682693685119173,0.41859542937341043,-0.03508696351128382,2.0426349762923586,0.025634392219558766
9421040100,8.807112163841866,2.0686185372235615,0.4185484109708254,-0.04701840258504397,2.0430830061378273,0.025535531085734142
9422040100,8.808025843720582,2.069029971061797,0.41850003212675,-0.048378844075389615,2.043531100644852,0.025498870416944985
9423040100,8.808939543261063,2.069384374792493,0.418499320151283,-0.0007119754670519285,2.0439792621987003,0.025405112593792634
9424040100,8.809853243090885,2.0698288495631187,0.41846758259136296,-0.03173755992001315,2.0444274910775526,0.025401358485566128
9425040100,8.810766955818064,2.070172976489527,0.4184645813980114,-0.0030011933515856626,2.044875777784185,0.025297198705342083
9426040100,8.811680669764806,2.070541749366383,0.41841658122245673,-0.04800017555466596,2.0453241285100177,0.025217620856365475
9427040100,8.812594403215751,2.070928354699367,0.41841899542621,0.0024142037533074756,2.045772537530521,0.025155817168846184
9428040100,8.813508135685769,2.071316075028952,0.4184092750743618,-0.009720351848208075,2.046221013825239,0.025095061203713076
9429040100,8.814421872105282,2.0716882128053484,0.4183907958734805,-0.018479200881289515,2.0466695473457968,0.02501866545955167
9430040100,8.815335616032876,2.0721153148886726,0.41837190941360075,-0.018886459879722928,2.0471181405170498,0.024997174371622854
9431040100,8.816249367633697,2.0724777728490795,0.4183609969664524,-0.010912447148369253,2.0475667950914733,0.0249109777576062
9432040100,8.8171631236679,2.0728602415568975,0.4183226761724077,-0.03832079404471678,2.0480155111559206,0.0248447304009769
9433040100,8.818076895269767,2.073256108629988,0.4183168807010416,-0.005795471366121241,2.0484642871248795,0.02479182150510839
9434040100,8.818990669225903,2.0736519363721606,0.418301242422748,-0.015638278293598873,2.048913128472986,0.02473880789917482
9435040100,8.819904449534556,2.07405460956496,0.418279043599942,-0.022198822806035245,2.049362028715901,0.02469258084905901
9436040100,8.82081823886034,2.074528843109415,0.41825700003500077,-0.022043564941218285,2.049810989822962,0.02471785328645293
9437040100,8.821732037139745,2.074881545155417,0.41823165675264756,-0.025343282353229135,2.0502600131091384,0.02462153204627837
9438040100,8.822645845712493,2.07533810488768,0.4181705139635077,-0.06114278913991811,2.0507090985492624,0.02462900633841736
9439040100,8.823559679116382,2.0757898965019947,0.41817036076735653,-0.0001531961511469504,2.0511582468079013,0.024631649694093483
9440040100,8.824473512582482,2.0761542923900858,0.4181182953143848,-0.05206545297163334,2.0516074650382237,0.02454682735186209
9441040100,8.82538736719056,2.076688676394687,0.418068643759461,-0.049651554923825,2.0520567410711337,0.024631935323553122
9442040100,8.826301241958106,2.0770495311285857,0.4180628887292326,-0.005755030228404401,2.0525060852766046,0.024543445851981094
9443040100,8.827215119062156,2.0774939050702543,0.41797200364743137,-0.09088508180121657,2.0529554971797985,0.024538407890455805
9444040100,8.828129033060952,2.077999657233172,0.4179680941641813,-0.003909483250068568,2.0534049680224733,0.02459468921069874
9445040100,8.82904294864663,2.07843424763949,0.4179224647405888,-0.04562942359249167,2.0538545148094194,0.024579732830070533
9446040100,8.829956882752537,2.078869114582263,0.4178460717677555,-0.07639297283331459,2.0543041201809835,0.02456499440127935
9447040100,8.830870847860828,2.0791975454460836,0.41780531899546164,-0.04075277229388696,2.0547537924738677,0.024443752972215904
9448040100,8.83178482950554,2.0796052984507436,0.4177644910263005,-0.040827969161178146,2.0552035378385582,0.024401760612185353
9449040100,8.832698827715666,2.0800079711590804,0.4177771602615204,0.01266923521986385,2.0556533491654854,0.02435462199359506
9450040100,8.833612820785577,2.0803136386097605,0.41775028552408344,-0.026874737436959784,2.0561032264764094,0.024210412133351067
9451040100,8.83452682475904,2.080767797133967,0.4177260783360117,-0.02420718807172939,2.056553159093074,0.02421463804089319
9452040100,8.835440838553218,2.0812013648269074,0.4177506899599706,0.024611623958839424,2.05700315491827,0.024198209908637303
9453040100,8.8363548423626,2.0816396781438056,0.417701079326034,-0.049610633936583604,2.057453213425191,0.02418646471861452
9454040100,8.837268866298169,2.0820594848190654,0.41766182843022087,-0.03925089581314012,2.057903324865986,0.024156159953079293
9455040100,8.838182906155563,2.0824112838907616,0.4176202547856137,-0.041573644607161064,2.0583535040744643,0.02405777981629731
9456040100,8.83909696287545,2.0828270461377314,0.4175880290907336,-0.032225694880078315,2.05880374898765,0.024023297150081557
9457040100,8.840011032665165,2.083247042228284,0.4175900369416721,0.0020078509384946486,2.059254060076377,0.02399298215190715
9458040100,8.84092510164058,2.0836304569442308,0.41756016539042806,-0.02987155124408769,2.0597044354793823,0.023926021464848457
9459040100,8.841839182730258,2.0840807771456085,0.41752826983315666,-0.0318955572714259,2.0601548683612805,0.023925908784327987
9460040100,8.842753276754122,2.0844917140466674,0.41751482773896653,-0.013442094190176057,2.060605365098411,0.023886348948256586
9461040100,8.843667376228703,2.0849551859909767,0.4174679651827485,-0.0468625562180538,2.0610559261016093,0.023899259889367475
9462040100,8.84458149470458,2.0853467221056197,0.4174409056579281,-0.027059524820404413,2.0615065476883423,0.02384017441727737
9463040100,8.84549562415133,2.0857369546697955,0.41738758320253466,-0.05332245539339642,2.0619572365453074,0.023779718124488092
9464040100,8.8464097752149,2.08620462979281,0.4173703806025752,-0.017202599959547094,2.062407988720455,0.023796641072354685
9465040100,8.847323933251817,2.086685205812864,0.4173539824761625,-0.01639812641269245,2.0628588094707183,0.023826396342145895
9466040100,8.848238097935722,2.0870239392404657,0.4172988636491427,-0.055118827019797756,2.063309691581626,0.02371424765883967
9467040100,8.849152284960267,2.08731521875785,0.4172372656661069,-0.06159798303579844,2.063760634897882,0.02355458385996778
9468040100,8.850066496948285,2.087711584754805,0.417246844001749,0.009578335642117075,2.064211647168044,0.023499937586761277
9469040100,8.850980705054772,2.088045638715668,0.4172805032349582,0.03365923320918096,2.0646627296949482,0.023382909020719822
9470040100,8.851894899520504,2.088438893221622,0.41726176378981306,-0.01873944514513859,2.065113868252517,0.023325024969104824
9471040100,8.85280910158072,2.088850006630057,0.41727444254723983,0.012678757426701992,2.065565058027534,0.023284948602522615
9472040100,8.853723298502684,2.089202358272616,0.4172576625113832,-0.016780035856646336,2.0660163095041923,0.02318604876842345
9473040100,8.85463750222497,2.089616529170089,0.41723206415124314,-0.02559836014005956,2.066467616402207,0.023148912767882113
9474040100,8.855551716320818,2.0899859084610317,0.4172360722952301,0.00400814398696081,2.066918984619761,0.023066923841270626
9475040100,8.856465928792431,2.0903831257175742,0.4172092758661699,-0.026796429060152782,2.0673704159270763,0.023012709790497965
9476040100,8.857380152122573,2.0907853368245273,0.4172050708892882,-0.0042049768816818656,2.0678219044049513,0.02296343241957599
9477040100,8.858294377156609,2.0911325309533795,0.41718708405732924,-0.017986831958994642,2.0682734562233236,0.022859074730055884
9478040100,8.859208609478884,2.0915484241405786,0.4171667306518365,-0.020353405492774534,2.068725066866115,0.022823357274463607
9479040100,8.860122850047974,2.0919422374228516,0.4171741239806316,0.007393328795081366,2.0691767390971343,0.02276549832571728
9480040100,8.86103708762147,2.0924078547809986,0.4171472701324548,-0.02685384817682479,2.0696284733958237,0.02277938138517488
9481040100,8.861951336075242,2.0927962841976604,0.41713160311260894,-0.01566701984583574,2.0700802642120912,0.022716019985569158
9482040100,8.862865590876456,2.0931911014060494,0.4170800346605314,-0.05156845207752703,2.070532118408135,0.022658982997914467
9483040100,8.863779866568882,2.093585456258923,0.4170672187186433,-0.012815941888143279,2.0709840337497027,0.02260142250922037
9484040100,8.864694147452873,2.094016218087778,0.41705135364992,-0.01586506872324822,2.071436017432738,0.02258020065503974
9485040100,8.865608434763384,2.094447255192876,0.4170358691873485,-0.015484462571523139,2.071888061702797,0.022559193490078844
9486040100,8.86652272834602,2.0948475937242814,0.41700225409518055,-0.033615092167947225,2.0723401671759625,0.022507426548318943
9487040100,8.867437035544004,2.0952836959503025,0.41696857410318044,-0.033679992000087644,2.0727923337814964,0.022491362168806095
9488040100,8.868351356382588,2.09568545659172,0.4169503776203591,-0.01819648282136921,2.0732445651572924,0.022440891434427623
9489040100,8.869265684590426,2.09602997069487,0.4169143639336605,-0.036013686698574965,2.0736968613228264,0.02233310937204358
9490040100,8.870180027382277,2.0963753854268457,0.41689565450518096,-0.018709428479541934,2.074149219182182,0.02222616624466367
9491040100,8.871094377750184,2.0968310729239055,0.4169058148802584,0.010160375077449046,2.074601642311304,0.02222943061260141
9492040100,8.872008724003864,2.097190125871315,0.4169157715926005,0.009956712342112262,2.075054127249114,0.022135998622200947
9493040100,8.872923066225695,2.0975577069561084,0.41687061642162604,-0.0451551709744793,2.075506668215155,0.022051038740953377
9494040100,8.873837426731836,2.0979905958629685,0.4168739935156295,0.003377094003382375,2.0759592652538323,0.0220313306091362
9495040100,8.874751785870581,2.0984045696099916,0.4168733046091669,-0.0006889064626109942,2.0764119294173327,0.021992640192658897
9496040100,8.875666145288267,2.098778601640356,0.4168400349045957,-0.0332697045711674,2.076864650982884,0.021913950657471926
9497040100,8.876580518176468,2.099214577430376,0.4168163289766057,-0.02370592799000626,2.07731743076992,0.021897146660455835
9498040100,8.877494900662304,2.0997038987290444,0.4168127805132006,-0.0035484634051252684,2.0777702753164675,0.021933623412576875
9499040100,8.878409284584736,2.100034020728268,0.4167783262872366,-0.034454225964005936,2.078223182711074,0.021810838017193745
9500040100,8.879323682455354,2.1003750959448206,0.41671715790316977,-0.06116838406685954,2.0786761489169123,0.02169894702790831
9501040100,8.880238105086244,2.100693788611185,0.41673586426285436,0.01870635968457357,2.0791291801378264,0.021564608473358504
9502040100,8.881152520145374,2.101165950838814,0.4167493504334211,0.013486170566723743,2.0795822817386806,0.021583669100133207
9503040100,8.882066929745518,2.101594908453938,0.41677433188692103,0.02498145349994374,2.080035437704808,0.021559470749129783
9504040100,8.882981329233129,2.102021768141094,0.41672256772990224,-0.05176415701877701,2.0804886490864085,0.021533119054685468
9505040100,8.88389574967432,2.102371192178451,0.41669248209440546,-0.030085635496797103,2.080941913579956,0.021429278598495305
9506040100,8.88481018229273,2.1026910680318487,0.41666352478847873,-0.028957305926698318,2.0813952465902474,0.021295821441601248
9507040100,8.885724626630884,2.103156480581323,0.41667352738376956,0.010002595290813154,2.0818486437738954,0.021307836807427538
9508040100,8.886639066920823,2.1035295323598295,0.4166986032003789,0.02507581660932523,2.0823021049107595,0.021227427449070024
9509040100,8.88755349706177,2.1038948575211327,0.41665091874273263,-0.04768445764624385,2.082755622186859,0.021139235334273643
9510040100,8.888467946501665,2.1043210833008437,0.4166496036711832,-0.00131507154944277,2.0832091925795737,0.021111890721269955
9511040100,8.889382396473769,2.104746500576881,0.4166523549570058,0.0027512858226259596,2.0836628307007885,0.021083669876092337
9512040100,8.890296845332426,2.105076017324027,0.41662474462255766,-0.027610334448195495,2.084116527247051,0.02095949007697584
9513040100,8.891211305364678,2.1054638631275364,0.4165976243110108,-0.027120311546894982,2.0845702814062435,0.020893581721292964
9514040100,8.89212577637154,2.1058719280215423,0.41661873154519824,0.02110723418745053,2.085024099280645,0.020847828740897523
9515040100,8.893040238837125,2.10627207098501,0.41661083805295046,-0.007893492247791123,2.0854779807780304,0.020794090206979643
9516040100,8.893954704496947,2.1067518985358045,0.4165929584601532,-0.017879592797195976,2.085931916216694,0.02081998231911042
9517040100,8.894869177391842,2.1071914658608,0.41657917438821457,-0.013784071938636622,2.0863859114260066,0.020805554434793372
9518040100,8.895783655864335,2.107546191162485,0.416525526243254,-0.053648144960546595,2.086839968417504,0.02070622274498124
9519040100,8.896698156043405,2.1079579979999314,0.41649206808161837,-0.03345816163571769,2.087294086373859,0.020663911626072284
9520040100,8.89761266975865,2.1084195019768033,0.4165012601993762,0.009192117757839569,2.0877482733115365,0.020671228665266828
9521040100,8.898527179755142,2.108872430422983,0.4164820308001149,-0.01922939926131839,2.0882025251804954,0.020669905242487463
9522040100,8.899441697530973,2.109359119156364,0.4164379707925659,-0.04406000754904493,2.088656833415339,0.02070228574102506
9523040100,8.900356233130204,2.109754537138192,0.41639822949288247,-0.039741299683403675,2.0891112037328803,0.020643333405311548
9524040100,8.901270784804282,2.110248105422314,0.41634157445411574,-0.056655038766719734,2.0895656411302994,0.02068246429201448
9525040100,8.902185359392105,2.110736378827492,0.41633070636989555,-0.010868084220201801,2.0900201447464006,0.020716234081091578
9526040100,8.903099938375115,2.1112208139031776,0.4162707181145333,-0.059988255362245724,2.0904747179880587,0.02074609591511889
9527040100,8.904014541616169,2.111703158466362,0.41621334471109434,-0.05737340343897834,2.090929351657998,0.02077380680836427
9528040100,8.904929168054794,2.1121954143056483,0.4161578610837308,-0.05548362736349244,2.0913840556371355,0.020811358668512803
9529040100,8.905843816924042,2.112611734248813,0.41610340258604883,-0.05445849768191202,2.0918388294072194,0.020772904841593665
9530040100,8.906758487806739,2.112926828693927,0.4160439483816509,-0.05945420439794624,2.092293672595705,0.020633156098222027
9531040100,8.907673182719176,2.113289288319078,0.41602257388100505,-0.021374500645800154,2.0927485850038217,0.02054070331525626
9532040100,8.908587886269801,2.1137271921101415,0.4160521263751261,0.029552494121065642,2.093203567643215,0.02052362446692646
9533040100,8.909502577877111,2.114177720795521,0.4160582164408957,0.006090065769555508,2.093658612865468,0.020519107930052627
9534040100,8.910417267023089,2.114556916457457,0.4160266499980012,-0.03156644289455546,2.0941137104358596,0.020443206021597327
9535040100,8.911331968926444,2.115031179116405,0.4159888064197879,-0.037843578213271556,2.094568865075132,0.020462314041272744
9536040100,8.91224668612284,2.115372677613309,0.4159868098056915,-0.0019966140964111645,2.0950240843616434,0.02034859325166538
9537040100,8.913161404126056,2.115829443005324,0.41593727392996366,-0.049535875727895196,2.095479369564444,0.020350073440880134
9538040100,8.91407614214524,2.1162020027354163,0.4159543806668143,0.017106736850609927,2.0959347134792417,0.020267289256174603
9539040100,8.914990873252354,2.1165580096156544,0.4159138804691533,-0.04050019766102064,2.0963901256747377,0.02016788394091673
9540040100,8.915905620723354,2.1168967919218127,0.4159156829477339,0.0018024785806227683,2.0968455927502205,0.02005119917159215
9541040100,8.916820367466105,2.117252527176666,0.41592598821162535,0.010305263891456917,2.0973011263007137,0.019951400875952263
9542040100,8.917735110045195,2.117644082476999,0.41594517250255064,0.01918429092528573,2.0977567178204843,0.019887364656514528
9543040100,8.91864984487295,2.1179829340928924,0.415956109016297,0.010936513746268695,2.0982123656024996,0.019770568490392826
9544040100,8.919564575281703,2.1183020634709817,0.4159492918233892,-0.006817192907810465,2.0986680678630023,0.019633995607979404
9545040100,8.92047930844502,2.1187064797254163,0.415969087413234,0.019795589844820327,2.09912382626538,0.01958265346003607
9546040100,8.921394033609582,2.1191290750700835,0.4159990454509671,0.029958037733082143,2.0995796443881183,0.01954943068196524
9547040100,8.922308746668392,2.1194702154246112,0.41598649271444427,-0.012552736522822627,2.100035516876705,0.019434698547906137
9548040100,8.923223464799742,2.119966315370331,0.41596494417001734,-0.021548544426986282,2.100491441686877,0.019474873683453797
9549040100,8.924138191638484,2.1204038866034263,0.415984378850364,0.019434680346726907,2.100947427384675,0.019456459218751387
9550040100,8.925052910624029,2.120839506267927,0.41592628395043163,-0.05809489993233807,2.101403475787844,0.01943603048008269
9551040100,8.92596765308363,2.121270335578526,0.4158975217138374,-0.028762236594178425,2.101859578644447,0.019410756934078677
9552040100,8.926882407163871,2.1216289433976843,0.4158698034546417,-0.02771825919572901,2.102315751581024,0.019313191816660247
9553040100,8.927797172442247,2.122068066603124,0.41584456609963566,-0.025237355006085593,2.102771988694222,0.019296077908901754
9554040100,8.928711947915863,2.1224363906577186,0.4158556668372486,0.01110073761296615,2.1032282897799632,0.019208100877755374
9555040100,8.929626718905139,2.122917361929229,0.41582657622375296,-0.029090613495665885,2.103684654344498,0.019232707584730946
9556040100,8.930541501645845,2.123201764554238,0.41583309300609667,0.006516782343637395,2.104141075069478,0.01906068948476003
9557040100,8.931456281754102,2.123581274884121,0.41578326515911196,-0.04982784698469622,2.104597560060821,0.01898371482330008
9558040100,8.93237108198929,2.1239795252721763,0.415832097933292,0.048832774180072924,2.1050541021461804,0.018925423125995877
9559040100,8.933285862499508,2.124473817277829,0.4158335594655544,0.0014615322624065286,2.105510712690304,0.018963104587525148
9560040100,8.934200642419338,2.124864466565685,0.4158258019184247,-0.007757547129648046,2.105967371806141,0.01889709475954371
9561040100,8.935115425472821,2.1252989293833764,0.4157699725825736,-0.055829335851130146,2.106424089048218,0.018874840335158183
9562040100,8.936030231076888,2.125793335252557,0.4157661258046493,-0.003846777924302991,2.106880866280534,0.018912468972023255
9563040100,8.93694503823464,2.1261793049490776,0.4157404468857556,-0.02567891889364482,2.1073377132054496,0.018841591743627983
9564040100,8.937859855763572,2.126527178340328,0.41568475616952894,-0.055690716226683534,2.1077946193440624,0.01873255899626569
9565040100,8.938774695782751,2.126930186854423,0.41568345501936504,-0.001301150163866005,2.1082515891059437,0.01867859774847913
9566040100,8.939689536327355,2.1273109937926455,0.4157014520262116,0.01799700684659289,2.1087086285524386,0.018602365240206975
9567040100,8.940604369604346,2.12778070018909,0.41569202437580777,-0.009427650403870835,2.109165726716956,0.018614973472133922
9568040100,8.94151920668848,2.128118980798211,0.4156938794548037,0.0018550789959208558,2.1096228797095584,0.018496101088652406
9569040100,8.942434043023487,2.128544165738403,0.4156512871119237,-0.042592342879944844,2.110080093068582,0.018464072669821086
9570040100,8.943348896557511,2.1289328560664114,0.41567467571141575,0.023388599492098372,2.1105373645216865,0.018395491544724862
9571040100,8.9442637406473,2.1292769495475468,0.4156547053654383,-0.019970345977444737,2.1109947030461313,0.01828224650141541
9572040100,8.945178592801074,2.129635689742606,0.4156531531576161,-0.001552207822207663,2.111452095328083,0.018183594414522997
9573040100,8.946093445581614,2.1300808269632774,0.4156741528495853,0.02099969196924345,2.1119095501254392,0.018171276837838146
9574040100,8.947008289882536,2.130442471286823,0.4156880578714994,0.013905021914077942,2.112367063724676,0.01807540756214676
9575040100,8.947923128568428,2.1308898622560064,0.4156588185343049,-0.029239337194428394,2.112824631575471,0.01806523068053556
9576040100,8.948837979061343,2.131303483612065,0.41567154461850686,0.012726084201944765,2.113282255113706,0.018021228498358965
9577040100,8.949752824415484,2.131698717934867,0.41564144568874806,-0.0300989297587817,2.113739943059386,0.017958774875481254
9578040100,8.95066768192329,2.132067103440829,0.4156283519024533,-0.013093786294705367,2.114197686939871,0.017869416500957858
9579040100,8.951582544717986,2.1324765657237865,0.4156246046193047,-0.003747283148520353,2.11465549541262,0.01782107031116631
9580040100,8.952497409025696,2.1329527423288788,0.415634492886642,0.00988826733727155,2.1151133650475664,0.017839377281312352
9581040100,8.95341226934086,2.133317167465707,0.4156239701612839,-0.010522725358123708,2.1155712939611,0.01774587350460699
9582040100,8.95432713390474,2.1337579682422136,0.415580083418769,-0.043886742514892774,2.1160292794017224,0.01772868884049128
9583040100,8.955242016187489,2.134182112465775,0.4155922877945381,0.012204375769105269,2.116487325499577,0.017694786966198084
9584040100,8.956156893543008,2.1345199130546444,0.4155663691697267,-0.02591862481135543,2.116945439005388,0.017574474049256494
9585040100,8.957071781362396,2.1348823260620904,0.41554888046393085,-0.017488705795901005,2.117403608585189,0.01747871747690155
9586040100,8.957986676241978,2.1351687185503385,0.41557483235045767,0.025951886526831558,2.117861841951857,0.017306876598481402
9587040100,8.958901560644678,2.1355794065951135,0.41558870156184835,0.013869211390677094,2.1183201374067977,0.017259269188315773
9588040100,8.959816439448069,2.135934843089929,0.41564095588290756,0.052254321059143294,2.118778486169397,0.01715635692053219
9589040100,8.960731297153648,2.136357699183278,0.41563118440096825,-0.009771481939252702,2.119236890686235,0.017120808497042894
9590040100,8.961646158804676,2.136747606871165,0.41564927250717193,0.01808810620368284,2.1196953431936443,0.017052263677520774
9591040100,8.962561013152166,2.137193310830438,0.4156337460022231,-0.015526504948860875,2.120153856244137,0.017039454586301073
9592040100,8.963475873768902,2.1376499833232008,0.4156348611822719,0.0011151800487221308,2.1206124242041007,0.0170375591191001
9593040100,8.964390733935359,2.1381187434301916,0.4156081314093644,-0.02672977290745049,2.121071053881252,0.017047689548939537
9594040100,8.965305604894192,2.138513552152735,0.4155759521426749,-0.03217926668950799,2.1215297419120915,0.01698381024064366
9595040100,8.966220488844813,2.13896950174562,0.415537738101563,-0.03821404111186766,2.1219884939389075,0.016981007806712523
9596040100,8.967135388222422,2.139483560564735,0.41553665963727154,-0.001078464291457415,2.1224473110713653,0.01703624949336957
9597040100,8.968050288035387,2.139859085106443,0.4155050490257095,-0.03161061156205758,2.122906194537965,0.016952890568478374
9598040100,8.968965200608498,2.140199794878124,0.4154443066173983,-0.060742408311196705,2.1233651368254307,0.016834658052693463
9599040100,8.969880137698718,2.140646773247474,0.41545302759371505,0.008720976316773488,2.1238241441220502,0.01682262912542365
9600040100,8.970795071269148,2.1410841620305208,0.4154794250546722,0.02639746095711537,2.124283222334327,0.016800939696193673
9601040100,8.971709994185126,2.1414431051169864,0.4154527478743095,-0.026677180362713493,2.124742357401022,0.016700747715964415
9602040100,8.972624927868452,2.1418276009668538,0.41543093740687453,-0.021810467434978165,2.1252015457449502,0.016626055221903524
9603040100,8.973539870354356,2.1422272718974344,0.41544857691686166,0.01763950998720265,2.12566079812197,0.016566473775464274
9604040100,8.974454805721091,2.1427462384138183,0.4154536215747482,0.005044657886537074,2.126120113552272,0.016626124861546465
9605040100,8.975369739051787,2.14327471292469,0.4154512295079184,-0.0023920668298469394,2.126579484047557,0.016695228877132706
9606040100,8.976284673347932,2.1437168055808797,0.41538909798863666,-0.06213151928177574,2.1270389121636164,0.016677893417263334
9607040100,8.977199632718767,2.1441213500290686,0.4153221031897083,-0.0669947989283024,2.127498399412044,0.016622950617024568
9608040100,8.97811461912303,2.1445047179615324,0.4152983636734895,-0.02373951621881787,2.127957957907718,0.016546760053814502
9609040100,8.979029615105565,2.1449732367719836,0.41529354391298934,-0.004819760500155645,2.1284175886439947,0.01655564812798893
9610040100,8.979944613032686,2.1452958003032654,0.4152995010562608,0.005957143271373866,2.1288772828605644,0.016418517442700953
9611040100,8.98085960855633,2.145680903273477,0.4152628968514972,-0.03660420476354176,2.1293370367278968,0.016343866545580177
9612040100,8.981774618847838,2.146100154492782,0.4152995744923717,0.03667764087452774,2.129796848065734,0.016303306427047914
9613040100,8.982689614341853,2.1464704635650267,0.415305160565769,0.005586073397301661,2.1302567255088753,0.01621373805615134
9614040100,8.983604607582073,2.1469231115597878,0.41529378681971946,-0.011373746049510913,2.130716654202523,0.016206457357264892
9615040100,8.98451960541119,2.147324917613395,0.4153070890116958,0.013302191976310773,2.131176640454747,0.01614827715864786
9616040100,8.98543459787334,2.147737731086223,0.41527926519821723,-0.027823813478572212,2.131636687710259,0.016101043375964075
9617040100,8.986349601561235,2.1482045692466483,0.41527700933936335,-0.0022558588538794666,2.132096790967868,0.016107778278780405
9618040100,8.987264606159245,2.148584036222184,0.4152693723515171,-0.007636987846225907,2.1325569585762985,0.016027077645885512
9619040100,8.988179613838321,2.1490262584567756,0.415234741854179,-0.03463049733808443,2.1330171853533884,0.016009073103387284
9620040100,8.989094635488051,2.1494193573438896,0.4152439880532186,0.00924619903950763,2.133477472395999,0.015941884947890728
9621040100,8.990009653407782,2.1498255315480583,0.41522192288510645,-0.0220651681121522,2.13393782518823,0.01588770635982817
9622040100,8.99092468022867,2.1501981435898125,0.41522458677335383,0.0026638882473886127,2.134398234830293,0.015799908759519532
9623040100,8.99183970597496,2.150684720404697,0.4152208498988654,-0.0037368744884966887,2.134858707682856,0.015826012721841032
9624040100,8.992754733228683,2.151044695636944,0.41523410143245576,0.013251533590377562,2.1353192387310713,0.01572545690587246
9625040100,8.993669755136763,2.1515218868884856,0.4151903475857741,-0.04375384668163029,2.1357798292790555,0.015742057609430038
9626040100,8.994584794694449,2.15187531423323,0.4152101255109269,0.0197779251528436,2.1362404758813938,0.015634838351836322
9627040100,8.995499826274251,2.1522081262687474,0.4151712903643109,-0.038835146615949334,2.1367011901202453,0.01550693614850207
9628040100,8.996414873518772,2.1526086330337564,0.41519458556313843,0.02329519882752784,2.137161959097881,0.015446673935875399
9629040100,8.997329911367002,2.1529544865925954,0.4152284716998559,0.033886136717478976,2.137622794724937,0.015331691867658481
9630040100,8.998244935546124,2.153385735032163,0.4152286644542617,0.00019275440579935577,2.1380836843853572,0.015302050646805565
9631040100,8.99915995964749,2.153766719662358,0.4152564409006379,0.027776446376207353,2.138544625929317,0.015222093733041397
9632040100,9.000074972543507,2.1541977691659304,0.4152416052346283,-0.014835666009612503,2.1390056262066572,0.01519214295927318
9633040100,9.000989991424495,2.1546420393484733,0.41525209087128945,0.010485636661094588,2.1394666796146318,0.015175359733841542
9634040100,9.001905006075413,2.1551318092608924,0.415237630644388,-0.014460226901431561,2.13992779481908,0.015204014441812408
9635040100,9.002820026559787,2.1555226485278185,0.4152166246662819,-0.021005978106109602,2.1403889666769516,0.015133681850866942
9636040100,9.003735055517927,2.155946479867301,0.41517283995384024,-0.04378471244167148,2.1408502002650174,0.015096279602283769
9637040100,9.004650102137424,2.156320520507568,0.4151786922178845,0.0058522640442753016,2.1413114969201175,0.01500902358745071
9638040100,9.005565146396405,2.156799265980967,0.41516815490979886,-0.010537308085649677,2.141772861281094,0.01502640469987293
9639040100,9.006480194905595,2.1571016640325995,0.4151827214517006,0.014566541901811725,2.142234283258997,0.014867380773602612
9640040100,9.007395237539365,2.157525081129125,0.4151449297385087,-0.03779171319188013,2.1426957661921087,0.014829314937016225
9641040100,9.008310295416038,2.1579453441787275,0.4151956603835673,0.050730645058617796,2.1431573049782067,0.014788039200520853
9642040100,9.00922533283072,2.1582889048902323,0.4151859856760518,-0.009674707515524794,2.1436189102746397,0.014669994615592596
9643040100,9.010140374147836,2.158708483496085,0.4151780039316588,-0.00798174439298105,2.1440805640739633,0.014627919422121494
9644040100,9.01105541868444,2.159178654085455,0.4152086337939357,0.030629862276886577,2.144542278671455,0.014636375413999758
9645040100,9.011970450865974,2.159569797961266,0.41520136938010616,-0.007264413829568994,2.145004053727771,0.014565744233494993
9646040100,9.012885485977808,2.159969683206569,0.4151688224128635,-0.03254696724263795,2.1454658813869223,0.014503801819646611
9647040100,9.013800534217765,2.1603319037832103,0.41517595647138517,0.007134058521628184,2.145927769367276,0.014404134415934244
9648040100,9.014715579580216,2.1607174676005294,0.4151788740112319,0.0029175398467327085,2.146389722822569,0.014327744777960394
9649040100,9.01563062376587,2.1611028662255984,0.4152008560886364,0.021982077404524958,2.1468517336780693,0.014251132547529188
9650040100,9.016545659084754,2.1615008123252104,0.41521134813988203,0.010492051245631906,2.147313802796649,0.014187009528561223
9651040100,9.017460690171369,2.1618334450151635,0.4152221052597796,0.010757119897551348,2.14777592629871,0.014057518716453554
9652040100,9.018375716918689,2.1622642346990752,0.415226744188951,0.004638929171396633,2.1482381065281366,0.014026128170938623
9653040100,9.019290741794686,2.1626801390657446,0.41526432728171375,0.037583092762738524,2.1487003434346192,0.013979795631125391
9654040100,9.020205751509115,2.1631232433381267,0.4152529231104703,-0.011404171243477812,2.1491626382688516,0.0139606050692751
9655040100,9.02112076582429,2.1635424586077754,0.415249083342658,-0.003839767812316097,2.1496249843191855,0.013917474288589915
9656040100,9.022035781688501,2.1639109549912376,0.4152317077135961,-0.017375629061946007,2.150087391574889,0.013823563416348605
9657040100,9.022950804562214,2.164269393990712,0.41522639357255775,-0.005314141038349263,2.1505498584989375,0.013719535491774515
9658040100,9.023865829579648,2.1647205289288185,0.41524665664986626,0.020263077308520394,2.1510123878565572,0.01370814107226126
9659040100,9.024780846422829,2.1651454343690553,0.4152721878166706,0.025531166804336536,2.15147497719364,0.013670457175415152
9660040100,9.025695852966038,2.1656280796976835,0.41525142391268843,-0.020763903982142118,2.151937621297943,0.013690458399740368
9661040100,9.02661086788602,2.1659876949020913,0.41524387761857934,-0.007546294109124219,2.152400319097481,0.013587375804610335
9662040100,9.027525885850302,2.1663253206441904,0.4152074483328338,-0.03642928574555082,2.152863080041044,0.01346224060314638
9663040100,9.028440918510027,2.1667558523899246,0.41523277197268926,0.025323639855481694,2.1533259014374693,0.01342995095245536
9664040100,9.029355940954416,2.1671160240797387,0.4152693709614389,0.03659898874967116,2.1537887891862653,0.013327234893473427
9665040100,9.030270948634051,2.167528132015877,0.41525961483656243,-0.009756124876454386,2.154251730690831,0.013276401325045928
9666040100,9.03118596024962,2.167888633666186,0.4152852711571604,0.025656320597957638,2.1547147236516295,0.013173910014556256
9667040100,9.032100961514422,2.168246854029037,0.4152850868527622,-0.00018430439821859324,2.1551777775347354,0.013069076494301779
9668040100,9.033015962853582,2.16871598428316,0.41531094125689777,0.025854404135534637,2.155640885114135,0.013075099169025162
9669040100,9.033930953761457,2.169032779580901,0.41533817292734204,0.02723167044425079,2.156104051669871,0.012928727911029725
9670040100,9.034845933681709,2.1693640674053545,0.4153099672129221,-0.028205714419917705,2.15656727188766,0.012796795517694637
9671040100,9.035760924982585,2.1698407915752047,0.41535824865755966,0.04828144463752615,2.157030545488368,0.012810246086836674
9672040100,9.036675896802107,2.1702357792776152,0.41539957450185294,0.041325844293280234,2.157493883802143,0.01274189547547211
9673040100,9.037590851945136,2.170664969440044,0.4153681877582693,-0.0313867435836892,2.15795727120474,0.012707698235304044
9674040100,9.03850581975401,2.171066122200196,0.4153778305922168,0.009642833947480334,2.1584207091177703,0.012645413082425616
9675040100,9.039420783671698,2.1714130305974275,0.4153704659468728,-0.007364645343930221,2.158884212407763,0.012528818189664559
9676040100,9.040335750561258,2.1717917738113663,0.4153772773922084,0.006811445335602961,2.1593477726927226,0.012444001118643744
9677040100,9.041250714702183,2.1721855620599637,0.41541147282026303,0.03419542805460285,2.1598113934542695,0.01237416860569418
9678040100,9.042165665043516,2.1725864337997396,0.4154299508333529,0.018478013089860745,2.1602750717984094,0.012311362001330206
9679040100,9.043080607927587,2.1730225041843645,0.415441074900601,0.011124067248131198,2.160738802127817,0.012283702056547607
9680040100,9.043995546322112,2.1734206771521554,0.415448808932073,0.00773403147196472,2.1612025876595595,0.01221808949259584
9681040100,9.044910481595204,2.173868499069699,0.41543902667258226,-0.009782259490736855,2.161666429901423,0.01220206916827582
9682040100,9.04582542081638,2.174269819446,0.41544835281511716,0.009326142534940907,2.1621303295508625,0.01213948989513769
9683040100,9.046740356273562,2.1746449834632045,0.41543291534202736,-0.015437473089871645,2.1625942901970134,0.012050693266191015
9684040100,9.047655297961201,2.175071367146246,0.4154408844184543,0.007969076426932453,2.163058307933749,0.012013059212496735
9685040100,9.048570236432605,2.1754744992620125,0.4154621379271611,0.021253508706778668,2.163522387834682,0.011952111427330436
9686040100,9.049485166326026,2.175886794075914,0.41545788807748374,-0.004249849677314899,2.163986525113131,0.011900268962782956
9687040100,9.050400097934732,2.17636059918598,0.4154654147105271,0.007526633043422493,2.1644507170526097,0.011909882133370076
9688040100,9.051315026505597,2.1768590710976046,0.415468491119269,0.003076408741871539,2.1649149688793727,0.011944102218231833
9689040100,9.05222995383477,2.177250681871626,0.41544082321700443,-0.02766790226454141,2.1653792781860943,0.011871403685531856
9690040100,9.053144892330874,2.177657308816127,0.4154007823287298,-0.04004088827461416,2.1658436458884722,0.011813662927654622
9691040100,9.054059846986478,2.1780783930007055,0.4154143467209416,0.01356439221183603,2.1663080782900295,0.011770314710676022
9692040100,9.054974796167997,2.178569716018721,0.4154205509884177,0.006204267476095815,2.1667725779323064,0.011797138086414805
9693040100,9.055889742845647,2.178986078624804,0.41541964708713003,-0.0009039012876685959,2.167237133838114,0.011748944786690085
9694040100,9.05680468988809,2.1793824626686735,0.4153835983666648,-0.03604872046524399,2.1677017475193914,0.01168071514928215
9695040100,9.05771965147826,2.1797722343876678,0.41538515524205116,0.0015568753864050322,2.1681664204372666,0.011605813950401167
9696040100,9.058634612440168,2.18023174210533,0.41539686759459127,0.011712352540078186,2.168631159800867,0.011600582304462925
9697040100,9.059549568675582,2.180674769248679,0.41541206926772084,0.015201673129573656,2.1690959579077713,0.01157881134090788
9698040100,9.060464518776207,2.1810833740389524,0.4153924428939466,-0.019626373774219275,2.169560812680185,0.01152256135876728
9699040100,9.061379476797214,2.181482638799792,0.41538112879534195,-0.011314098604656486,2.1700257234061766,0.011456915393615485
9700040100,9.062294439383955,2.1818119059214065,0.4153871664619356,0.006037666593633695,2.1704906972323457,0.011321208689060835
9701040100,9.063209399534248,2.1822739120163823,0.41539803711146533,0.01087064952976835,2.1709557324597277,0.011318179556654595
9702040100,9.064124355297698,2.1826424088743632,0.41544420881742583,0.046171705960468934,2.171420825534245,0.011221583340118357
9703040100,9.065039292427391,2.182994385363301,0.4154240461342323,-0.020162683193613695,2.1718859754684345,0.011108409894866611
9704040100,9.065954237694484,2.1834312564679483,0.4154508598055248,0.026813671292524432,2.172351175021774,0.01108008144617445
9705040100,9.06686917213984,2.1837886059083065,0.4154861849170425,0.035325111517657604,2.1728164378096615,0.010972168098644985
9706040100,9.067784092327324,2.1841567173323604,0.4154791511213461,-0.007033795696361089,2.173281754195468,0.01087496313689229
9707040100,9.06869901535387,2.1845699092626596,0.41551212089064465,0.032969769298551554,2.1737471224338485,0.010822786828811104
9708040100,9.069613925072385,2.1850259491779482,0.4155399301080109,0.027809217366218775,2.174212551224567,0.010813397953381099
9709040100,9.070528823565118,2.1854969322670277,0.41554533382214437,0.005403714133535686,2.174678032357086,0.01081889990994167
9710040100,9.071443719876445,2.1858819846296664,0.41552935859711776,-0.015975225026608086,2.1751435668930448,0.010738417736621653
9711040100,9.072358622636676,2.1863404374413387,0.4155059275898094,-0.023431007308305496,2.1756091594378972,0.010731278003441425
9712040100,9.073273534855153,2.186750509826847,0.4155256520305327,0.019724440723314807,2.1760748143886666,0.010675695438180366
9713040100,9.074188439111623,2.1871946549864356,0.4155087218539759,-0.016930176556790855,2.176540533283191,0.010654121703244535
9714040100,9.075103350202182,2.1876330786185227,0.41551612515539665,0.007403301420807473,2.1770063072587895,0.010626771359733223
9715040100,9.076018258304334,2.188038900840054,0.41550656286794624,-0.00956228745041443,2.1774721438526257,0.01056675698742815
9716040100,9.076933170266377,2.188455133359225,0.41549994747928903,-0.0066153886572850595,2.177938038068479,0.010517095290745626
9717040100,9.077848084898726,2.1888020437590257,0.41550978175090714,0.00983427161807704,2.178403993398401,0.010398050360624467
9718040100,9.078762995561451,2.1892696721075,0.41551454087636097,0.004759125453850821,2.178870009241823,0.010399662865676618
9719040100,9.079677904303116,2.1896347597390995,0.4155542295291371,0.039688652776169064,2.1793360822211767,0.010298677517922794
9720040100,9.080592797023309,2.1900684434356403,0.41553358466480417,-0.020644864332950874,2.1798022133841144,0.010266230051525937
9721040100,9.081507698077578,2.190462363316628,0.4155644413377632,0.030856672959028053,2.1802683955496,0.010193967767027967
9722040100,9.082422586675246,2.190821452426105,0.4155610904764635,-0.003350861299670882,2.1807346411318704,0.010086811294234721
9723040100,9.083337476625672,2.191189900244905,0.4155777978827353,0.01670740627182621,2.18120093953997,0.009988960704935046
9724040100,9.084252359831137,2.1915666261257893,0.41561216150627417,0.03436362353887468,2.181667297815782,0.009899328310007505
9725040100,9.085167229162826,2.191991706797824,0.41564207152992205,0.029910023647873984,2.182133711835686,0.009857994962138239
9726040100,9.086082086417932,2.1923850617041416,0.41566804977085164,0.02597824092956813,2.182600177968002,0.009784883736139616
9727040100,9.086996933183302,2.1927745645572467,0.41566995944333274,0.0019096724810703236,2.1830666971312063,0.009707867426040462
9728040100,9.087911779177542,2.1931487631917634,0.41568790484263024,0.017945399297503606,2.183533270136941,0.009615493054822455
9729040100,9.08882661792523,2.1935876647114747,0.4157079573301044,0.020052487474182534,2.1839999019452705,0.00958776276620421
9730040100,9.089741448575152,2.193997336785924,0.4157358761945178,0.02791886441341429,2.184466589257177,0.009530747528747163
9731040100,9.090656267950028,2.194478493317805,0.4157315269397067,-0.004349254811050862,2.184933331641588,0.009545161676216996
9732040100,9.091571089081398,2.1948781490233493,0.415741934084399,0.010407144692241133,2.1854001274802464,0.009478021543102955
9733040100,9.092485906009697,2.1953367527907157,0.4157165970061126,-0.025337078286407966,2.1858669834263544,0.00946976936436128
9734040100,9.093400733170558,2.195679563563945,0.41573217479520047,0.015577789087872773,2.186333896443017,0.009345667120927992
9735040100,9.094315554040287,2.196077045735731,0.41571832370715317,-0.013851088047307947,2.186800873903273,0.00927617183245788
9736040100,9.095230380503827,2.196509020183872,0.4157626496713452,0.044325964192086786,2.1872679073775743,0.009241112806297913
9737040100,9.09614518906555,2.1968807931306165,0.4157798070458864,0.017157374541221238,2.1877350029379983,0.009145790192618186
9738040100,9.097059990697488,2.1972526900241407,0.4157798195675361,1.252164969045566e-05,2.1882021485915217,0.009050541432618964
9739040100,9.097974792324369,2.1976435412523996,0.4158101486318475,0.030329064311397147,2.1886693499432504,0.008974191309149226
9740040100,9.098889581700814,2.1979642531127404,0.4158406341807879,0.030485548940410112,2.1891366105337156,0.008827642579024797
9741040100,9.099804358762771,2.198444661647625,0.4158618250004537,0.02119081966579195,2.1896039241117258,0.008840737535899201
9742040100,9.100719127264298,2.198892712028931,0.4159184052012864,0.05658020083269477,2.190071290646838,0.008821421382093408
9743040100,9.10163387290718,2.1993112007207927,0.41589513745939855,-0.023267741887869064,2.190538712059656,0.00877248866113689
9744040100,9.102548627950686,2.199775673496717,0.4158881149752159,-0.007022484182686917,2.1910061810458075,0.00876949245090941
9745040100,9.103463385831315,2.2002644601222903,0.415895995083011,0.00788010779514714,2.1914737140943323,0.00879074602795793
9746040100,9.104378140528333,2.200635642960037,0.41588092130050663,-0.01507378250443736,2.191941307856471,0.008694335103565987
9747040100,9.1052929013152,2.2010348241743674,0.4158536785642576,-0.027242736249052157,2.192408959259261,0.00862586491510653
9748040100,9.106207673107683,2.201435864638383,0.4158854594793777,0.03178091512010095,2.1928766730485343,0.008559191589848858
9749040100,9.107122432061136,2.2018606946605432,0.41590340946459753,0.017949985219829934,2.1933444517440392,0.008516242916503991
9750040100,9.108037183762645,2.202226389112873,0.4159205957545534,0.017186289955898104,2.1938122831570475,0.00841410595582559
9751040100,9.108951928520476,2.2026769772287262,0.41592599962697047,0.0054038724170677455,2.1942801701476533,0.008396807081072932
9752040100,9.109866671094954,2.203141196177814,0.415961203458178,0.03520383120757842,2.194748112876834,0.008393083300980209
9753040100,9.110781399445209,2.2034648118928173,0.4159540230361379,-0.007180422040133472,2.195216113783541,0.008248698109276198
9754040100,9.11169613069683,2.2038207664660288,0.4159400638501591,-0.013959185978785982,2.1956841667104996,0.008136599755529161
9755040100,9.112610867588748,2.2042371299199384,0.4159967211657721,0.05665731561297882,2.196152280424201,0.008084849495737512
9756040100,9.113525581586808,2.2046946606620783,0.4160374637639333,0.04074259816123771,2.1966204563317966,0.00807420433028172
9757040100,9.11444027911995,2.205158394147513,0.4160481366436001,0.010672879666780766,2.1970886798320883,0.00806971431542447
9758040100,9.115354972339713,2.2055658586983258,0.416038271061016,-0.00986558258408099,2.197556954216765,0.008008904481560997
9759040100,9.116269669546595,2.2059808099889167,0.41602533863077545,-0.012932430240518045,2.198025285709406,0.00795552427951085
9760040100,9.117184371979912,2.206378417410082,0.4160406909557116,0.015352324936186434,2.198493678564592,0.007884738845489903
9761040100,9.118099068208815,2.206828277522285,0.41605243747516063,0.01174651944905758,2.1989621334225227,0.007866144099762273
9762040100,9.119013759690393,2.2071834532759826,0.4160730286255681,0.020591150407491376,2.199430644433601,0.007752808842381498
9763040100,9.119928442849806,2.207562989475373,0.4160675588088285,-0.005469816739598343,2.199899212347777,0.007663777127596028
9764040100,9.120843128219951,2.2079897634326886,0.4161096864072111,0.04212759838264901,2.2003678353371825,0.007621928095506103
9765040100,9.121757796562713,2.2083482001891026,0.4161398394939423,0.0301530867312092,2.2008365188022694,0.007511681386833224
9766040100,9.122672452717026,2.208732060374563,0.4161464877585671,0.006648264624799616,2.2013052528887016,0.007426807485861442
9767040100,9.123587106183873,2.209159945204214,0.41618755052897544,0.04106277040830619,2.201774040078096,0.007385905126118253
9768040100,9.124501743050782,2.2096787483494533,0.4162160979903494,0.028547461373970684,2.2022428852432263,0.007435863106227014
9769040100,9.125416368376253,2.2102243109987625,0.41622274403816717,0.0066460478177248206,2.2027117812554593,0.007512529743303187
9770040100,9.12633099101469,2.210615863765266,0.4161838565374761,-0.03888750069110447,2.203180730710031,0.0074351330552353545
9771040100,9.127245629374986,2.2110265253323265,0.41613146277952984,-0.052393757946272324,2.203649738150105,0.007376787182221456
9772040100,9.12816028891541,2.2114325727647173,0.41615625786508476,0.024795085554904617,2.204118813021502,0.007313759743215353
9773040100,9.129074938432757,2.211790534722743,0.41617164909263143,0.015391227546674102,2.2045879581317998,0.007202576590943366
9774040100,9.129989581728125,2.2121960348587146,0.41618950870231913,0.017859609687675082,2.205057157482102,0.007138877376612562
9775040100,9.130904217803389,2.212612613475067,0.4162316606439761,0.04215194165695557,2.205526413025421,0.007086200449646363
9776040100,9.131818836836729,2.2129651395569323,0.41625019910398314,0.018538460007045288,2.2059957242530643,0.006969415303867965
9777040100,9.132733448374502,2.2133462022658787,0.41626333163118456,0.01313252720144753,2.206465086127661,0.0068811161382176245
9778040100,9.133648054602274,2.2137459600872433,0.41630874942069185,0.04541778950730535,2.206934503550503,0.006811456536740312
9779040100,9.134562642464614,2.214255412018236,0.4163401033802088,0.03135395951697628,2.2074039776467664,0.006851434371469622
9780040100,9.135477217647363,2.2146535170408144,0.41636227755277727,0.022174172568457884,2.2078735017173976,0.006780015323416766
9781040100,9.1363917838623,2.2150035795018193,0.4163295498019948,-0.03272775078245438,2.2083430786830327,0.006660500818786552
9782040100,9.137306363313034,2.21538752181476,0.4163526648968076,0.02311509481283114,2.2088127104520225,0.00657481136273752
9783040100,9.138220933415633,2.215793083663628,0.4164000678127005,0.047402915892885034,2.2092824084311005,0.006510675232527685
9784040100,9.139135484346168,2.2161084282019026,0.4164307354190017,0.030667606301236106,2.2097521610269766,0.006356267174925989
9785040100,9.140050022872122,2.2164468685271865,0.41645074894723244,0.02001352823071212,2.2102219631956963,0.006224905331490227
9786040100,9.140964553302446,2.216861411912487,0.41651620483244267,0.06545588521023937,2.2106918184153272,0.006169593497159731
9787040100,9.141879057252785,2.2172696853860008,0.41657040217939245,0.054197346949772296,2.211161728902354,0.006107956483646593
9788040100,9.142793539274782,2.2176343635938047,0.41658668636423535,0.016284184842978888,2.2116316852117386,0.00600267838206614
9789040100,9.143708014707645,2.2180433631420176,0.4166062517818222,0.019565417586776768,2.212101689682523,0.005941673459494368
9790040100,9.144622482223355,2.218480478557598,0.41664784956548995,0.0415977836677639,2.212571750200336,0.005908728357261861
9791040100,9.145536932905342,2.2189353417612576,0.41666743682440666,0.019587258916699213,2.213041866085838,0.005893475675419424
9792040100,9.146451375660241,2.2193642980570867,0.41667305983442393,0.005623010017283825,2.2135120327574427,0.0058522652996439994
9793040100,9.14736581613941,2.219761829932603,0.4166698649503887,-0.003194884035194079,2.2139822547968073,0.005779575135795856
9794040100,9.148280257911606,2.220208509644231,0.416679733735636,0.009868785247230782,2.2144525351136792,0.005755974530551988
9795040100,9.149194695689689,2.2205473646635965,0.4167054893666759,0.02575563103985612,2.21492287554803,0.0056244891155663446
9796040100,9.150109123043482,2.2209461440205676,0.4167067484598449,0.0012590931690290574,2.2153932733848833,0.005552870635684215
9797040100,9.151023549887656,2.221330515602534,0.41676221168603145,0.055463226186549086,2.2158637253197924,0.0054667902827416626
9798040100,9.151937954281616,2.221717238686328,0.41678788313759885,0.02567145156742079,2.2163342364572785,0.005383002229049527
9799040100,9.152852348283421,2.2221145155587325,0.41682096035706817,0.03307721946929654,2.216804795510466,0.005309720048266353
9800040100,9.153766728894226,2.2225607813988546,0.41685305345541335,0.03209309834515839,2.217275408686028,0.005285372712826586
9801040100,9.154681096511489,2.2229320079967625,0.4168800433932466,0.02698993783324699,2.2177460744429496,0.005185933553812916
9802040100,9.155595453200597,2.2233383877625923,0.4168826139377345,0.0025705444879289274,2.2182167929879633,0.005121594774629035
9803040100,9.156509808848865,2.22376361306741,0.41692292948126974,0.04031554353529643,2.2186875653867304,0.005076047680679707
9804040100,9.15742414817214,2.224228923408933,0.4169458241529867,0.022894671716945147,2.2191583967334516,0.005070526675481357
9805040100,9.158338478224005,2.2246499872758125,0.41695941674127046,0.013592588283783513,2.219629279160859,0.005020708114953365
9806040100,9.159252802771197,2.2251027214989714,0.4169530034957167,-0.006413245553798852,2.2201002163037593,0.005002505195212059
9807040100,9.16016712991562,2.2254657557747755,0.41696884059178285,0.015837096066180223,2.2205712101055397,0.00489454566923575
9808040100,9.16108145064628,2.2258410325356537,0.4169689073583067,6.67665239166837e-05,2.221042264744163,0.004798767791490466
9809040100,9.1619957713499,2.226293677851721,0.4170140705576552,0.045163199348489336,2.22151337558158,0.004780302270141146
9810040100,9.162910073761902,2.226655549313652,0.4170533322820163,0.039261724361081995,2.221984545912708,0.004671003400944063
9811040100,9.163824360270935,2.227040622717254,0.41705397652566856,0.0006442436522791084,2.222455766328334,0.0045848563889197
9812040100,9.164738646519005,2.2275126872884004,0.4171002514365456,0.04627491087706925,2.2229270380609343,0.004585649227466071
9813040100,9.165652914021578,2.2279800441316717,0.41713512343173204,0.03487199518643269,2.2233983691763797,0.004581674955292048
9814040100,9.166567167396565,2.228422809048164,0.4171265280676575,-0.008595364074572842,2.223869750148438,0.004553058899726015
9815040100,9.16748142425387,2.228821606901131,0.4171203195440846,-0.006208523572925451,2.2243411833595523,0.0044804235415787375
9816040100,9.168395683626446,2.2291947441244067,0.4171264904400182,0.00617089593366682,2.224812677893933,0.004382066230473658
9817040100,9.169309940498994,2.2295926860515256,0.41715482092271067,0.028330482692474845,2.22528423325819,0.004308452793335693
9818040100,9.170224185893506,2.230001222035684,0.4171962089714689,0.04138804875822988,2.225755846870271,0.004245375165413012
9819040100,9.171138414518415,2.230437797007612,0.41722537113558755,0.029162164118644363,2.226227514102309,0.004210282905303231
9820040100,9.172052631326464,2.230785576591878,0.4172493893436604,0.024018208072827285,2.2266992322263164,0.004086344365561434
9821040100,9.17296683840146,2.2311605056136825,0.41725948379013755,0.010094446477173946,2.227171003799725,0.003989501813957297
9822040100,9.173881041385663,2.2315710931131196,0.41731425063912486,0.05476684898726791,2.2276428299004998,0.0039282632126198536
9823040100,9.174795222173866,2.23206977476513,0.4173556638271834,0.04141318805856997,2.2281147134440253,0.003955061321104569
9824040100,9.175709386176246,2.232445743815675,0.41737939908988947,0.02373526270603321,2.228586645087127,0.0038590987285482825
9825040100,9.17662354055741,2.2327970379956317,0.417359057826079,-0.020341263810425225,2.229058627623658,0.003738410371973533
9826040100,9.177537703184045,2.2332485044735235,0.4174002903366881,0.041232510609066964,2.2295306647548685,0.003717839718655025
9827040100,9.178451849096405,2.233717189176987,0.4174541290658334,0.053838729145348374,2.2300027657110952,0.003714423465891681
9828040100,9.179365973182009,2.234083680071322,0.417457954827476,0.003825761642588965,2.2304749176063012,0.0036087624650207317
9829040100,9.18028009571651,2.234491188421014,0.4174532038802059,-0.00475094727007086,2.230947117800895,0.0035440706201192995
9830040100,9.181194220177217,2.2349487860694457,0.4174997854057943,0.04658152558842055,2.231419376770937,0.0035294092985087566
9831040100,9.18210832575121,2.2354268139333366,0.4175260170926691,0.026231686874815807,2.231891696317682,0.003535117615654837
9832040100,9.183022420688564,2.235836265988991,0.41752726386232225,0.0012467696531262007,2.2323640656903834,0.0034722002986078415
9833040100,9.183936515120351,2.2361766871329336,0.4175183091202416,-0.008954742080599765,2.232836489154181,0.0033401979787526237
9834040100,9.184850613183261,2.2365766437898578,0.4175437952706435,0.02548615040190061,2.2333089719486843,0.0032676718411734917
9835040100,9.185764700911415,2.2369617897188268,0.4176040906655554,0.06029539491195113,2.23378151621716,0.0031802735016666084
9836040100,9.18667876418713,2.2374125140866155,0.4176347942161859,0.030703550630460263,2.2342541147440187,0.0031583993425967627
9837040100,9.187592815009927,2.237837827288327,0.417673105165181,0.03831094899516341,2.2347267602315455,0.003111067056781547
9838040100,9.188506850293143,2.2382722660816405,0.41767869421733994,0.005589052158904373,2.2351994588856137,0.003072807196026872
9839040100,9.189420883309232,2.238692441810723,0.4176971102067128,0.01841598937287703,2.2356722091119927,0.0030202326987303074
9840040100,9.190334908854908,2.2391351548763474,0.4177110658093063,0.013955602593474836,2.2361450177783695,0.0029901370979779074
9841040100,9.191248928739311,2.2395499570763366,0.41773228742988866,0.02122162058244026,2.2366178821970166,0.0029320748793200124
9842040100,9.192162940014548,2.2399257512817408,0.4177423285610414,0.010041131152716432,2.237090803307346,0.0028349479743945416
9843040100,9.193076947216165,2.240329729740245,0.4177664697086736,0.024141147632196436,2.2375637795874646,0.002765950152780583
9844040100,9.1939909446235,2.240748952658827,0.4178103368026421,0.04386709396855171,2.2380368133879216,0.0027121392709053005
9845040100,9.194904924232198,2.241097193826661,0.41784027864091383,0.02994183827168939,2.2385099017514563,0.0025872920752045836
9846040100,9.195818891691282,2.2415005869441775,0.4178627332615755,0.022454620661705782,2.2389830405370503,0.0025175464071272025
9847040100,9.196732850038332,2.2418814685784527,0.4179209537638764,0.058220502300845745,2.2394562326708645,0.0024252359075882524
9848040100,9.197646784757486,2.242306177473991,0.4179517645634785,0.030810799602096317,2.2399294797282465,0.0023766977457446714
9849040100,9.198560706971298,2.2426375612606377,0.41799404329733153,0.04227873385302061,2.2404027741944468,0.0022347870661909575
9850040100,9.199474612023804,2.242976154759883,0.41801452927610333,0.020485978771803914,2.2408761218306807,0.0021000329292024666
9851040100,9.200388508760286,2.243343439765395,0.41808198832203713,0.06745904593379759,2.241349520227349,0.001993919538046285
9852040100,9.201302378109908,2.243790025915656,0.41814613750168333,0.06414917964621569,2.2418229739685387,0.0019670519471173264
9853040100,9.202216221412545,2.2442622827975764,0.4181961809379287,0.05004343624530527,2.242296473175678,0.0019658096218986287
9854040100,9.203130044393049,2.24473818446658,0.41820665036088783,0.010469422959136665,2.2427700185425365,0.0019681659240435856
9855040100,9.204043863121736,2.2450508607547817,0.41820431007484693,-0.00234028604092984,2.2432436130359115,0.0018072477188701974
9856040100,9.204957682800865,2.2455224525817523,0.4182001673441712,-0.004142730675721573,2.2437172649867065,0.0018051875950457763
9857040100,9.205871504162431,2.2459105535961372,0.41827798798393184,0.07782063976062137,2.2441909770958226,0.0017195765003146235
9858040100,9.206785293916994,2.2463399061690326,0.4182763851740327,-0.0016028098991531792,2.2446647497477485,0.0016751564212840186
9859040100,9.207699084322597,2.246718907047701,0.4183167293851065,0.04034421107373731,2.245138565685348,0.001580341362352744
9860040100,9.208612858340201,2.247106293621838,0.41833655838649136,0.019829001384789713,2.2456124416367196,0.0014938519851184218
9861040100,9.209526624302631,2.24750050839324,0.41838178299202095,0.04522460552953955,2.2460863687689567,0.0014141396242832727
9862040100,9.210440371892037,2.2479268248141575,0.41842301342136523,0.04123042934428245,2.246560351406238,0.0013664734079195107
9863040100,9.211354102729471,2.2483276714155496,0.41846101704033084,0.03800361896562876,2.2470343841987557,0.0012932872167938925
9864040100,9.212267818124614,2.2486865528969373,0.4184830903449001,0.022073304569281582,2.247508467988812,0.0011780849081253209
9865040100,9.213181524549942,2.249089743163595,0.41851807053237877,0.03498018747865217,2.247982603457558,0.0011071397060367083
9866040100,9.21409521675964,2.2495047774154027,0.4185742896271792,0.056219094800413316,2.2484567939660067,0.0010479834493959395
9867040100,9.215008886120067,2.249852080199286,0.41860852384967956,0.034234222500416855,2.2489310367942323,0.0009210434050537231
9868040100,9.215922541565178,2.250337085491359,0.41863698065664606,0.02845680696652142,2.249405327462174,0.0009317580291847705
9869040100,9.216836185442524,2.2506033034611663,0.41869958109320105,0.0626004365549786,2.249879670608685,0.0007236328524813374
9870040100,9.217749803870033,2.251044694039628,0.4186933351906547,-0.006245902546348603,2.250354067454829,0.0006906265847987925
9871040100,9.218663424836937,2.2514134821452054,0.41879692615681036,0.10359096615563423,2.2508285107936956,0.0005849713515098109
9872040100,9.21957700368227,2.25184008315246,0.418813020170521,0.016094013710688415,2.2513030151626694,0.000537067989790696
9873040100,9.220490575982666,2.2522140996178712,0.41886565736825404,0.052637197733013785,2.2517775573672445,0.0004365422506267258
9874040100,9.221404126875493,2.2525246347044057,0.4188895029153439,0.02384554708978559,2.252252155887078,0.00027247881732783696
9875040100,9.222317668069493,2.2529541263792865,0.4189398700550934,0.050367139749515566,2.2527268030031244,0.00022732337616204745
9876040100,9.223231188775692,2.2534106549975093,0.41902233040644693,0.08246035135351981,2.2532015048005576,0.00020915019695166848
9877040100,9.224144675934555,2.2537559798540157,0.41904543022456564,0.023099818118701876,2.253676255674943,7.972417907264884e-05
9878040100,9.225058153694608,2.254192087387796,0.4190550725540018,0.009642329436196917,2.2541510488388248,4.1038548971084055e-05
9879040100,9.225971627531264,2.254528047154873,0.4191205968456591,0.06552429165730267,2.254625896844196,-9.784968932313731e-05
9880040100,9.22688507470429,2.254994327900893,0.4191408347003675,0.020237854708368808,2.255100802540799,-0.00010647463990576256
9881040100,9.227798513641186,2.2554151983360144,0.41921145317590214,0.07061847553463618,2.255575754108019,-0.00016055577200457805
9882040100,9.228711923835794,2.2557792822017757,0.4192169514389165,0.0054982630143278755,2.256050761128698,-0.00027147892692225284
9883040100,9.229625331792374,2.2561527108568797,0.41924529085728063,0.028339418364131674,2.2565258129403816,-0.0003731020835018306
9884040100,9.230538728213157,2.2565822456280284,0.41930226789171904,0.05697703443839064,2.257000923329322,-0.0004186777012935572
9885040100,9.231452101438746,2.2570088032656757,0.41935480518358215,0.05253729186308487,2.2574760874627238,-0.0004672841970481123
9886040100,9.232365453273923,2.257365984737614,0.41937940754837805,0.02460236479591682,2.257951299276563,-0.0005853145389487224
9887040100,9.233278795091447,2.257861875840647,0.41940561962849576,0.026212080117740122,2.258426559710262,-0.00056468386961539
9888040100,9.234192126235262,2.2582181733291007,0.41946678025932144,0.061160630825670026,2.258901874683332,-0.0006837013542311254
9889040100,9.23510543247168,2.258594208477406,0.41945857219202537,-0.008208067296119559,2.2593772438571165,-0.0007830353797104728
9890040100,9.236018742050996,2.2589498674650006,0.4195204261757468,0.06185398372141293,2.259852659824606,-0.0009027923596054421
9891040100,9.23693202643754,2.259421648040908,0.41957263348803336,0.052207312286529195,2.2603281372940067,-0.0009064892530985524
9892040100,9.237845289557624,2.2597275311339886,0.41963529926859444,0.06266578056105665,2.260803661412041,-0.0010761302780522009
9893040100,9.238758527147745,2.2601407108731077,0.41963993506639996,0.004635797805520703,2.2612792342232844,-0.0011385233501766123
9894040100,9.239671762849104,2.2604785347376417,0.4197278833316601,0.08794826526014798,2.261754853507778,-0.001276318770136342
9895040100,9.240584962714026,2.2608946139472565,0.4197623313896167,0.034448057956614875,2.262230531580105,-0.00133591763284846
9896040100,9.241498148540408,2.261391696485965,0.41983476248719814,0.07243109758142552,2.2627062507590097,-0.0013145542730446103
9897040100,9.242411304845579,2.2617323029055063,0.41986820574546657,0.03344325826841388,2.2631820223997288,-0.0014497194942224567
9898040100,9.243324447518447,2.2621238402361343,0.41986113094829947,-0.007074797167173408,2.263657838436284,-0.0015339982001498775
9899040100,9.244237593075262,2.2624654737161474,0.4199325868278681,0.0714558795686493,2.2641337071484493,-0.0016682334323019354
9900040100,9.245150709501925,2.262884228431157,0.4199787722524613,0.046185424593166324,2.2646096371471423,-0.0017254087159850329
9901040100,9.246063807097867,2.2633229924827156,0.4200502088386632,0.07143658620194504,2.2650856117488942,-0.0017626192661786
9902040100,9.246976875563849,2.2637486320142357,0.42008322154866967,0.03301271000653472,2.2655616363225377,-0.001813004308302002
9903040100,9.247889930566544,2.2641394278507687,0.4201063290973919,0.023107548722184568,2.266037705498878,-0.0018982776481091257
9904040100,9.248802976144894,2.2645757581986814,0.4201361220667712,0.029792969379308865,2.2665138274470706,-0.0019380692483892403
9905040100,9.249716009571552,2.2649472593415587,0.42018353392179364,0.04741185502249845,2.2669900042758293,-0.0020427449342705906
9906040100,9.250629023658611,2.2653434080898394,0.4202082856543709,0.02475173257728791,2.267466234565468,-0.0021228264756287807
9907040100,9.251542027648465,2.265715711707448,0.42026568817819954,0.05740252382857758,2.267942514568567,-0.0022268028611192037
9908040100,9.25245500821942,2.2660899172819016,0.4203109520185661,0.04526384036655795,2.2684188491084036,-0.0023289318265020675
9909040100,9.253367970321653,2.266522521079703,0.4203683737544821,0.0574217359160194,2.268895231236286,-0.0023727101565826914
9910040100,9.254280908991767,2.267080628906524,0.42042507265910506,0.05669890462295246,2.2693716635358534,-0.002291034629329225
9911040100,9.255193824521772,2.2673902132894446,0.4204526851949004,0.027612535795348947,2.2698481434176507,-0.002457930128206165
9912040100,9.256106728781413,2.267783801903332,0.4204174062514108,-0.035278943489624126,2.2703246710343272,-0.0025408691309953824
9913040100,9.257019647440424,2.268120304011565,0.42050674678377853,0.08934053236781558,2.2708012525831442,-0.0026809485715793002
9914040100,9.25793252963221,2.2685033639837577,0.42055427815260304,0.047531368824499154,2.271277901470114,-0.0027745374863563654
9915040100,9.258845392419563,2.2689705406386893,0.42063066673688854,0.07638858428547302,2.2717545911396613,-0.0027840505009719685
9916040100,9.259758224017352,2.269402039758765,0.42068398403987756,0.053317302988997284,2.272231330500979,-0.0028292907422140523
9917040100,9.260671033842456,2.2697364526197625,0.4206952869727953,0.011302932917730324,2.2727081133991867,-0.0029716607794241234
9918040100,9.261583839051555,2.2701117250675726,0.420724541009142,0.029254036346709533,2.2731849447524475,-0.0030732196848748394
9919040100,9.262496632313056,2.270477689717926,0.42080264723953903,0.078106230397057,2.27366183352526,-0.0031841438073341166
9920040100,9.263409393671475,2.270909919896237,0.42086055561895563,0.05790837941662286,2.274138775890485,-0.0032288559942479367
9921040100,9.264322131373184,2.2712936726052955,0.4209233666487366,0.06281102978089947,2.2746157614217246,-0.0033220888164291473
9922040100,9.265234843411895,2.2717151800270035,0.42095315600825184,0.02978935951526651,2.275092794427696,-0.003377614400692508
9923040100,9.266147543278166,2.2721272728680204,0.42100739440035306,0.05423839210125703,2.275569873859805,-0.0034426009917845057
9924040100,9.26706022097963,2.2725284960554335,0.42104288979321913,0.03549539286608372,2.276047006770753,-0.0035185107153195005
9925040100,9.267972884174258,2.2730288298204635,0.42108324929599017,0.04035950277103151,2.276524187938275,-0.0034953581178114312
9926040100,9.26888553087271,2.273449390349527,0.42112921966981026,0.04597037382010427,2.277001421367469,-0.0035520310179419923
9927040100,9.269798158779839,2.2738547795588793,0.4211256146849864,-0.0036049848238617344,2.277478706019888,-0.0036239264610089528
9928040100,9.270710788160649,2.274216483446458,0.4211620353780048,0.036420693018389017,2.277956040696605,-0.003739557250146852
9929040100,9.271623402652512,2.2745708781706813,0.4212062106339625,0.04417525595772798,2.2784334360000287,-0.0038625578293474128
9930040100,9.272535999083702,2.274989911909371,0.42127249024699226,0.0662796130296961,2.278910883374401,-0.003920971465030121
9931040100,9.273448568413704,2.2753680572260966,0.4213426965824742,0.07020633548194066,2.2793883811619864,-0.004020323935889802
9932040100,9.27436110903254,2.275888113565368,0.4213807255454274,0.038028962953164935,2.2798659246329116,-0.003977811067543691
9933040100,9.2752736340974,2.2762908396434476,0.4214394203573407,0.05869481191335968,2.2803435129440324,-0.004052673300584786
9934040100,9.27618613515329,2.2767219498230493,0.42142709714202276,-0.012323215317948666,2.2808211529817903,-0.004099203158741016
9935040100,9.277098641250221,2.2771092448435404,0.42147361474853856,0.046517606515831034,2.2812988403215684,-0.0041895954780279965
9936040100,9.278011128317528,2.2775537873408247,0.42150605710962374,0.032442361085192495,2.2817765901737985,-0.0042228028329738265
9937040100,9.278923602112005,2.277908831005762,0.4215606192161538,0.05456210653005833,2.282254389939556,-0.00434555893379418
9938040100,9.27983605358185,2.278364084477955,0.42158664905558796,0.02602983943414472,2.2827322426349035,-0.004368158156948354
9939040100,9.280748494400365,2.278789248661253,0.4216577003940512,0.07105133846325984,2.2832101435208507,-0.004420894859597624
9940040100,9.281660906141752,2.2791827281473545,0.42167871621901404,0.02101582496285559,2.2836880987129433,-0.004505370565588862
9941040100,9.282573309281718,2.279565535986294,0.42171490942351475,0.03619320450069452,2.284166098560309,-0.00460056257401531
9942040100,9.283485697607471,2.279917143017475,0.4217671363449729,0.052226921458156994,2.284644153791021,-0.004727010773545981
9943040100,9.284398064554159,2.2803186986594053,0.42182491727646854,0.05778093149563279,2.28512226115242,-0.004803562493014724
9944040100,9.28531040784535,2.280787298724511,0.42189857767784744,0.07366040137888685,2.2856004172056963,-0.004813118481185263
9945040100,9.286222720975575,2.2811910794762995,0.421947441320613,0.048863642765551774,2.286078620758225,-0.004887541281925589
9946040100,9.287135014095377,2.2815319643173426,0.421962825708392,0.01538438777896367,2.2865568683997246,-0.005024904082381987
9947040100,9.288047300914581,2.282012303614014,0.4220107907310944,0.04796502270236136,2.287035165451165,-0.005022861837151282
9948040100,9.28895956808857,2.2823979417968188,0.4220905032385607,0.07971250746635761,2.287513519102596,-0.005115577305777386
9949040100,9.289871802609763,2.282917872618125,0.42210051284691774,0.01000960835704845,2.2879919223591187,-0.005074049740993569
9950040100,9.290784033030292,2.2833869428805924,0.4221580833449012,0.0575704979834466,2.288470368399121,-0.005083425518528806
9951040100,9.29169623986397,2.283786476271502,0.42214844594581113,-0.00963739908998118,2.288948872198766,-0.005162395927264196
9952040100,9.292608450646338,2.284192296300961,0.42216428657303623,0.01584062722516677,2.28942742353885,-0.005235127237888992
9953040100,9.29352065493835,2.28460540053743,0.4222150774421582,0.05079086912196207,2.2899060368676665,-0.0053006363302365855
9954040100,9.294432838418354,2.2850126121093597,0.4222629015729702,0.04782413081199355,2.2903847067127323,-0.005372094603372624
9955040100,9.295345002299847,2.2854096394172223,0.4223072429896193,0.044341416649130494,2.2908634255610707,-0.005453786143848394
9956040100,9.296257148008193,2.2858594601682114,0.42235469825472705,0.04745526510771647,2.2913421940504115,-0.005482733882200108
9957040100,9.297169274265208,2.286296404140024,0.4224074339547325,0.05273570000547334,2.2918210129300256,-0.005524608790001384
9958040100,9.298081378904097,2.2867181389276436,0.42243385612456863,0.026422169836129328,2.2922998815300986,-0.00558174260245492
9959040100,9.298993472710702,2.2871394669551073,0.42246682539347885,0.03296926891021723,2.292778798713872,-0.005639331758764854
9960040100,9.299905553000018,2.2875177981359736,0.4225075379111284,0.040712517649533986,2.293257770146319,-0.005739972010345262
9961040100,9.300817616595973,2.2878933761006404,0.42254859622000235,0.04105830887394468,2.2937367944199067,-0.00584341831926638
9962040100,9.30172966335525,2.2882963940426158,0.42261138075893107,0.06278453892869074,2.294215869868456,-0.00591947582584007
9963040100,9.302641684365655,2.28858865854398,0.4226757744884078,0.06439372947676869,2.2946949964182473,-0.006106337874267176
9964040100,9.303553678963501,2.2890166035099466,0.4227266259970671,0.05085150865928245,2.295174169388094,-0.00615756587814742
9965040100,9.304465652700767,2.2893857805628928,0.4228332512529966,0.10662525592945826,2.2956533884290238,-0.006267607866131009
9966040100,9.305377582689987,2.289839774357617,0.42287216186031634,0.03891060731975049,2.2961326564585995,-0.006292882100982666
9967040100,9.306289496711711,2.2901798645139775,0.4229407011004226,0.06853924010622237,2.2966119614473044,-0.006432096933326914
9968040100,9.307201382604072,2.2906015155786035,0.42296690107159235,0.026199971169749148,2.2970913179954167,-0.006489802416813184
9969040100,9.308113257742503,2.2910358032753337,0.4230503571744311,0.0834561028387073,2.29757071971045,-0.006534916435116056
9970040100,9.309025098621724,2.2914172185779345,0.4230931709078984,0.04281373346726269,2.29805017572815,-0.006632957150215724
9971040100,9.309936921923198,2.2918227178743664,0.42312978381328903,0.03661290539069473,2.298529673690073,-0.006706955815706461
9972040100,9.31084873019143,2.292251240804155,0.4231930500531743,0.06326623988526947,2.2990092223680527,-0.006757981563897619
9973040100,9.31176051247969,2.2926277071604386,0.4232444477529356,0.05139769976130726,2.299488823101953,-0.006861115941514395
9974040100,9.312672273659054,2.292956284039359,0.423284461819587,0.04001406665140639,2.2999684701347505,-0.007012186095391559
9975040100,9.313584018403079,2.2934976592153538,0.4233507336837926,0.06627186420559195,2.3004481660291205,-0.006950506813766744
9976040100,9.314495735923453,2.293904321692715,0.423441276955497,0.09054327170438814,2.30092791324509,-0.007023591552374864
9977040100,9.315407416243314,2.2943039190326178,0.4234253234835438,-0.01595347195322816,2.3014077061065734,-0.0071037870739556475
9978040100,9.316319103118344,2.2947308567999447,0.42347689544443257,0.051571960888794344,2.3018875393617435,-0.0071566825617987995
9979040100,9.31723076880198,2.2951367863606333,0.4235321806427245,0.05528519829195222,2.302367436041841,-0.00723064968120779
9980040100,9.318142411765729,2.295505623090318,0.4235739332575937,0.04175261486913495,2.3028473815449715,-0.007341758454653569
9981040100,9.319054037569064,2.2959848881828315,0.4236263624191832,0.05242916158953559,2.30332737506701,-0.0073424868841782676
9982040100,9.31996564182165,2.296464945342406,0.4236975843193135,0.07122190013025342,2.3038074195360387,-0.007342474193632764
9983040100,9.320877216794813,2.296829758127801,0.42371361907027755,0.016034750964077027,2.304287512641263,-0.007457754513461978
9984040100,9.321788785175428,2.2971846064885115,0.42372928217770023,0.01566310742272048,2.3047676503122645,-0.007583043823752966
9985040100,9.32270034711607,2.2976517988304965,0.4238028204048722,0.0735382271719569,2.3052478444998385,-0.007596045669342022
9986040100,9.323611878818065,2.2979416321302124,0.42388161979432676,0.07879938945452558,2.3057280952879573,-0.007786463157744894
9987040100,9.324523378112572,2.298343232007355,0.4239043016103086,0.022681815981797193,2.3062083901397017,-0.007865158132346561
9988040100,9.325434868077776,2.298760576124159,0.42401606590234187,0.11176429203323313,2.306688727910988,-0.007928151786828597
9989040100,9.326346312066141,2.299175877733661,0.42407212584122084,0.05605993887894822,2.307169120764218,-0.007993243030557373
9990040100,9.32725773298866,2.2994849584940993,0.42412046729871417,0.04834145749330521,2.3076495493840525,-0.00816459088995325
9991040100,9.328169134018799,2.2998875073742204,0.4241699781471813,0.04951084846712206,2.308130025845113,-0.008242518470892524
9992040100,9.32908051467315,2.3003518730283896,0.42427296613219434,0.10298798501301132,2.3086105518210083,-0.008258678792618657
9993040100,9.329991852936473,2.300707867233199,0.424329400768975,0.056434636780662295,2.30909112705778,-0.008383259824580769
9994040100,9.330903167966557,2.3010831637127245,0.42435498406833494,0.025583299359980494,2.3095717399453832,-0.008488576232658751
9995040100,9.33181447246345,2.301486675664122,0.4244350211551562,0.08003708682131716,2.3100524005854766,-0.008565724921354434
9996040100,9.332725744003508,2.3019319781741685,0.42450564170918564,0.07062055402947642,2.3105331156780835,-0.008601137503915002
9997040100,9.333636986459325,2.3023394139502766,0.4245623361598182,0.05669445063256884,2.3110138733952823,-0.008674459445005667
9998040100,9.334548205562916,2.3026798188813222,0.42459822755383664,0.03589139401843955,2.311494675778892,-0.00881485689756989
9999040100,9.335459409881464,2.303089664274084,0.4246532213812447,0.05499382740807057,2.311975525853029,-0.008885861578944887
10000040100,9.336370591543668,2.3034742205018617,0.4247420353667338,0.08881398548906638,2.312456428139729,-0.00898220763786739
10001040100,9.337281736610487,2.3038664741561137,0.4247962973414342,0.05426197470036964,2.3129373784859766,-0.009070904329862906
10002040100,9.33819285931538,2.3043410497393233,0.4248634207166374,0.06712337520320766,2.313418369533352,-0.009077319794028593
10003040100,9.339103954354313,2.3047976909404873,0.42492689320395355,0.06347248731613497,2.3138994087947324,-0.009101717854245184
10004040100,9.340015023228283,2.305186272547189,0.42494924176114984,0.022348557196278485,2.3143804934697414,-0.009194220922552176
10005040100,9.340926082888739,2.30550595794619,0.42498062910313084,0.03138734198101023,2.3148616243505167,-0.009355666404326612
10006040100,9.341837129608546,2.3059922907683514,0.42504625444377414,0.06562534064331338,2.3153428103904474,-0.009350519622095987
10007040100,9.342748149268857,2.3064737239618665,0.4251466784691276,0.1004240253534654,2.3158240496237106,-0.009350325661844128
10008040100,9.34365912751343,2.3068740062234507,0.4251637951923892,0.017116723261608513,2.3163053345933022,-0.0094313283698515
10009040100,9.344570098698002,2.3073622969437424,0.4251833843016904,0.019589109301192842,2.316786657713056,-0.009424360769313633
10010040100,9.345481061802479,2.307776796937758,0.4252437300337544,0.06034573206396665,2.317268037135232,-0.009491240197474049
10011040100,9.346392000013417,2.308223462025215,0.42526008586507963,0.016355831325186365,2.3177494723241985,-0.00952601029898359
10012040100,9.34730293147675,2.308491965754052,0.42531349881332786,0.05341294824823706,2.3182309543958475,-0.009738988641795565
10013040100,9.348213840902861,2.308918203075977,0.4253509222901652,0.03742347683734781,2.3187124929431064,-0.009794289867129269
10014040100,9.34912473488717,2.309436465898514,0.42547788075375426,0.12695846358908014,2.319194079885605,-0.009757613987091407
10015040100,9.350035576475937,2.309881753057868,0.4255261073176603,0.04822656390601576,2.3196757187114656,-0.009793965653597692
10016040100,9.350946398157838,2.310348273362636,0.42552827382494807,0.0021665072877761204,2.320157389879448,-0.009809116516811933
10017040100,9.351857218945403,2.3107799565249114,0.4255670171029053,0.03874327795723698,2.320639110567967,-0.009859154043055707
10018040100,9.352768023738982,2.3111013019106283,0.42559519896919157,0.028181866286285384,2.321120890835335,-0.010019588924706557
10019040100,9.353678816897673,2.3114765514069524,0.42564092939035864,0.04573042116699444,2.321602722697804,-0.010126171290851804
10020040100,9.354589591175015,2.3118191334516256,0.4257421754703092,0.10124607995053925,2.3220846084635944,-0.010265475011968839
10021040100,9.355500323642715,2.3122023102670317,0.42581670971915553,0.0745342488463665,2.32256654430061,-0.010364234033578335
10022040100,9.356411025325478,2.312579205319162,0.4259078814370247,0.09117171786918021,2.3230485180752645,-0.010469312756102411
10023040100,9.357321689344639,2.3129550057602954,0.4259789723322652,0.07109089524061751,2.3235305356197387,-0.010575529859443211
10024040100,9.358232323990457,2.313394632437357,0.4260534362390383,0.0744639067730759,2.3240125932914175,-0.010617960854060637
10025040100,9.359142927864335,2.3138027392334886,0.4261286800293733,0.07524379033497919,2.3244946954770143,-0.010691956243525702
10026040100,9.36005350063886,2.3142222056133686,0.42617211790972037,0.04343788034697038,2.3249768414350562,-0.010754635821687675
10027040100,9.360964055457533,2.3145411464687053,0.4262314856950786,0.05936778535827969,2.3254590309909844,-0.010917884522279042
10028040100,9.36187458573265,2.314930672355744,0.42628532093385796,0.053835238779313066,2.3259412711049308,-0.011010598749186862
10029040100,9.362785093748677,2.315383389722195,0.4263897708124351,0.10444987857724275,2.3264235582886883,-0.011040168566493147
10030040100,9.363695558570608,2.3157895894256177,0.4264591372326605,0.06936642022537853,2.3269058937525706,-0.011116304326952875
10031040100,9.364605994701334,2.3162164548743993,0.4264969912894368,0.03785405677628706,2.3273882664048458,-0.01117181153044644
10032040100,9.365516415173088,2.316636211199014,0.4265582751178215,0.06128382838472479,2.327870683927081,-0.01123447272806688
10033040100,9.366426810290985,2.3170977514508104,0.4266093596126538,0.0510844948322422,2.3283531532252653,-0.011255401774454832
10034040100,9.367337184272,2.31748327297505,0.42666414998349095,0.05479037083715266,2.3288356691625367,-0.011352396187486846
10035040100,9.368247535580135,2.317884306022599,0.42669811366165195,0.03396367816105794,2.329318233974245,-0.011433927951645995
10036040100,9.369157872832343,2.3183232179551654,0.4267703052273848,0.07219156573286867,2.32980084684678,-0.011477628891614522
10037040100,9.370068180204454,2.3188052510621047,0.42683492822152597,0.06462299414115069,2.33028351234962,-0.011478261287515501
10038040100,9.370978460825079,2.3192451987297136,0.42688072559545187,0.04579737392589678,2.330766222093274,-0.011521023363560534
10039040100,9.371888722485012,2.319664146812079,0.42690498585587155,0.024260260419668,2.3312489777360774,-0.011584830923998535
10040040100,9.372798974100117,2.3200470933430837,0.42695039740148155,0.04541154560992933,2.3317317834101736,-0.011684690067089942
10041040100,9.373709206911382,2.3204917278255746,0.4270064614705431,0.05606406906163297,2.332214643846619,-0.011722916021044583
10042040100,9.37461941650526,2.3209480037539945,0.42708075352427055,0.07429205372743564,2.332697554401104,-0.011749550647109697
10043040100,9.375529595328727,2.321346683745212,0.42712430321341865,0.04354968914812751,2.3331805127328415,-0.011833828987629413
10044040100,9.376439756112372,2.3217166289670423,0.4271621094330352,0.037806219616439485,2.3336635148337805,-0.0119468858667382
10045040100,9.377349901233945,2.3221412869720273,0.427228904150073,0.06679471703779338,2.3341465674597153,-0.012005280487688008
10046040100,9.378260018681132,2.3225841789822903,0.4273103177291106,0.08141357903761026,2.3346296718741932,-0.012045492891902931
10047040100,9.379170102391557,2.3229712255919344,0.42736451770366146,0.054199974550852126,2.3351128217017205,-0.012141596109786157
10048040100,9.38008016363885,2.3233145246567064,0.4274097038977325,0.045186194070982566,2.335596013722842,-0.012281489066135798
10049040100,9.380990206156719,2.3237370684117185,0.4274830261797331,0.07332228200062652,2.336079253922449,-0.01234218551073063
10050040100,9.381900218278963,2.324121797520544,0.427578526205682,0.0955000259489065,2.3365625442839786,-0.01244074676343443
10051040100,9.3828101908045,2.3244490960920015,0.42763455046068527,0.05602425500324415,2.337045878612006,-0.012596782520004624
10052040100,9.383720140097113,2.324862210111436,0.4277097012324691,0.07515077178382246,2.337529252017564,-0.012667041906128329
10053040100,9.384630058220663,2.3252888698707195,0.42781389896137056,0.10419772890149481,2.3380126731917343,-0.01272380332101486
10054040100,9.385539933119317,2.325705750907893,0.4278753534648991,0.06145450352853832,2.3384961379178897,-0.012790387009996795
10055040100,9.38644978251984,2.326148102898097,0.4279301704844293,0.05481701953017026,2.338979639788004,-0.012831536889907014
10056040100,9.387359609173297,2.3265091724800833,0.42799002867866,0.05985819423070016,2.3394631882200905,-0.012954015740007208
10057040100,9.388269410984662,2.3269458413691373,0.4280372570702451,0.04722839158512393,2.3399467846763926,-0.01300094330725532
10058040100,9.3891791931932,2.3273665040206346,0.42812539573179564,0.08813866155057326,2.340430428043561,-0.013063924022926443
10059040100,9.390088938813086,2.3277718779613727,0.4281758521442017,0.050456412406054696,2.3409141211072892,-0.013142243145916499
10060040100,9.390998663484021,2.3281696286597415,0.42823446258449044,0.05861044028874929,2.3413978548362984,-0.013228226176556834
10061040100,9.391908363817635,2.3285874755914233,0.42830089443237584,0.0664318478853394,2.341881637545825,-0.013294161954401584
10062040100,9.392818036562396,2.3290812361027142,0.4283713344557269,0.07044002335104427,2.3423654674344228,-0.01328423133170853
10063040100,9.393727680049343,2.3295305065472744,0.4284318819178709,0.06054746214403206,2.3428493427725385,-0.013318836225264086
10064040100,9.394637298383822,2.329984694544151,0.428454475544623,0.02259362675208454,2.343333262671724,-0.01334856812757268
10065040100,9.395546907331662,2.3303839225794927,0.42849940578418444,0.0449302395614275,2.343817229315519,-0.013433306736026385
10066040100,9.39645649761162,2.3306824680742,0.42854196017718643,0.042554393002013136,2.3443012510937287,-0.013618783019528458
10067040100,9.397366070209134,2.330967674937485,0.42861219170564896,0.07023152846250813,2.3447853230697753,-0.013817648132290472
10068040100,9.398275613620042,2.331345175547583,0.4287331606563096,0.12096895066068569,2.345269445769439,-0.013924270221856272
10069040100,9.399185106748519,2.3318547581789595,0.4288612221161631,0.1280614598535692,2.3457536130698884,-0.013898854890928902
10070040100,9.40009454663196,2.3323075795109136,0.42894337233638336,0.0821502202201545,2.3462378137384867,-0.013930234227573113
10071040100,9.401003952351362,2.332671958708675,0.42895944746611325,0.016075129729935966,2.346722046192667,-0.014050087483992169
10072040100,9.401913351384836,2.3331332612346496,0.42900398196059,0.04453449447669566,2.347206320588402,-0.01407305935375236
10073040100,9.40282273189441,2.333561599632042,0.429092998283336,0.0890163227460965,2.3476906515591693,-0.014129051927127545
10074040100,9.403732075372686,2.3339578330731183,0.4291336272863815,0.04062900304546435,2.3481750328027076,-0.014217199729589236
10075040100,9.404641401946668,2.334440948436506,0.4291908755757958,0.05724828941434179,2.3486594544604955,-0.014218506023989441
10076040100,9.405550704699111,2.3347819944566583,0.4292643729269262,0.07349735113046219,2.3491439272541044,-0.01436193279744602
10077040100,9.406459976864264,2.3351470205819194,0.42929445759967194,0.03008467274575466,2.3496284474990716,-0.014481426917152262
10078040100,9.407369236507703,2.33554449280675,0.4293958876181643,0.10143001849231492,2.3501130115898263,-0.01456851878307619
10079040100,9.408278453928311,2.336003019019776,0.42948558858292696,0.08970096476265788,2.3505976291544535,-0.014594610134677666
10080040100,9.409187634000812,2.3364230952890734,0.42955926752552054,0.07367894259359087,2.351082284362356,-0.014659189073282342
10081040100,9.410096783390701,2.3368140912355626,0.429602490553644,0.04322302812347978,2.3515669798090535,-0.014752888573490885
10082040100,9.411005914778638,2.3372685385952114,0.429665087911384,0.06259735774000141,2.352051719046205,-0.014783180450993694
10083040100,9.411915020092405,2.337556992017267,0.42974243481233654,0.07734690095252184,2.3525365088350014,-0.01497951681773424
10084040100,9.412824093183335,2.3380454055946993,0.42978814196738985,0.045707155053308135,2.3530213448715536,-0.014975939276854255
10085040100,9.413733147230039,2.3384519223720552,0.4299172619803466,0.12912001295676934,2.353506223875879,-0.015054301503823808
10086040100,9.414642147467667,2.3388448696413553,0.42994641633035563,0.02915435000903699,2.353991152877022,-0.01514628323566658
10087040100,9.415551135553505,2.3392955178862587,0.430016700903259,0.07028457290338608,2.3544761133276246,-0.015180595441365963
10088040100,9.416460094340934,2.339829536941329,0.4300939699812829,0.07726907802388716,2.3549611274506645,-0.015131590509335435
10089040100,9.417369020913254,2.3403006606330776,0.43014248413948,0.04851415819708382,2.355446186097968,-0.01514552546489023
10090040100,9.418277927256225,2.3407007547696876,0.4301492372339097,0.006753094429707396,2.3559312877119147,-0.015230532942227093
10091040100,9.419186830783133,2.341182637686628,0.4301874874491666,0.03825021525686001,2.356416438689159,-0.015233801002531244
10092040100,9.42009571835879,2.3416304191629793,0.4302614472373227,0.07395978815609894,2.3569016483271383,-0.015271229164159017
10093040100,9.42100457508768,2.342037783272406,0.43029454861912325,0.033101381800564766,2.3573869096168636,-0.01534912634445762
10094040100,9.421913418009208,2.342350295749549,0.4303448015067179,0.05025288759465063,2.3578722146058304,-0.015521918856281403
10095040100,9.422822239967171,2.3427409220298725,0.43041544080915484,0.07063930243692962,2.358357572393153,-0.015616650363280637
10096040100,9.423731032453269,2.3431169949179056,0.43053387801753185,0.1184372083770544,2.3588429791586485,-0.015725984240742896
10097040100,9.424639775515256,2.3435786901254607,0.4306134723743753,0.07959435684348382,2.3593284303579516,-0.015749740232490872
10098040100,9.425548485355183,2.344022138964146,0.4307005844008904,0.08711202651509353,2.3598139153302675,-0.015791776366121724
10099040100,9.426457158828631,2.34446307797146,0.4307449497336804,0.044365332790016865,2.360299442728099,-0.015836364756638854
10100040100,9.427365813778326,2.3448069218312226,0.43079854362078146,0.0535938871011048,2.360785010869435,-0.015978089038212406
10101040100,9.428274446348706,2.3452895987237805,0.43085350205358824,0.05495843280680024,2.361270629288409,-0.01598103056462863
10102040100,9.429183055967263,2.3456980704130994,0.43095731674810844,0.10381469452017544,2.361756295925378,-0.016058225512278756
10103040100,9.430091622223085,2.3460774436498353,0.4309917450147172,0.03442826660877163,2.362242010474805,-0.016164566824969917
10104040100,9.431000174096276,2.3465603470653584,0.4310634543248946,0.07170931017747595,2.3627277620240257,-0.016167414958667248
10105040100,9.431908696008986,2.347060044416428,0.4311499441178853,0.08648979299068671,2.3632135660660687,-0.0161535216496409
10106040100,9.432817181779644,2.347388590350807,0.4311847008691467,0.03475675126135247,2.3636994142719914,-0.016310823921184436
10107040100,9.433725653024359,2.3477962052830135,0.4312110550362845,0.026354167137785822,2.3641853033345015,-0.016389098051488027
10108040100,9.434634113254104,2.348195479058807,0.43132332002631735,0.11226499003288026,2.36467124481457,-0.01647576575576304
10109040100,9.43554252655458,2.348544557508075,0.4313962333793114,0.0729133529940551,2.365157240592648,-0.0166126830845732
10110040100,9.436450909369515,2.348988391930139,0.4314735179035214,0.0772845242100102,2.3656432714550064,-0.01665487952486755
10111040100,9.437359259866025,2.3494513991500012,0.43157619153796045,0.10267363443912814,2.366129346196871,-0.016677947046869868
10112040100,9.438267567418633,2.349867685032135,0.4316315936063942,0.05540206843376527,2.3666154638361903,-0.01674777880405509
10113040100,9.439175851794996,2.3501452494289605,0.43167747694549496,0.0458833391007758,2.3671016186840816,-0.016956369255121118
10114040100,9.440084116974957,2.3504987628204423,0.43174687929567757,0.06940235018261642,2.3675878213192227,-0.017089058498780396
10115040100,9.440992353115135,2.350926735769272,0.43188608355861596,0.13920426293839405,2.3680740738727835,-0.017147338103511434
10116040100,9.441900530995373,2.351430774800153,0.4319876037617601,0.10152020314413157,2.368560371075155,-0.01712959627500199
10117040100,9.442808666376152,2.351860929178774,0.4320520331591428,0.06442939738272013,2.369046697277277,-0.017185768098502585
10118040100,9.443716774779963,2.3522957377129776,0.4320784085897174,0.02637543057460423,2.3695330609138026,-0.01723732320082494
10119040100,9.444624872139139,2.3527456942738088,0.4321418574821398,0.06344889242236462,2.3700194702960715,-0.017273776022262766
10120040100,9.445532942926686,2.353190863999007,0.43220310537133877,0.0612478891989614,2.370505933959116,-0.017315069960108787
10121040100,9.446440988060889,2.353700792451166,0.43225687940181606,0.05377403047724272,2.370992443586431,-0.017291651135264985
10122040100,9.447349010669326,2.354022344360223,0.4323131525120492,0.05627311023316395,2.3714789996697903,-0.017456655309567193
10123040100,9.448257009702328,2.3543539595544893,0.43233702274208674,0.0238702300375202,2.371965603885233,-0.01761164433074347
10124040100,9.449164998734107,2.3547624406520042,0.43245543541432946,0.11841267224272745,2.372452255670648,-0.017689815018643973
10125040100,9.450072938145329,2.355213166405271,0.43256915030213633,0.11371488780688122,2.372938962302925,-0.017725795897653995
10126040100,9.450980829892606,2.355730865250524,0.43264461611281907,0.07546581068273017,2.3734257025440897,-0.01769483729356569
10127040100,9.451888690001676,2.3561968529680843,0.4326990484290458,0.0544323162267073,2.3739124774383775,-0.01771562447029318
10128040100,9.452796527287388,2.356592825891692,0.43271994967793886,0.020901248893073543,2.3743992955752447,-0.017806469683552706
10129040100,9.453704355808537,2.3569324860050656,0.4327667697728066,0.046820094867712214,2.3748861616810117,-0.01795367567594619
10130040100,9.454612164695076,2.357357328872045,0.43284880303546497,0.08203326265838484,2.375373083297145,-0.01801575442509984
10131040100,9.455519939175115,2.357737945871461,0.4329593149814289,0.11051194596394165,2.3758600545955737,-0.018122108724112795
10132040100,9.45642766729443,2.3581966292545133,0.4330273846486006,0.06806966717168716,2.376347067651899,-0.018150438397385837
10133040100,9.457335366852405,2.358673107663176,0.4331178009206163,0.09041627201570268,2.3768341160497393,-0.018161008386563093
10134040100,9.458243028466134,2.359258744611211,0.43316925840160053,0.05145748098427472,2.3773212093370226,-0.018062464725811633
10135040100,9.459150668481815,2.3596552937760356,0.4332118620442585,0.042603642657957685,2.377808342477042,-0.018153048701006647
10136040100,9.460058290613818,2.3600842333192436,0.4331997093359825,-0.012152708275956492,2.3782955242417003,-0.01821129092245677
10137040100,9.460965917847314,2.360517846596621,0.4332823060968306,0.08259676084810508,2.3787827566257853,-0.018264910029164305
10138040100,9.461873510405487,2.3609391588117954,0.4333488495638822,0.06654346705158076,2.3792700519719823,-0.01833089316018688
10139040100,9.46278107502324,2.3613208823614174,0.4334131950090427,0.06434544516047502,2.3797573889265955,-0.018436506565178146
10140040100,9.463688612619661,2.3617307837487838,0.4334838438389917,0.07064882994902089,2.380244771104735,-0.018513987355951222
10141040100,9.464596120543368,2.362144099863581,0.43357452093073706,0.0906770917453974,2.3807321989994996,-0.018588099135918412
10142040100,9.465503590375794,2.3625846857988937,0.4336512870149376,0.0767660842005462,2.3812196711862192,-0.018634985387325553
10143040100,9.466411027954791,2.362991589507277,0.43372651619354397,0.07522917860636724,2.3817071831410708,-0.018715593633793937
10144040100,9.467318433920905,2.363298260202668,0.43378822419799784,0.06170800445387403,2.382194737998269,-0.018896477795600664
10145040100,9.468225813952182,2.363669120818301,0.4338669560693873,0.07873187138945781,2.3826823361006113,-0.01901321528231037
10146040100,9.469133160888763,2.3640567121911515,0.4339961879246587,0.1292318552714269,2.38316998049849,-0.019113268307338505
10147040100,9.470040453490942,2.364485434873973,0.43409358153514216,0.09739361048337791,2.3836576673431793,-0.019172232469206296
10148040100,9.470947705134819,2.3648021568930804,0.43418283118136547,0.0892496462233785,2.384145385214911,-0.01934322832183044
10149040100,9.471854919237732,2.3651827714234,0.4342516486765024,0.06881749513690583,2.3846331412995667,-0.01945036987616655
10150040100,9.472762104389096,2.3655408912836324,0.43437682767808966,0.12517900158723538,2.3851209374315623,-0.019580046147929853
10151040100,9.473669236866588,2.3659016110122555,0.43447029481094385,0.09346713285421249,2.3856087782276774,-0.019707167215421872
10152040100,9.474576330004925,2.3664261150077825,0.43457529105277337,0.10499624182949763,2.3860966509280637,-0.019670535920281118
10153040100,9.475483378942197,2.36676840518522,0.43467925761848664,0.1039665657132387,2.3865845627002145,-0.019816157514994437
10154040100,9.476390384102023,2.3671536338315105,0.4347012784021833,0.022020783696731883,2.3870725109256696,-0.019918877094159182
10155040100,9.477297379988247,2.3674998658806032,0.43481471563767304,0.11343723548974616,2.3875604958285592,-0.020060629947955988
10156040100,9.478204328095737,2.3679176652010216,0.43490690748996674,0.09219185229368154,2.3880485359722883,-0.02013087077126663
10157040100,9.47911123736426,2.368267464071029,0.43501890887746825,0.11200138750150224,2.3885366106371713,-0.020269146566142204
10158040100,9.480018099437999,2.3686707502011157,0.4350952844405728,0.07637556310458748,2.3890247246305343,-0.020353974429418553
10159040100,9.480924929322327,2.3691836133861286,0.43520595652336963,0.11067208279681218,2.3895128734515687,-0.020329260065440113
10160040100,9.481831712553172,2.3695297504199617,0.43529007211534443,0.08411559197478713,2.3900010651745234,-0.020471314754561654
10161040100,9.482738460317913,2.369939285473619,0.4353193712878921,0.02929917254768899,2.390489292009814,-0.02055000653619521
10162040100,9.483645195727583,2.3704094356108225,0.43543233527180064,0.11296398390854989,2.390977559977742,-0.02056812436691935
10163040100,9.484551883494554,2.370803244008418,0.4355137782779441,0.08144300614344946,2.3914658815234375,-0.020662637515019622
10164040100,9.485458536905659,2.3712222888235224,0.43556497687401535,0.05119859607130017,2.3919542376418192,-0.020731948818296875
10165040100,9.486365168716103,2.3715873080136705,0.4356545527216753,0.08957584765996263,2.3924426354862156,-0.02085532747254515
10166040100,9.487271762728827,2.3720045580200595,0.4357316699296466,0.0771172079713347,2.3929310819270704,-0.020926523907010885
10167040100,9.488178324195093,2.372469807904891,0.43583607110282685,0.1044011731801433,2.393419568237327,-0.020949760332436007
10168040100,9.489084841591417,2.3728696147754453,0.43591451927519526,0.07844817236840473,2.393908097244452,-0.02103848246900686
10169040100,9.489991325866606,2.3732353343605457,0.4359690354150211,0.05451613982581449,2.3943966627360354,-0.021161328375489674
10170040100,9.490897787121577,2.3736676235678016,0.4360564688214567,0.08743340643566633,2.3948852706102315,-0.0212176470424299
10171040100,9.49180421145092,2.3741340745548842,0.436161212838504,0.10474401704726688,2.395373926310995,-0.021239851756110983
10172040100,9.492710591534742,2.374581638777368,0.4362328086907444,0.0715958522402973,2.3958626223412303,-0.02128098356386232
10173040100,9.493616941369629,2.375040911578955,0.43628738830789326,0.054579617148893256,2.3963513547513635,-0.02131044317240871
10174040100,9.494523268141746,2.375493993014762,0.43635151183366605,0.06412352577276259,2.3968401310861367,-0.021346138071374643
10175040100,9.495429567814838,2.375948457128289,0.43640986203927357,0.05835020560752113,2.397328955220601,-0.021380498092312017
10176040100,9.49633584282551,2.3763409045144166,0.4364714033130139,0.06154127374030249,2.397817824977846,-0.021476920463429305
10177040100,9.497242091821672,2.3767705561696975,0.4365323448705718,0.06094155755791064,2.3983067416720516,-0.021536185502354144
10178040100,9.498148315053456,2.377203154563025,0.4366245111989262,0.09216632835440652,2.3987957045737716,-0.02159255001074678
10179040100,9.499054499313509,2.37763266741691,0.4366982171189539,0.07370592002769705,2.399284713817817,-0.02165204640090712
10180040100,9.499960652402114,2.3779860985764296,0.43677058566282256,0.0723685438686692,2.3997737622759026,-0.021787663699472937
10181040100,9.500866774880082,2.3783719456583006,0.43684463565464077,0.07404999181816319,2.4002628541557023,-0.021890908497401718
10182040100,9.501772866031276,2.3788150854757637,0.43695701952593935,0.1123838712985652,2.400751989758774,-0.021936904283010428
10183040100,9.502678909629097,2.379297303388482,0.4370534238747407,0.09640434880139459,2.4012411686973856,-0.021943865308903465
10184040100,9.503584912425895,2.379741491380261,0.4371212956017581,0.06787172701739941,2.401730382208303,-0.021988890828041896
10185040100,9.504490886492425,2.38018711063828,0.43716965955849724,0.04836395673911387,2.4022196339336332,-0.0220325232953531
10186040100,9.505396840083828,2.3805795786010835,0.43723714771037964,0.0674881518824435,2.4027089303898137,-0.02212935178873021
10187040100,9.506302765100235,2.381043978356627,0.4373040299489634,0.06688223858373732,2.4031982760353756,-0.02215429767874877
10188040100,9.507208661794126,2.3814965658877343,0.43739770618521123,0.0936762362478678,2.403687666495358,-0.02219110060762386
10189040100,9.508114518812272,2.381872281338271,0.4374554889137083,0.057782728497050684,2.4041771019055,-0.022304820567228933
10190040100,9.509020351353092,2.3822594909137473,0.4375192739252609,0.06378501155265148,2.4046665761301576,-0.022407085216410216
10191040100,9.509926156870446,2.382713242345261,0.4376217419019052,0.10246797664433327,2.405156097380324,-0.022442855035063047
10192040100,9.510831918968005,2.3831494413424896,0.4377186909521834,0.0969490502782051,2.405645664279941,-0.02249622293745146
10193040100,9.511737639975607,2.3835510581732064,0.4377824635301044,0.06377257792099655,2.406135267965162,-0.022584209791955523
10194040100,9.512643333949807,2.3840080063473175,0.4378551375273459,0.07267399724149914,2.406624909691967,-0.022616903344649497
10195040100,9.513548997112776,2.3844564018460455,0.4379452976784275,0.09016015108160502,2.4071145970576993,-0.022658195211653798
10196040100,9.514454622044347,2.384823324405047,0.4380078804556589,0.06258277723140271,2.407604328019037,-0.022781003613989714
10197040100,9.515360220434069,2.385358981719386,0.43807484403930974,0.06696358365080712,2.4080940985617225,-0.022735116842336645
10198040100,9.516265790420075,2.3858000984382794,0.43818280957946504,0.10796554015529747,2.4085839150061332,-0.022783816567853776
10199040100,9.517171314602159,2.386220001865422,0.43820633901107453,0.023529431609503604,2.409073776344787,-0.022853774479365097
10200040100,9.518076828800579,2.386634603588373,0.4382772586767676,0.07091966569307573,2.4095636731628005,-0.02292906957442753
10201040100,9.518982312904376,2.3870437732029397,0.43835894271479797,0.08168403803036473,2.410053624838717,-0.023009851635777512
10202040100,9.519887762340066,2.387477606013889,0.4384434557337814,0.08451301898345953,2.410543620492028,-0.023066014478139163
10203040100,9.52079317590062,2.3878751253937343,0.43853086844773165,0.08741271395025318,2.4110336576463993,-0.023158532252665065
10204040100,9.521698552348338,2.3883231234419906,0.4386060827227077,0.0752142749760294,2.411523735646565,-0.023200612204574256
10205040100,9.522603896856777,2.388734132884577,0.43869965925337345,0.09357653066576344,2.412013853820344,-0.023279720935767134
10206040100,9.523509201621367,2.389126772733496,0.43876810077689166,0.068441523518187,2.41250401496654,-0.02337724223304427
10207040100,9.524414477312437,2.3894924866666543,0.4388552163928604,0.08711561596873363,2.412994214857573,-0.02350172819091867
10208040100,9.525319715991216,2.3899474250194888,0.4389517312981655,0.09651490530505846,2.413484459269334,-0.023537034249845323
10209040100,9.526224913656263,2.39030592630951,0.43906198048267225,0.11024918450677745,2.4139747439010826,-0.023668817591572466
10210040100,9.527130064460918,2.390759339119319,0.43912770825989245,0.06572777722018497,2.4144650665828564,-0.023705727463537496
10211040100,9.528035187323358,2.3911554027327053,0.4392419372363154,0.1142289764229405,2.4149554241439333,-0.023800021411227945
10212040100,9.528940261615434,2.3915397375801115,0.4393088017819986,0.06686454568324418,2.4154458268306414,-0.02390608925052984
10213040100,9.529845307471104,2.392015083028971,0.4394045521668553,0.0957503848567125,2.4159362634638875,-0.023921180434916423
10214040100,9.530750312598647,2.3924647035604876,0.4395063961115428,0.10184394468751101,2.4164267449510994,-0.023962041390611866
10215040100,9.531655274397016,2.3928359935357415,0.4395627874545633,0.05639134302048632,2.4169172646290242,-0.02408127109328273
10216040100,9.532560212199835,2.3932212362886,0.4396321421499044,0.06935469534120209,2.4174078210845273,-0.0241865847959275
10217040100,9.533465120487012,2.3936391017920924,0.4397409190451266,0.10877689522216194,2.417898424796178,-0.02425932300408551
10218040100,9.534369982472668,2.394090247319263,0.4398429539015378,0.10203485641126164,2.418389072771017,-0.02429882545175399
10219040100,9.535274801016863,2.394554945004272,0.439928845079169,0.08589117763118814,2.418879755905081,-0.02432481090080918
10220040100,9.536179582985481,2.3950179911542495,0.4399981928997873,0.0693478206183098,2.419370475745392,-0.024352484591142698
10221040100,9.537084335418415,2.3954761739413386,0.44006083503892063,0.06264213913329986,2.4198612360126432,-0.024385062071304642
10222040100,9.537989061167917,2.3958557444332493,0.44012437858727416,0.06354354835355558,2.4203520405237704,-0.024496296090521064
10223040100,9.53889375984639,2.39634071142488,0.44019044118245804,0.06606259518389468,2.420842890825476,-0.02450217940059618
10224040100,9.539798430376788,2.3968209322349403,0.44029605538013994,0.10561419768188429,2.4213337867071516,-0.0245128544722113
10225040100,9.540703055898689,2.397241210172511,0.44034900597572707,0.052950595587112126,2.421824727583907,-0.02458351741139575
10226040100,9.541607658851392,2.397751086979649,0.4404043735997724,0.05536762404532336,2.4223157043037844,-0.024564617324135618
10227040100,9.54251223820197,2.3981434757771956,0.4404898719791883,0.08549837941589633,2.422806729043785,-0.024663253266589358
10228040100,9.54341678110083,2.3985359170611833,0.44053055722974804,0.04068525055970085,2.4232978012436703,-0.024761884182487037
10229040100,9.54432130665146,2.3989905124882234,0.44063020758185034,0.09965035210227491,2.423788913926785,-0.0247984014385616
10230040100,9.545225789704752,2.39948307577644,0.440730049275145,0.09984169329464976,2.42428007746485,-0.02479700168841026
10231040100,9.546130230170098,2.3999701938536115,0.44079891246061076,0.06886318546577197,2.424771278200808,-0.02480108434719641
10232040100,9.547034641256275,2.400493624878632,0.4408488075893302,0.04989512871944779,2.425262516081993,-0.024768891203361232
10233040100,9.547939031052962,2.4009763481606394,0.44090145213579374,0.05264454646350902,2.425753798280489,-0.024777450119849664
10234040100,9.548843398384586,2.401434453346422,0.4409358980693352,0.03444593354147951,2.4262451291906473,-0.02481067584422547
10235040100,9.549747751015703,2.401896150122273,0.44099073944547057,0.054841376135361664,2.4267365081744963,-0.024840358052223177
10236040100,9.550652080239926,2.4023968278245778,0.44105798045416006,0.06724100868945548,2.427227939452166,-0.02483111162758833
10237040100,9.551556380761246,2.402791867170172,0.4411235112837291,0.06553082956905332,2.427719418293801,-0.02492755112362932
10238040100,9.552460653305747,2.403187669598008,0.44116955703433275,0.046045750603629365,2.4282109418210034,-0.025023272222995274
10239040100,9.553364906189795,2.4036493248058153,0.44126863727443855,0.09908024010578131,2.428702510427822,-0.02505318562200687
10240040100,9.554269116762406,2.4041106109673027,0.4413675500455894,0.09891277115084662,2.429194128635384,-0.025083517668081257
10241040100,9.555173285086243,2.4046660041087495,0.44143362115312584,0.06607110753646861,2.429685784127816,-0.025019780019066573
10242040100,9.55607742518409,2.4050488143153004,0.4414999561649192,0.06633501179337209,2.430177476935796,-0.025128662620495845
10243040100,9.556981536939238,2.405474917836267,0.44151912894383993,0.019172778920744094,2.430669214683018,-0.02519429684675112
10244040100,9.557885640501766,2.405896271562251,0.44162483351491083,0.10570457107090192,2.4311609973054153,-0.025264725743164185
10245040100,9.558789698890262,2.4063906191471958,0.44170904522456456,0.08421170965372138,2.431652835764826,-0.025262216617630173
10246040100,9.559693721282713,2.4068043308746248,0.44179580071968283,0.08675549511830027,2.432144709942836,-0.025340379068211405
10247040100,9.56059770658508,2.4071837087184673,0.44184607219780686,0.05027147812409183,2.4326366248298967,-0.025452916111429413
10248040100,9.561501670392053,2.407639759727449,0.4419368383655332,0.09076616772633628,2.4331285798284483,-0.025488820100999288
10249040100,9.562405595382875,2.4080872019237525,0.4420450166851077,0.10817831957447499,2.4336205834244247,-0.025533381500672192
10250040100,9.563309474101512,2.4085270277921103,0.442114954625999,0.06993794089126393,2.4341126261896378,-0.025585598397527498
10251040100,9.56421332289927,2.408969332056838,0.4421893057589856,0.07435113298659424,2.4346047040620142,-0.025635372005176293
10252040100,9.565117139883249,2.4094116312171723,0.44226758711353475,0.0782813545491603,2.435096825940768,-0.02568519472359565
10253040100,9.566020923366361,2.409825495343431,0.44234475090831565,0.0771637947808621,2.435588990794148,-0.025763495450717322
10254040100,9.566924673821452,2.4103022276163433,0.44242203847399253,0.0772875656768921,2.4360811977020056,-0.025778970085662323
10255040100,9.567828391190151,2.410704841461859,0.44251372126950905,0.09168279551660241,2.4365734469202636,-0.025868605458404748
10256040100,9.568732069302937,2.4111780502643723,0.4425740221807896,0.06030091128059922,2.437065738415587,-0.02588768815121467
10257040100,9.569635721592482,2.4115431561641656,0.442671582799601,0.09756061881137068,2.437558068825009,-0.026014912660843326
10258040100,9.570539332095741,2.4119603984405225,0.44273390364017656,0.06232084057554044,2.4380504454653114,-0.026090047024788898
10259040100,9.5714429159018,2.412327210301368,0.4428505535890334,0.1166499488568471,2.43854285963695,-0.026215649335581848
10260040100,9.572346449727545,2.412777774206358,0.44294130445906715,0.09075087003377202,2.4390353195607943,-0.026257545354436473
10261040100,9.5732499446613,2.413237592297677,0.44305754470908526,0.11624025001811678,2.4395278125447746,-0.026290220247097373
10262040100,9.574153389768524,2.4136693855952625,0.44313200932525737,0.0744646161721274,2.44002034462903,-0.026350959033767385
10263040100,9.575056802949979,2.414133227150637,0.443201931826388,0.06992250113066412,2.4405129098488807,-0.026379682698243645
10264040100,9.57596018614848,2.4145945301427942,0.4432860048360281,0.0840730096400426,2.44100551796085,-0.02641098781805562
10265040100,9.576863533290405,2.4150454939297608,0.4433541326959458,0.06812785991770642,2.441498170023184,-0.02645267609342339
10266040100,9.577766851209502,2.4154727298439607,0.44342361451079515,0.06948181484932991,2.4419908627221503,-0.026518132878189604
10267040100,9.578670139320684,2.415888558345322,0.4434983697043797,0.07475519358458182,2.4424835997834684,-0.026595041438146616
10268040100,9.579573395356785,2.4162246511502787,0.44358514201781785,0.08677231343813041,2.4429763808871563,-0.02675172973687756
10269040100,9.580476614155312,2.416659222224006,0.44367779396406487,0.09265194624705053,2.4434692047952566,-0.026809982571250668
10270040100,9.581379793185565,2.4170582178937887,0.4438106486229265,0.1328546588616577,2.4439620686892134,-0.026903850795424678
10271040100,9.582282915178116,2.4175201200624272,0.4438944007259717,0.08375210304517022,2.444454971185447,-0.026934851123019854
10272040100,9.583186001205682,2.4179901099993972,0.4439961476457805,0.1017469198087868,2.4449479028547003,-0.026957792855303087
10273040100,9.584089043532373,2.418391816062585,0.44406651796167235,0.07037031589191223,2.4454408751944037,-0.027049059131818876
10274040100,9.584992055629147,2.4187990372963184,0.444132910693429,0.06639273175668858,2.4459338839788245,-0.027134846682506097
10275040100,9.58589503920061,2.419264907367713,0.44423364618987815,0.10073549644910695,2.4464269365600053,-0.02716202919229227
10276040100,9.58679797948396,2.4197411539342797,0.44433181766212915,0.098171472250983,2.446920033867869,-0.02717887993358925
10277040100,9.587700877572194,2.4201962856447428,0.44440074153336395,0.06892387123479882,2.4474131678387003,-0.02721688219395757
10278040100,9.588603746031035,2.420641122926708,0.4444645292633051,0.06378772994121817,2.4479063390659483,-0.027265216139240156
10279040100,9.589506587064616,2.421036764806618,0.44453896912853996,0.07443986523488011,2.4483995544110115,-0.027362789604393534
10280040100,9.590409396088452,2.4215208903478467,0.44461867502305746,0.0797058945174891,2.4488928150773255,-0.027371924729478803
10281040100,9.59131217083256,2.4219821656944265,0.4447231965168009,0.10452149374347997,2.4493861185593175,-0.027403952864891057
10282040100,9.592214900615616,2.422424729571076,0.44478351594360555,0.0603194268046332,2.449879463615094,-0.027454734044018103
10283040100,9.593117604447128,2.422795104838758,0.4448553453940452,0.0718294504396697,2.4503728444047077,-0.027577739565949777
10284040100,9.594020277370795,2.42324170525307,0.4449366500801946,0.08130468614939801,2.450866271315654,-0.02762456606258379
10285040100,9.594922915303853,2.423700302487641,0.44505431823478053,0.11766815458589441,2.451359741638157,-0.027659439150516274
10286040100,9.595825502586205,2.4241500470083888,0.4451339892616462,0.07967102686568772,2.4518532531387507,-0.027703206130361924
10287040100,9.596728055566766,2.4245718233729407,0.4452077522959598,0.07376303431359776,2.4523467972518844,-0.027774973878943676
10288040100,9.597630576784072,2.424996684866384,0.44528604559263973,0.07829329667992813,2.452840382913884,-0.027843698047499643
10289040100,9.598533064281963,2.425475314213327,0.44537848736044533,0.09244176780560309,2.4533340115114903,-0.02785869729816337
10290040100,9.599435511959845,2.4258667390109676,0.4454695455658171,0.0910582053717306,2.4538276819733156,-0.027960942962347968
10291040100,9.600337920406158,2.426223660495027,0.4455337708587783,0.06422529296122015,2.45432139095999,-0.028097730464963
10292040100,9.60124030117711,2.426687876731492,0.44564182225719323,0.10805139841488742,2.4548151387906003,-0.028127262059108205
10293040100,9.602142635379169,2.4271279843858786,0.4457674183870599,0.12559612986669677,2.455308931786444,-0.028180947400565426
10294040100,9.603044915437517,2.427469982014613,0.44583944887685906,0.0720304897991717,2.4558027596064242,-0.028332777591811187
10295040100,9.603947164437548,2.4279662213738558,0.4459236585100969,0.08420963323793362,2.4562966180999943,-0.028330396726138574
10296040100,9.604849377121887,2.428357861377336,0.44605724221468546,0.13358370458858815,2.456790519899389,-0.028432658522053345
10297040100,9.605751532184675,2.428733277659572,0.44611372203181254,0.05647981712711214,2.4572844621249885,-0.02855118446541649
10298040100,9.606653662879957,2.4291561968554483,0.44622272634436755,0.10900431255499399,2.457778433107972,-0.028622236252523692
10299040100,9.607555746538566,2.4295607763200344,0.44634009400563796,0.11736766127038756,2.4582724510533147,-0.02871167473328029
10300040100,9.608457779539632,2.4299274605871326,0.44643387588876693,0.09378188312900093,2.458766503545032,-0.02883904295789952
10301040100,9.60935977205418,2.4303531953883217,0.44653702385678257,0.10314796801561954,2.459260588595349,-0.028907393207027177
10302040100,9.610261720029623,2.430815285920329,0.4466593905044083,0.12236664762573302,2.459754711771364,-0.028939425851034706
10303040100,9.611163615154924,2.4312662708517783,0.4467523877245873,0.09299722017899015,2.460248870849586,-0.028982599997807945
10304040100,9.612065470105705,2.431779091806167,0.44682728916755327,0.07490144296599333,2.4607430612718915,-0.02896396946572466
10305040100,9.612967292693614,2.4322868853851274,0.44690784549382156,0.08055632626828846,2.461237289979614,-0.028950404594486834
10306040100,9.613869080469687,2.4327070799636514,0.4469574657668356,0.0496202730140034,2.4617315612514723,-0.02902448128782087
10307040100,9.614770846799804,2.433127628125984,0.44700959396501705,0.052128198181440766,2.462225873743588,-0.02909824561760388
10308040100,9.615672590597642,2.4335273797365433,0.4471056905093726,0.09609654435560522,2.462720234781891,-0.02919285504534752
10309040100,9.616574292851578,2.433991118076399,0.4472017821606697,0.0960916512970762,2.4632146437715328,-0.029223525695133645
10310040100,9.6174759535554,2.43445693807248,0.44730848537828094,0.10670321761124946,2.463709090287473,-0.02925215221499311
10311040100,9.618377568110905,2.4348947726485632,0.4473832754107454,0.0747900324644668,2.4642035743230757,-0.02930880167451244
10312040100,9.619279150314176,2.4353184330854716,0.44745710070300737,0.07382529226194556,2.464698093352915,-0.02937966026744343
10313040100,9.620180700577592,2.435794795003304,0.44754504957129415,0.08794886828678994,2.4651926549411165,-0.02939785993781241
10314040100,9.621082212784298,2.436237283642577,0.44764024859065205,0.09519901935786823,2.4656872593125456,-0.02944997566996843
10315040100,9.621983683789194,2.4366823457695452,0.4477091547460688,0.06890615541678624,2.466181903109476,-0.029499557339930593
10316040100,9.622885124966645,2.4370488139127957,0.44779512156383117,0.08596681776235116,2.4666765846034053,-0.029627770690609623
10317040100,9.623786528925592,2.437407329637487,0.4478799197249796,0.08479816114845118,2.4671713100339794,-0.029763980396492418
10318040100,9.624687896165465,2.437837391695047,0.44800429336088377,0.12437363590415451,2.4676660753432387,-0.02982868364819158
10319040100,9.625589209537676,2.4383743475667177,0.4481329356445793,0.12864228369552233,2.468160880803005,-0.029786533236287216
10320040100,9.626490467178755,2.4387797530755715,0.4482259543238982,0.09301867931895558,2.4686557169955776,-0.029875963920006132
10321040100,9.627391684512467,2.4391854051317416,0.44826545722320704,0.03950289930879958,2.469150582891981,-0.029965177760239214
10322040100,9.628292884726207,2.439724907080391,0.4483709290766146,0.10547185340753007,2.469645486956626,-0.029920579876235198
10323040100,9.629194039223115,2.4402322721642533,0.44847647524450185,0.10554616788726001,2.4701404419222257,-0.02990816975797239
10324040100,9.630095147960944,2.4407117204549995,0.4485150328226608,0.038557578158942896,2.4706354320816857,-0.029923711626686167
10325040100,9.630996239979801,2.441278976552294,0.4485696516802944,0.05461885763359664,2.4711304574077246,-0.029851480855430435
10326040100,9.631897308313052,2.4417784354656256,0.4486382776718462,0.06862599155182902,2.471625533852407,-0.029847098386781568
10327040100,9.632798346882657,2.4422084757977998,0.44866288096014034,0.024603288294129833,2.472120657589187,-0.029912181791387216
10328040100,9.633699374780585,2.442642104143523,0.44872139781611164,0.058516855971364024,2.4726158252780124,-0.029973721134489484
10329040100,9.634600377294632,2.443153877669794,0.4488147761933976,0.0933783772860286,2.473111047411976,-0.0299571697421821
10330040100,9.635501339295915,2.443568729791999,0.44890651097405465,0.09173478065712803,2.473606315906455,-0.030037586114456172
10331040100,9.636402261489872,2.4440203652904824,0.448959163334632,0.05265236057734324,2.4741016224438113,-0.030081257153328878
10332040100,9.637303160832474,2.4444905582772085,0.4490604563275113,0.1012929928793076,2.474596967408914,-0.03010640913170537
10333040100,9.63820401620645,2.4449035990431933,0.44914346426505763,0.08300793754637503,2.475092360123309,-0.0301887610801157
10334040100,9.639104835541971,2.4453706834231297,0.44921726773258436,0.07380346752670697,2.4755877889732965,-0.030217105550166767
10335040100,9.64000562283001,2.4457506192337166,0.4493198301544459,0.10256242186151976,2.476083258317182,-0.030332639083465285
10336040100,9.640906365574493,2.446063911066786,0.4493954477862086,0.07561763176264424,2.476578770348361,-0.030514859281574935
10337040100,9.641807075471657,2.4464743297685345,0.449514892198734,0.1194444125253975,2.4770743181903185,-0.03059998842178402
10338040100,9.642707733473225,2.4468920196869934,0.449668041017425,0.15314881869106145,2.4775699082751466,-0.030677888588153124
10339040100,9.643608324916679,2.44730924894075,0.4497728178659781,0.10477684855303337,2.4780655301186663,-0.03075628117791629
10340040100,9.644508870812192,2.4477340573516617,0.44987413084937183,0.10131298339373629,2.478561175645485,-0.03082711829382312
10341040100,9.645409372656154,2.4481573454271257,0.44997584283931236,0.10171198994049124,2.4790568564125266,-0.03089951098540089
10342040100,9.646309830265777,2.448577613796338,0.4500739246154991,0.09808177618673675,2.479552573239552,-0.030974959443213823
10343040100,9.647210245211008,2.448995533463031,0.45017292944690457,0.0990048314054599,2.4800483260221924,-0.03105279255916127
10344040100,9.648110617081548,2.4494372407461844,0.45027361307807046,0.10068363116586188,2.4805441156211785,-0.031106874874994084
10345040100,9.649010945137938,2.4498748959665315,0.45037564520853324,0.10203213046278137,2.481039941807097,-0.031165045840565675
10346040100,9.649911228784045,2.4503328886789264,0.4504659100620378,0.0902648535045305,2.481535804169127,-0.03120291549020049
10347040100,9.650811473133855,2.450696249102921,0.45055833544928425,0.09242538724648419,2.482031702375199,-0.031335453272277825
10348040100,9.651711677239192,2.4511202051642513,0.4506406858235154,0.08235037423115266,2.4825276392389313,-0.03140743407467994
10349040100,9.652611845480505,2.451549184156628,0.45077063682365615,0.12995100014077998,2.4830236142351154,-0.03147443007848727
10350040100,9.653511957115054,2.452004351890061,0.45087045310922486,0.09981628556871769,2.4835196297746656,-0.0315152778846044
10351040100,9.654412025259223,2.452434730007865,0.4509679122740476,0.09745916482273831,2.4840156744236417,-0.031580944415776635
10352040100,9.655312050931368,2.452901004930846,0.45105237337688625,0.08446110283871544,2.4845117554054426,-0.03161075047459638
10353040100,9.65621203978904,2.4533104635276572,0.4511493788596799,0.09700548279364796,2.4850078732778336,-0.03169740975017632
10354040100,9.657111986356535,2.453693912952542,0.4512285140710788,0.07913521139891788,2.485504031156559,-0.03181011820401691
10355040100,9.658011898418245,2.4540382325076395,0.4513362508472937,0.10773677621489419,2.4860002260200744,-0.031961993512434894
10356040100,9.658911763493803,2.45451811867941,0.45145723619274425,0.1209853454505323,2.4864964621577883,-0.031978343478378246
10357040100,9.659811575792794,2.454968789232113,0.45159811094335267,0.1408747506084289,2.48699273268463,-0.032023943452517134
10358040100,9.66071132662241,2.455390657927157,0.45167125234889877,0.07314140554611104,2.487489034402305,-0.032098376475147905
10359040100,9.66161104553042,2.4558231129410473,0.4517591084217251,0.08785607282634178,2.4879853625098427,-0.03216224956879543
10360040100,9.662510726088433,2.456230730700531,0.45186152753713726,0.10241911541212634,2.4884817333023754,-0.03225100260184455
10361040100,9.663410361930781,2.456760547809891,0.45195880266718125,0.09727513004396648,2.4889781432314457,-0.03221759542155489
10362040100,9.664309955294565,2.4571846983656,0.45206869357703644,0.1098909098551708,2.4894745887815013,-0.03228989041590147
10363040100,9.665209500660424,2.4576286990347076,0.45211743587932746,0.048742302291028494,2.4899710711833976,-0.03234237214868996
10364040100,9.666109024733245,2.4580114167815554,0.45221917454805666,0.10173866872922943,2.4904675873870517,-0.032456170605496215
10365040100,9.667008504354717,2.4585195136666145,0.4523111100920345,0.09193554397785153,2.490964152130747,-0.03244463846413259
10366040100,9.667907943799984,2.4589374555103776,0.45243393906115675,0.122828969122172,2.4914607526289174,-0.03252329711853985
10367040100,9.668807329556628,2.4593908158977364,0.452494073345637,0.060134284480262146,2.491957391238472,-0.03256657534073559
10368040100,9.669706689023592,2.4597690720761096,0.45259946159998893,0.1053882543519542,2.4924540604940297,-0.03268498841792011
10369040100,9.670606002408766,2.4601919110849164,0.4526872425232809,0.08778092329199172,2.492950775523237,-0.03275886443832077
10370040100,9.671505277403462,2.4606602639526196,0.4528128353555923,0.12559283231139506,2.4934475253927992,-0.03278726144017963
10371040100,9.672404497458809,2.461104646900817,0.4529163020145857,0.10346665899339325,2.4939443143477646,-0.03283966744694755
10372040100,9.67330367224303,2.461581936574938,0.45299708815900713,0.08078614442139909,2.494441133241743,-0.03285919666680526
10373040100,9.674202811673135,2.461962242130447,0.4530899791045795,0.09289094557233746,2.4949379874114825,-0.03297574528103553
10374040100,9.675101910444496,2.462444718837299,0.4531664734540619,0.07649434948243172,2.495434882333818,-0.03299016349651884
10375040100,9.676000975728147,2.4629282285838663,0.45329171341788177,0.12523996381986002,2.495931815074723,-0.03300358649085666
10376040100,9.676899986172863,2.4634134878735567,0.4533659156273831,0.07420220950130929,2.49642878959531,-0.033015301721753154
10377040100,9.677798964119939,2.463935663283396,0.4534396491364158,0.0737335090327651,2.4969257940895524,-0.032990130806156426
10378040100,9.678697909769744,2.464407623324352,0.4535125463511238,0.07289721470801602,2.497422840904857,-0.03301521758050496
10379040100,9.679596823483793,2.4648682368799135,0.4535669564090995,0.05441005797566323,2.4979199301506227,-0.033051693270709226
10380040100,9.680495713358068,2.4652766753650655,0.45364654562515677,0.0795892160572711,2.498417062025432,-0.03314038666036634
10381040100,9.681394568355522,2.465685098597511,0.4537319024350717,0.08535680991487116,2.4989142410061866,-0.03322914240867547
10382040100,9.682293385942407,2.466132363736851,0.4538435478141555,0.1116453790837042,2.499411460987485,-0.03327909725063405
10383040100,9.683192154586965,2.46668540776469,0.4539553989133617,0.11185109920621628,2.4999087205655997,-0.03322331280090962
10384040100,9.684090874187783,2.467092767409228,0.4540479488464067,0.09254993304503234,2.500406013357182,-0.03331324594795415
10385040100,9.684989553199408,2.467624294025553,0.4540875144394632,0.03956559305653595,2.5009033393013986,-0.033279045275845576
10386040100,9.685888214856588,2.4681002809766546,0.454200118733087,0.1126042936238143,2.5014007030728784,-0.03330042209622386
10387040100,9.686786827115043,2.46849377089542,0.45425059012875896,0.050471395671912944,2.50189811752994,-0.03340434663452019
10388040100,9.687685417228348,2.468998377545503,0.4543288995548456,0.07830942608668945,2.502395564934311,-0.033397187388807925
10389040100,9.68858397297758,2.4694120132702895,0.454448681885726,0.11978233088038692,2.5028930603707735,-0.03348104710048405
10390040100,9.689482476152767,2.469894832134602,0.4545129156445665,0.06423375884045068,2.5033905970739028,-0.03349576493930062
10391040100,9.690380951129598,2.470264384935952,0.45462282330134496,0.10990765677855396,2.503888164957093,-0.033623780021141414
10392040100,9.691279377848822,2.470778732351678,0.45469818447642885,0.07536117508386653,2.504385777515992,-0.03360704516431401
10393040100,9.692177771472634,2.4712530333859446,0.4548304571403636,0.13227266393471027,2.5048834236384074,-0.03363039025246284
10394040100,9.6930761069956,2.471723151476436,0.45489031587628154,0.059858735917961425,2.5053811117197604,-0.033657960243324236
10395040100,9.693974416220414,2.4721409307230986,0.4549702655564924,0.07994968021087523,2.5058788279036115,-0.0337378971805129
10396040100,9.694872690315362,2.4726030539147277,0.4550523759560265,0.08211039953410282,2.5063765898066706,-0.033773535891942874
10397040100,9.69577092832505,2.4730606181457473,0.4551608386023919,0.10846264636546277,2.5068743925341543,-0.03381377438840705
10398040100,9.696669118659106,2.4735010908245108,0.45524722104755816,0.08638244516620563,2.507372235554577,-0.03387114473006614
10399040100,9.697567271015501,2.4739057973938823,0.4553359836770773,0.0887626295191275,2.50787011244077,-0.033964315046887794
10400040100,9.698465384340818,2.474280828419398,0.4554334238240247,0.09744014694738024,2.508368028564945,-0.034087200145547225
10401040100,9.699363454811193,2.4747680066082016,0.4555489530637685,0.11552923974382967,2.508865983340506,-0.034097976732304414
10402040100,9.700261474459856,2.475276681126728,0.4556795852486335,0.13063218486497785,2.5093639746442307,-0.034087293517502726
10403040100,9.701159436628526,2.475650932119456,0.455754183742166,0.07459849353245485,2.5098619980541628,-0.034211065934706575
10404040100,9.702057365965942,2.4761343361257295,0.45581802882172373,0.06384507955776098,2.510360049872002,-0.03422571374627248
10405040100,9.702955267200776,2.4765874256170006,0.4559493474697843,0.13131864806058502,2.5108581437651445,-0.034270718148143864
10406040100,9.703853110621798,2.476984349007031,0.45602614002849773,0.07679255871340285,2.5113562823556634,-0.03437193334863231
10407040100,9.704750920227267,2.477376097306406,0.456118202291599,0.09206226310125132,2.511854449156832,-0.03447835185042614
10408040100,9.7056486892862,2.4778420403684933,0.4562385641974677,0.12036190586873374,2.5123526574799655,-0.034510617111472186
10409040100,9.706546405323245,2.47833036771756,0.45636174732969403,0.1231831322262984,2.512850903587598,-0.03452053587003778
10410040100,9.707444067082129,2.4787848834225947,0.4564479165789048,0.0861692492107764,2.513349180551856,-0.034564297129261234
10411040100,9.708341690864176,2.4792446603242384,0.45652292901216907,0.07501243326423968,2.5138474876697927,-0.03460282734555431
10412040100,9.70923928158103,2.4796836328719674,0.45661494992711454,0.09202091494545428,2.5143458339864075,-0.03466220111444018
10413040100,9.710136831728526,2.480063335887121,0.4567044369819245,0.0894870548099167,2.514844222226561,-0.034780886339439654
10414040100,9.711034342416477,2.480480229586977,0.4568044660068458,0.1000290249213327,2.5153426482212957,-0.034862418634318715
10415040100,9.711931808987867,2.48098646486211,0.45693438612130477,0.12992011445892615,2.5158411125840026,-0.03485464772189273
10416040100,9.712829218246197,2.4814705207902645,0.4570458932187243,0.1115070974195369,2.5163396127249804,-0.03486909193471588
10417040100,9.71372657830212,2.4818961724704787,0.4571127319473725,0.06683872864825435,2.5168381413091367,-0.03494196883865808
10418040100,9.714623908860165,2.4823099249436433,0.45719070351641106,0.07797156903855917,2.5173367028365234,-0.03502677789288011
10419040100,9.71552120500202,2.482781556143866,0.45729803950072945,0.10733598431837166,2.517835308251943,-0.03505375210807671
10420040100,9.71641845375748,2.483280362567374,0.45741151673847347,0.11347723774399832,2.5183339548212373,-0.035053592253863286
10421040100,9.717315652404082,2.483713856158652,0.457496129220364,0.08461248189052739,2.5188326353334993,-0.035118779174847514
10422040100,9.718212813680298,2.4842351590984997,0.4575671708102733,0.07104158990931353,2.5193313482709527,-0.03509618917245305
10423040100,9.719109943574958,2.4846847630462645,0.45767101546758576,0.10384465731242631,2.5198301007106885,-0.03514533766442396
10424040100,9.720007027589654,2.485129543831279,0.45773093010075405,0.05991463316831336,2.5203288959802705,-0.035199352148991725
10425040100,9.72090408512886,2.485521175747138,0.4578268140275307,0.09588392677663382,2.520827726016094,-0.035306550268956016
10426040100,9.721801100291515,2.48601092267239,0.457925235017305,0.09842098977423408,2.521326601606031,-0.03531567893364107
10427040100,9.72269807194777,2.4864550302708346,0.4580504677060616,0.12523268875661664,2.5218255139053305,-0.03537048363449591
10428040100,9.723594988233117,2.4869095505935115,0.4581266795755513,0.07621186948973868,2.5223244622820857,-0.03541491168857425
10429040100,9.72449187081494,2.4873251612631244,0.4582258388287291,0.09915925317776608,2.5228234401317593,-0.03549827886863488
10430040100,9.725388709537318,2.4878373183137903,0.4583198953713039,0.09405654257482876,2.523322459504662,-0.03548514119087187
10431040100,9.726285506649097,2.488287918981678,0.4584335943194319,0.11369894812804215,2.52382151474745,-0.035533595765771864
10432040100,9.727182253449886,2.4887132674582015,0.45849901180836017,0.06541748892823485,2.52432060710807,-0.0356073396498684
10433040100,9.72807897129864,2.489256713118921,0.4585953230309791,0.09631122261896152,2.5248197317404006,-0.0355630186214797
10434040100,9.728975646515634,2.4897384620862746,0.4587044240374471,0.10910100646798337,2.5253189005299106,-0.03558043844363601
10435040100,9.729872273429475,2.4902118988528086,0.4587544099766644,0.04998593921725547,2.525818105859557,-0.035606207006748214
10436040100,9.73076887820908,2.490651016556153,0.4588352974453572,0.08088746869284247,2.5263173445679072,-0.03566632801175418
10437040100,9.731665447166222,2.4910797242002913,0.4589204093076957,0.08511186233842238,2.526816631223788,-0.035736907023496745
10438040100,9.732561978423716,2.491468307990244,0.45902282501329905,0.10241570560344737,2.5273159582040456,-0.03584765021380143
10439040100,9.73345846430835,2.491930220720516,0.4591306071493662,0.10778213606715514,2.527815324460967,-0.03588510374045084
10440040100,9.7343549024325,2.49241853445127,0.45925869241579187,0.12808526642563756,2.5283147257173795,-0.03589619126610932
10441040100,9.735251283785887,2.492877498236721,0.45935020568885593,0.09151327306408508,2.5288141606390013,-0.03593666240228055
10442040100,9.736147624569176,2.493334945952504,0.4594285575366653,0.07835184780934679,2.5293136242005296,-0.03597867824802581
10443040100,9.737043930611186,2.4937864863937182,0.4595216796766317,0.09312213996645458,2.529813125424333,-0.03602663903061476
10444040100,9.737940195355602,2.4941854619143413,0.45961566278958554,0.09398311295382555,2.530312667556185,-0.036127205641843574
10445040100,9.73883641841272,2.4945510076091386,0.4597127159972292,0.09705320764366121,2.5308122469395364,-0.03626123933039782
10446040100,9.739732598412457,2.4949591996967486,0.4598362714986438,0.12355550141462857,2.5313118633539595,-0.036352663657210904
10447040100,9.74062872358493,2.495448571063731,0.45997682856994637,0.14055707130253658,2.5318115160323025,-0.0363629449685714
10448040100,9.741524786369128,2.4958563514121717,0.46009626349798394,0.11943492803758282,2.532311198407726,-0.036454846995554124
10449040100,9.742420796126504,2.496314271080938,0.4601751442568923,0.07888075890841151,2.532810906257531,-0.03649663517659274
10450040100,9.743316770855326,2.4967186960830032,0.46029501711726534,0.1198728603729391,2.533310644795854,-0.036591948712850986
10451040100,9.744212692341568,2.4972061698275563,0.46038991929947365,0.09490218220833668,2.533810424057304,-0.03660425422974756
10452040100,9.745108571667046,2.497563995572498,0.4605117798851145,0.12186058564082636,2.5343102338782657,-0.03674623830576751
10453040100,9.746004396843524,2.4978978672933394,0.46059215605142034,0.08037616630583155,2.534810080436529,-0.036912213143189376
10454040100,9.746900186297408,2.4983382293355647,0.46073765862780897,0.14550257638863773,2.535309957038841,-0.03697172770327617
10455040100,9.747795911069023,2.4986796690374082,0.4608954852480354,0.15782662022644978,2.5358098739633625,-0.03713020492595431
10456040100,9.748691565658351,2.499049258664491,0.46100020597843916,0.10472073040377783,2.5363098150434986,-0.0372605563790076
10457040100,9.74958717366819,2.4994499588931514,0.4611547169595976,0.15451098115845152,2.536809777201025,-0.03735981830787383
10458040100,9.750482712934035,2.499953775379849,0.4612954242618925,0.1407073022949632,2.537309773604619,-0.037355998224770204
10459040100,9.751378189578729,2.500346564590731,0.4614207919787822,0.12536771688970472,2.537809791873915,-0.037463227283184075
10460040100,9.752273610414148,2.5007753850679997,0.46149460490306954,0.07381292428738995,2.5383098354194757,-0.03753445035147607
10461040100,9.753168998384083,2.501104974460681,0.4616241586120663,0.12955370899674357,2.5388099080383455,-0.03770493357766469
10462040100,9.754064328657941,2.5015429582665365,0.46173585372880754,0.11169511674123456,2.5393100225403593,-0.037767064273822815
10463040100,9.75495960917689,2.5020344551282756,0.4618975263796332,0.16167265082570026,2.539810165052536,-0.0377757099242606
10464040100,9.755854817658511,2.5024605954968218,0.46200514014636584,0.1076137667326007,2.540310340005256,-0.037849744508434036
10465040100,9.756749978177133,2.502935518754726,0.46208603096161005,0.08089081524420294,2.5408105349426613,-0.037875016187935096
10466040100,9.757645102636237,2.5034701968472493,0.4621997581249314,0.11372716332134836,2.5413107633092764,-0.03784056646202716
10467040100,9.758540176388125,2.5039410498438923,0.46228916116839586,0.08940304346444172,2.5418110317536353,-0.037869981909743
10468040100,9.759435210269999,2.5043194970250573,0.46234863801412657,0.05947684573069889,2.5423113320858306,-0.037991835060773305
10469040100,9.760330217623725,2.504748966179423,0.46244010224638654,0.09146423225998301,2.542811670359338,-0.03806270417991531
10470040100,9.761225184175961,2.5051634665071534,0.46257803213922644,0.13792989283987112,2.543312054030949,-0.03814858752379546
10471040100,9.762120089184574,2.505563579795602,0.462690615573552,0.11258343432558071,2.543812475119058,-0.038248895323455656
10472040100,9.763014943946406,2.505973805663215,0.46281087397096504,0.12025839741305866,2.544312922020545,-0.038339116357330116
10473040100,9.763909745023538,2.5064329224305864,0.46293853946193414,0.1276654909690329,2.5448134010466923,-0.03838047861610594
10474040100,9.7648044890952,2.5069832029613552,0.4630613452319684,0.1228057700343177,2.545313910269414,-0.03833070730805854
10475040100,9.765699178317602,2.5074814879486826,0.46315980343532104,0.09845820335263156,2.5458144478252365,-0.03833295987655383
10476040100,9.766593823555457,2.5079226784133857,0.4632125944375757,0.052791002254663155,2.546315014914274,-0.03839233650088847
10477040100,9.767488445206249,2.5083876117793324,0.463291402542362,0.07880810478631872,2.5468156176103953,-0.03842800583106287
10478040100,9.768383031640873,2.508887029317172,0.4633988945364651,0.10749199410309096,2.5473162673254635,-0.038429238008291566
10479040100,9.769277570032697,2.509295596981227,0.46349461002211806,0.09571548565294297,2.547816957550822,-0.038521360569594876
10480040100,9.770172065636451,2.509780057273489,0.4635731062223448,0.07849620022676351,2.548317681104322,-0.038537623830833034
10481040100,9.771066526143624,2.5101714210464587,0.4636972283353137,0.12412211296885722,2.5488184409233448,-0.03864701987688601
10482040100,9.771960931143083,2.5106434124606625,0.4637834548659935,0.08622653067986086,2.5493192413110854,-0.03867582885042298
10483040100,9.772855297573711,2.5110309736215592,0.4639164688139083,0.13301394791482402,2.5498200708355654,-0.03878909721400614
10484040100,9.773749604494622,2.5115250189074065,0.46400924118579623,0.09277237188790988,2.5503209389775456,-0.0387959200701391
10485040100,9.77464386990031,2.5118661694324627,0.46414447460704994,0.13523342125370874,2.550821834004868,-0.03895566457240518
10486040100,9.775538074775858,2.512326736449853,0.4642264931079823,0.08201850093237883,2.551322765991106,-0.03899602954125303
10487040100,9.776432242932165,2.512737949170483,0.46438529703169057,0.1588039237082901,2.5518237242797355,-0.039085775109252374
10488040100,9.777326339975712,2.5131992908088794,0.46448448664296993,0.0991896112793782,2.5523247222056433,-0.03912543139676394
10489040100,9.778220392590484,2.5136837512526653,0.4646085527916791,0.12406614870916677,2.5528257404926116,-0.03914198923994627
10490040100,9.779114389621459,2.5141347803403864,0.46470764401533254,0.09909122365344558,2.553326794086857,-0.03919201374647052
10491040100,9.780008342247955,2.5145351997351924,0.4647952266762307,0.08758266089809918,2.553827876731855,-0.039292676996662834
10492040100,9.780902255619848,2.515002843087649,0.4648996396476522,0.10441297142151917,2.554328994688671,-0.03932615160102193
10493040100,9.781796122184824,2.5154320939563974,0.465029576518564,0.12993687091184825,2.554830150840875,-0.039398056884477395
10494040100,9.782689930487255,2.5158861209082835,0.46512598753394413,0.09641101538009256,2.5553313409509,-0.039445220042616747
10495040100,9.783583695550085,2.516339434052402,0.46524175564857156,0.11576811462745962,2.5558325585901542,-0.03949312453775233
10496040100,9.784477408680829,2.5168335379830515,0.46534524386761933,0.10348821904775463,2.556333812177943,-0.03950027419489155
10497040100,9.785371075377947,2.5173461697685973,0.4654492028457056,0.10395897808628352,2.556835096834792,-0.03948892706619489
10498040100,9.786264695420583,2.5178685590632295,0.46553279632650885,0.08359348080319595,2.5573364156400515,-0.03946785657682206
10499040100,9.787158277941314,2.5183184782061514,0.4656071203281086,0.07432400159973973,2.5578377684656104,-0.039519290259458995
10500040100,9.788051827095611,2.518801278542061,0.46567654051237667,0.06942018426807905,2.55833916043186,-0.03953788188979912
10501040100,9.788945345080494,2.5192785011731473,0.4657823182884919,0.10577777611522965,2.5588405938684744,-0.03956209269532707
10502040100,9.78983881556326,2.51976637099462,0.4658717134694973,0.08939518100534993,2.5593420700070233,-0.03957569901240321
10503040100,9.79073224589312,2.5201670450809726,0.46596396736089624,0.09225389139894169,2.559843579678219,-0.039676534597246516
10504040100,9.791625634778564,2.520679421804445,0.46605094170312494,0.08697434222870992,2.560345127003554,-0.03966570519910917
10505040100,9.792518984584431,2.521158994934585,0.46618173448646144,0.13079278333649746,2.56084671125495,-0.03968771632036461
10506040100,9.793412275609363,2.521580425432607,0.466256672829324,0.07493834286255208,2.5613483337571807,-0.039767908324573664
10507040100,9.794305532948593,2.522072364033491,0.4663480761930146,0.09140336369060442,2.5618499834430892,-0.03977761940959823
10508040100,9.795198749194105,2.5224643574476784,0.4664687249029788,0.12064870996425814,2.5623516744013735,-0.03988731695369507
10509040100,9.796091911186158,2.5231048575907904,0.46655415970241465,0.0854347994359177,2.5628534024690204,-0.039748544878229985
10510040100,9.796985034751923,2.5235850812562157,0.4666898051191871,0.13564541677245234,2.563355160249632,-0.039770078993416114
10511040100,9.797878097294618,2.524015306763035,0.4667009345432545,0.01112942406740558,2.563856956630378,-0.039841649867343065
10512040100,9.798771154829767,2.5244763436019992,0.46679226465166324,0.09133010840871059,2.5643587789105275,-0.03988243530852831
10513040100,9.799664171267896,2.524913470538217,0.46690874998262344,0.11648533096021652,2.5648606585643776,-0.039947188026160596
10514040100,9.800557135278767,2.5254160533831294,0.46700994001999097,0.10119003736760668,2.5653625753109424,-0.039946521927813006
10515040100,9.801450053736591,2.5258501070287247,0.4671232331347099,0.11329311471893355,2.5658645227778365,-0.0400144157491118
10516040100,9.802342921182037,2.52634350713009,0.4672038123844902,0.08057924978031483,2.5663665048244475,-0.040022997694357354
10517040100,9.80323575233817,2.5267522183486544,0.46731880938058945,0.1149969960992756,2.566868518377074,-0.040116300028419705
10518040100,9.804128531694726,2.5271809690978206,0.467404166128714,0.08535674812453298,2.5673705717101107,-0.0401896026122901
10519040100,9.805021272595312,2.5274905020405503,0.4675320738926731,0.12790776395912662,2.5678726560981815,-0.04038215405763124
10520040100,9.805913955857141,2.527981254665934,0.46765012408612605,0.11805019345296852,2.568374779041587,-0.04039352437565302
10521040100,9.80680658590935,2.5284275566455157,0.46782818764046613,0.17806355434010523,2.568876929746434,-0.04044937310091834
10522040100,9.807699135678144,2.528794264830932,0.4679156780303586,0.08749038989246571,2.569379110698179,-0.04058484586724731
10523040100,9.808591645989827,2.529197505733934,0.4680255206245458,0.10984259418714526,2.569881306657198,-0.040683800923263735
10524040100,9.809484106754152,2.529611903935907,0.4681754385949996,0.14991797045384025,2.570383540587631,-0.04077163665172412
10525040100,9.8103764998767,2.530003331288658,0.46830730717842245,0.13186858342283525,2.570885806807688,-0.04088247551902979
10526040100,9.811268833484629,2.5305080449278576,0.4684337889932079,0.12648181478546316,2.5713880951273964,-0.040880050199538776
10527040100,9.812161109994504,2.530943714243192,0.4685719890043642,0.13820001115625669,2.571890410113518,-0.04094669587032618
10528040100,9.813053324100025,2.531395193649292,0.46865355440819656,0.081565403832351,2.5723927531197965,-0.04099755947050454
10529040100,9.813945501366609,2.531810950124776,0.4687697893314219,0.11623492322534101,2.5728951211519515,-0.04108417102717565
10530040100,9.814837626125547,2.532212134853459,0.46887823349945457,0.10844416803274193,2.573397528599955,-0.04118539374649588
10531040100,9.815729701885342,2.5326924342538413,0.46900473214266464,0.12649864321009563,2.5738999666365316,-0.04120753238269037
10532040100,9.81662172047505,2.533125813095827,0.4691387344601777,0.13400231751298453,2.5744024372325782,-0.04127662413675104
10533040100,9.817513678487876,2.5335673408544586,0.4692332400639673,0.09450560378961281,2.574904935780193,-0.04133759492573441
10534040100,9.818405593769011,2.534081701235211,0.4693513581621505,0.11811809818315133,2.575407460353528,-0.04132575911831715
10535040100,9.81929745563062,2.534573574024325,0.46946553680850045,0.11417864634994768,2.575910021001228,-0.04133644697690286
10536040100,9.820189265842515,2.535008200182586,0.46954329358150626,0.0777567730058184,2.576412611696579,-0.0414044115139931
10537040100,9.821081040873795,2.535492893622603,0.46963233060996934,0.08903702846310324,2.576915233431496,-0.04142233980889287
10538040100,9.82197277561415,2.5359194728984504,0.4697501424647951,0.11781185482573076,2.5774178954843414,-0.04149842258589098
10539040100,9.822864457031566,2.5363913749392686,0.4698429767749327,0.0928343101376381,2.5779205949721806,-0.04152922003291204
10540040100,9.823756096422434,2.536853024329871,0.4699650391250761,0.12206235014340105,2.5784233245441897,-0.041570300214318845
10541040100,9.824647680543386,2.5373380191896615,0.4700645167898813,0.0994776648052822,2.578926090564824,-0.04158807137516263
10542040100,9.825539219610956,2.5377674943146222,0.4701692212373674,0.1047044474860348,2.5794288855619456,-0.041661391247323376
10543040100,9.826430711248408,2.5382722293005164,0.4702623030387773,0.09308180140995326,2.579931715292073,-0.041659485991556444
10544040100,9.827322160712484,2.5387517619692983,0.47038330878331547,0.12100574453817803,2.5804345784105713,-0.04168281644127303
10545040100,9.828213555339895,2.539146625147395,0.47046669754783765,0.08338876452223332,2.580937477878745,-0.04179085273135019
10546040100,9.829104912170084,2.539624565241165,0.47056275237935247,0.09605483151482108,2.5814404065481575,-0.041815841306992674
10547040100,9.829996225454282,2.540024895862765,0.470701372687812,0.1386203084594868,2.581943374028377,-0.041918478165611894
10548040100,9.830887475881141,2.5405262388670407,0.47079852399861116,0.0971513107991715,2.582446377072511,-0.04192013820547036
10549040100,9.831778682244558,2.5409910225342376,0.4709347031722975,0.13617917368634203,2.582949404776844,-0.04195838224260662
10550040100,9.832669826829099,2.541478494756373,0.47102039185414596,0.08568868184844725,2.5834524677431716,-0.041973972986798724
10551040100,9.833560932531748,2.54200040361989,0.4711244543941291,0.10406253998310433,2.583955555966085,-0.04195515234619496
10552040100,9.834451991006429,2.5424692139232103,0.47121721651693765,0.09276212280855578,2.5844586823669076,-0.04198946844369722
10553040100,9.835343007373613,2.5429290261875,0.47129274184308423,0.07552532614656826,2.5849618422298697,-0.042032816042369525
10554040100,9.836233989451934,2.543371440101895,0.47139490187951855,0.10216003643431293,2.5854650384425426,-0.04209359834064763
10555040100,9.837124925141019,2.5438413978679004,0.47150166587822023,0.106763998701636,2.5859682754179403,-0.042126877550039854
10556040100,9.838015812340345,2.544253562403018,0.47161727107935375,0.11560520113351913,2.58647154631867,-0.04221798391565201
10557040100,9.83890664702299,2.5447344087098194,0.4717191879436173,0.10191686426358881,2.586974849953805,-0.042240441243985405
10558040100,9.839797435397363,2.545149918921911,0.47185020006872763,0.13101212511035776,2.5874781840433343,-0.0423282651214234
10559040100,9.840688164229775,2.5456164273435524,0.47194693151075867,0.09673144203100659,2.5879815520903087,-0.042365124746756244
10560040100,9.841578849090185,2.5460690992772324,0.47207652369453695,0.12959218377822257,2.588484946611107,-0.04241584733387471
10561040100,9.842469475027755,2.5465891114145593,0.4721807037826505,0.10418008811354085,2.588988376399815,-0.04239926498525559
10562040100,9.843360053585986,2.5470263749093762,0.4722919212644096,0.11121748175914004,2.5894918330007712,-0.042465458091395014
10563040100,9.844250581553723,2.547500776505619,0.4723694489393967,0.07752767498707414,2.5899953229337775,-0.04249454642815875
10564040100,9.845141074249234,2.54793170776944,0.4724885000545402,0.11905111514351852,2.590498844378704,-0.04256713660926392
10565040100,9.846031512770471,2.548295177602781,0.4725890561146283,0.1005560600881319,2.5910024059933114,-0.04270722839053054
10566040100,9.846921905523786,2.5488198505622988,0.4727115126864691,0.12245657184078507,2.591505997084905,-0.04268614652260627
10567040100,9.84781224252904,2.5493469787017986,0.4728679949545598,0.1564822680906488,2.592009622402827,-0.04266264370102846
10568040100,9.848702508276686,2.5497665123570292,0.472943850677443,0.07585572288314246,2.59251327629703,-0.042746763940000765
10569040100,9.849592739473932,2.550253196952398,0.473018446149985,0.07459547254200416,2.5930169499862927,-0.04276375303389468
10570040100,9.850482936689795,2.5506099123481616,0.4731470170422596,0.1285708922745874,2.593520664232461,-0.04291075188429927
10571040100,9.851373075324569,2.5510616413395533,0.47324206680221936,0.09504975995977816,2.5940244193557724,-0.04296277801621917
10572040100,9.852263170642113,2.551517670963979,0.4734024156800086,0.16034887778924034,2.594528201431306,-0.043010530467326724
10573040100,9.853153192865298,2.5519248603139806,0.47351537534226296,0.11295966225435006,2.595032019092681,-0.043107158778700416
10574040100,9.854043163582558,2.5523784427191076,0.4736262980569951,0.11092271473209436,2.5955358554786763,-0.043157412759568636
10575040100,9.854933083711623,2.5528461933879627,0.47376184356532136,0.13554550832627577,2.5960397228029777,-0.043193529415014975
10576040100,9.855822942007986,2.5532909411190348,0.47387430858507634,0.11246501975491974,2.59654362158005,-0.04325268046101538
10577040100,9.856712748988016,2.55382256698052,0.4739797774955692,0.10546891049287144,2.5970475454367516,-0.04322497845623152
10578040100,9.857602507833723,2.554352832921953,0.47409687876701934,0.11710127145015647,2.597551500322229,-0.043198667400276225
10579040100,9.858492213224688,2.55481512941938,0.4741705011456988,0.0736223786794854,2.5980554880338076,-0.04324035861442743
10580040100,9.859381885002039,2.5552562040068816,0.47424476734099535,0.07426619529653511,2.5985595055527604,-0.0433033015458788
10581040100,9.860271522866945,2.555787244775922,0.4743531166040249,0.10834926302953729,2.5990635641154753,-0.04327631933955356
10582040100,9.86116111124713,2.5561688235984454,0.47447222331184885,0.11910670782395627,2.5995676635510243,-0.04339883995257887
10583040100,9.862050645217458,2.556544153263883,0.4745463134826534,0.07409017080458646,2.6000717950323917,-0.04352764176850865
10584040100,9.86294014533584,2.5568776526613943,0.4746953957549432,0.14908227228977022,2.600575955763194,-0.043698303101799674
10585040100,9.863829577323436,2.5572827049887827,0.47484787489262414,0.1524791376809489,2.601080157391305,-0.0437974524025222
10586040100,9.86471893960743,2.557771753077042,0.4750216310173838,0.17375612475965774,2.6015843804810963,-0.04381262740405445
10587040100,9.86560822243615,2.5581817548758186,0.47515981974957,0.13818873218610506,2.602088624132193,-0.04390686925637466
10588040100,9.8664974420547,2.5586826368503117,0.47525605127309917,0.09623152352920261,2.6025928828057765,-0.04391024595546478
10589040100,9.86738661764508,2.5590684189036907,0.4753920019663624,0.13595069326320353,2.6030971657042343,-0.04402874680054358
10590040100,9.86827573102081,2.559577802660173,0.4754825314860526,0.09052951969017986,2.6036014837001744,-0.04402368104000143
10591040100,9.869164802958712,2.5600496914090183,0.475630865586926,0.1483341008734973,2.604105826473141,-0.04405613506412287
10592040100,9.870053806984302,2.5605987597803743,0.4757174011427942,0.08653555586818484,2.6046102058033505,-0.04401144602297613
10593040100,9.870942771381985,2.561092017040564,0.4758227674622649,0.10536631947066866,2.6051146066657083,-0.04402258962514427
10594040100,9.871831687519455,2.5615856251406206,0.4758894654015364,0.06669793927155254,2.6056190451024754,-0.044033419961854836
10595040100,9.872720573102624,2.562111963938377,0.475984110045949,0.0946446444125737,2.6061235162116105,-0.04401155227323361
10596040100,9.873609415322331,2.5624867083765577,0.4760786173326302,0.09450728668122377,2.606628030038678,-0.04414132166212026
10597040100,9.874498214233565,2.562924531712286,0.47615673697948635,0.07811964685614115,2.607132579311191,-0.044208047598905065
10598040100,9.875386977340057,2.5633641527853817,0.4763109311385218,0.15419415903543499,2.6076371640568006,-0.044273011271418916
10599040100,9.876275669758497,2.5638306534006103,0.47643373710815146,0.12280596962966239,2.608141788532702,-0.04431113513209173
10600040100,9.877164305863227,2.5642138199311555,0.476555794081049,0.12205697289753914,2.608646432927184,-0.04443261299602863
10601040100,9.878052885984424,2.5646855552389454,0.47666449752972884,0.10870344867983484,2.6091511053950747,-0.044465550156129297
10602040100,9.878941416235767,2.565141291541792,0.4768151250693294,0.1506275396005332,2.609655806117729,-0.044514514575936914
10603040100,9.879829877366399,2.565542352606845,0.4769215482785193,0.10642320918983117,2.610160538562134,-0.044618185955289213
10604040100,9.880718289648868,2.5660402093934036,0.4770360848433391,0.11453656481977248,2.6106652917859385,-0.04462508239253493
10605040100,9.88160664934791,2.5665014445855645,0.4771781768010732,0.1420919577341042,2.6111700772996684,-0.04466863271410393
10606040100,9.882494943796722,2.5669128347294605,0.4772719009004713,0.09372409939808879,2.6116748929759446,-0.04476205824648405
10607040100,9.883383195196553,2.567339872564254,0.4773840380393097,0.11213713883837784,2.612179731610052,-0.04483985904579768
10608040100,9.884271395079747,2.567714223002151,0.47752129607817645,0.13725803886683874,2.612684605813744,-0.044970382811592824
10609040100,9.885159531890372,2.5681142442877327,0.47765090372912455,0.12960765094810078,2.6131895107697147,-0.04507526648198201
10610040100,9.886047609128562,2.568687459708558,0.47780713156369675,0.1562278345721717,2.6136944399025097,-0.04500698019395166
10611040100,9.886935614538876,2.569185933682428,0.4779507458785329,0.14361431483619747,2.6141993951948415,-0.04501346151241359
10612040100,9.88782355390143,2.5696395726708383,0.47800763968525867,0.05689380672577116,2.614704369670246,-0.0450647969994078
10613040100,9.888711467093643,2.5701668732026604,0.47810192680800173,0.09428712274305351,2.615209366606912,-0.045042493404251704
10614040100,9.88959933690879,2.5705907345503505,0.47821874537000164,0.11681856199989937,2.6157144086801587,-0.04512367412980822
10615040100,9.89048715297027,2.571120214417117,0.47829871121166895,0.07996584166729814,2.6162194861010377,-0.045099271683920694
10616040100,9.891374932228752,2.5716310624459395,0.47843057675136474,0.1318655396958217,2.6167245929620613,-0.04509353051612175
10617040100,9.892262650785835,2.572121779739907,0.47850959900558315,0.0790222542183967,2.6172297389030454,-0.04510795916313848
10618040100,9.893150332959364,2.5725825078338147,0.47859794531457817,0.08834630899503981,2.6177349103211647,-0.045152402487349974
10619040100,9.894037974449779,2.5729611627730726,0.47869639863781654,0.09845332323841394,2.6182401210502846,-0.045278958277211956
10620040100,9.894925570594681,2.573395949096018,0.4788099551818556,0.11355654403902626,2.6187453686407984,-0.045349419544780556
10621040100,9.895813114427161,2.5738467664176086,0.478964819919219,0.1548647373634111,2.619250650435365,-0.045403884017756635
10622040100,9.89670058689921,2.57436012797667,0.4790917770577085,0.12695713848945633,2.619755962463259,-0.04539583448658879
10623040100,9.897588000854546,2.5748225065673953,0.47921084280295134,0.11906574524281677,2.6202612938724315,-0.045438787305036143
10624040100,9.89847535991745,2.5753007397287755,0.47929863005979834,0.08778725684700373,2.6207666519682142,-0.045465912239438744
10625040100,9.89936267850007,2.5757003461895844,0.4794120081031288,0.11337804333044055,2.621272038808275,-0.04557169261869065
10626040100,9.900249944791915,2.5761189322189533,0.4795175275406281,0.10551943749933379,2.621777462596473,-0.04565853037751966
10627040100,9.901137162407183,2.5765961376996445,0.4796625904371363,0.1450628965082279,2.622282916601282,-0.04568677890163775
10628040100,9.902024313088178,2.577035722974354,0.47979835239362123,0.13576195648487843,2.6227884028766155,-0.045752679902261395
10629040100,9.90291140110959,2.577523320485415,0.4799048773212962,0.10652492767500288,2.6232939110137856,-0.045770590528370736
10630040100,9.903798439954029,2.577973271827553,0.4800303551286053,0.1254778073090792,2.6237994434406424,-0.04582617161308944
10631040100,9.904685420859034,2.578477145039275,0.4801318748324138,0.10151970380847875,2.6243050078345327,-0.045827862795257523
10632040100,9.905572354877048,2.578958131263167,0.4802523448303039,0.12046999789004342,2.624810599195687,-0.04585246793251985
10633040100,9.906459233244,2.579371934919035,0.4803458708133327,0.0935259830288544,2.6253162238187606,-0.04594428889972546
10634040100,9.90734606839779,2.579833660471683,0.48045090619803477,0.1050353847020693,2.62582187670235,-0.04598821623066707
10635040100,9.908232855011313,2.5802494000338356,0.480589730695462,0.1388244974272892,2.6263275649331135,-0.04607816489927785
10636040100,9.909119577454513,2.5806720786385275,0.4807046998434427,0.11496914798070268,2.626833285469388,-0.04616120683086056
10637040100,9.910006246741364,2.5810628530593926,0.4808428581013748,0.1381582579320746,2.62733902939139,-0.04627617633199721
10638040100,9.910892852134806,2.581514495653496,0.48097772466153543,0.1348665601606438,2.6278448029742982,-0.046330307320802344
10639040100,9.91177939514081,2.5819809564302134,0.48112878814238685,0.15106348085144727,2.62835060008684,-0.04636964365662655
10640040100,9.912665868247755,2.58245987380735,0.48124953761047273,0.12074946808593179,2.6288564215805863,-0.04639654777323621
10641040100,9.913552285467786,2.5829520767996863,0.4813629688992879,0.11343128881515252,2.62936226316155,-0.04641018636186356
10642040100,9.914438650176226,2.583498571544025,0.48147023577990977,0.10726688062184131,2.6298681328178617,-0.046369561273836624
10643040100,9.915324965216323,2.583992263236981,0.4815709012239339,0.10066544402416078,2.6303740324700193,-0.046381769233038384
10644040100,9.916211233635497,2.5844330959161472,0.48164435459969535,0.07345337576142441,2.630879963735701,-0.04644686781955398
10645040100,9.917097468030734,2.5849690839435358,0.48174424978705577,0.0998951873604419,2.6313859283499212,-0.046416844406385493
10646040100,9.917983656146394,2.5854856460025135,0.4818707214194502,0.12647163239442438,2.631891933501265,-0.04640628749875164
10647040100,9.918869785657419,2.5859590822744396,0.48194957568054336,0.07885426109315397,2.632397972189338,-0.04643888991489842
10648040100,9.919755878621654,2.586454835940322,0.4820381386474646,0.0885629669211978,2.632904037370775,-0.046449201430452725
10649040100,9.920641930532808,2.5870161627395882,0.4821483430124126,0.11020436494803221,2.6334101416383078,-0.046393978898719546
10650040100,9.921527931349377,2.5874860771701576,0.4822474289246338,0.09908591222119334,2.633916282415477,-0.04643020524531938
10651040100,9.922413886217077,2.5878429179521625,0.4823136361529371,0.06620722830328951,2.634422453962145,-0.04657953600998255
10652040100,9.923299810377813,2.588255463162615,0.4824256374645704,0.11200131163336557,2.634928659213447,-0.046673196050831756
10653040100,9.92418568258341,2.5886991857540225,0.4825944911817414,0.1688537171710287,2.635434906875563,-0.046735721121540674
10654040100,9.925071476440184,2.5892420226827997,0.4827357012949991,0.14121011325770816,2.635941184803407,-0.04669916212060743
10655040100,9.925957204755491,2.58962530272319,0.48286146296131616,0.12576166631707952,2.636447477904948,-0.04682217518175813
10656040100,9.926842874684725,2.5900864727590305,0.4829376019581424,0.07613899682615699,2.6369537934911165,-0.04686732073208599
10657040100,9.927728509258884,2.590576548220534,0.4830937767125674,0.1561747544249501,2.6374601356448686,-0.04688358742433474
10658040100,9.928614071297371,2.5910448005638065,0.4832111100972949,0.11733338472745203,2.637966517528877,-0.04692171696507064
10659040100,9.929499578825926,2.5914773342924926,0.48331404324716415,0.10293314986926827,2.6384729178785697,-0.04699558358607714
10660040100,9.930385038524472,2.5919401917783516,0.48342797348500366,0.11393023783952216,2.638979346994148,-0.04703915521579649
10661040100,9.931270445272046,2.5923746146649673,0.48355992520385305,0.1319517188493986,2.6394858086907647,-0.04711119402579733
10662040100,9.932155790678506,2.5927882512923253,0.4836768185430567,0.11689333920365819,2.6399923000343684,-0.04720404874204309
10663040100,9.933041081731242,2.593251315092307,0.4838080881422895,0.13126959923276615,2.640498816219072,-0.04724750112676501
10664040100,9.933926311731081,2.593760556375321,0.4839499490508158,0.1418609085262954,2.6410053612359405,-0.04724480486061955
10665040100,9.934811475734906,2.5942611452036077,0.48406719775154655,0.11724870073077742,2.6415119312453683,-0.047250786041760584
10666040100,9.93569658517927,2.5947946141501044,0.48416136486449346,0.0941671129469297,2.642018523411025,-0.04722390926092057
10667040100,9.936581650795944,2.595145476198705,0.48425988128959324,0.09851642509977765,2.6425251442712145,-0.047379668072509595
10668040100,9.937466670552249,2.595647072986329,0.4843419183066819,0.08203701708869993,2.6430317999638717,-0.0473847269775427
10669040100,9.938351652112958,2.5961614294177595,0.48451558777624054,0.17366946955863405,2.6435384893215286,-0.04737705990376906
10670040100,9.93923655279529,2.596714258197699,0.48461391689392735,0.09832911768679065,2.6440452167291113,-0.047330958531412115
10671040100,9.94012140767363,2.5972017159496854,0.4847058699566262,0.09195306269882053,2.6445519577402443,-0.04735024179055891
10672040100,9.941006219710353,2.597660789006667,0.48477850147130797,0.07263151468176154,2.6450587324327586,-0.047397943426091604
10673040100,9.941890997902224,2.5981528528825275,0.48488387397453814,0.10537250323016423,2.6455655424995186,-0.04741268961699108
10674040100,9.94277572698429,2.5985500800584798,0.48500355198641304,0.11967801187492721,2.64607239309122,-0.04752231303274046
10675040100,9.943660400277428,2.598979042744474,0.48510678442475097,0.10323243833793416,2.64657927546007,-0.04760023271559577
10676040100,9.944545025437701,2.599374844653009,0.48525767041200285,0.1508859872518835,2.647086185774029,-0.047711341121019935
10677040100,9.945429580229343,2.5997795253909595,0.4853928585120443,0.13518810004143322,2.6475931284146554,-0.04781360302369597
10678040100,9.946314071956264,2.6002622707098557,0.4855448654456134,0.15200693356915806,2.6481000906327488,-0.04783781992289304
10679040100,9.94719849275324,2.600815131935808,0.48569264731616846,0.1477818705549767,2.6486070766060728,-0.04779194467026482
10680040100,9.94808284457219,2.60130762986226,0.48580145725517476,0.10880993900630553,2.649114081817963,-0.0478064519557031
10681040100,9.948967145591137,2.60178757697143,0.4858751271479081,0.07366989273334568,2.649621107378419,-0.04783353040698879
10682040100,9.949851412209943,2.602181872906626,0.4859790179199423,0.10389077203420793,2.6501281637025293,-0.0479462907959034
10683040100,9.950735630308817,2.6026349463160567,0.4860892537008747,0.1102357809324106,2.6506352601905405,-0.04800031387448378
10684040100,9.951619796914024,2.6030611852060614,0.48624256075185013,0.15330705097546016,2.651142388742059,-0.04808120353599765
10685040100,9.95250389188812,2.6035369519010714,0.48636660320774605,0.12404245589589635,2.6516495476466453,-0.048112595745573916
10686040100,9.953387928889477,2.603976608349693,0.486504239939918,0.1376367321719112,2.652156725346181,-0.04818011699648794
10687040100,9.954271901548722,2.6044291620215154,0.48661718498907114,0.11294504915314985,2.6526639296681296,-0.04823476764661416
10688040100,9.95515582139616,2.604929601884199,0.48674833356837144,0.1311485793002456,2.6531711569509753,-0.048241555066776076
10689040100,9.95603967990588,2.6054738239846382,0.48687315436374207,0.12482079537062152,2.653678413804208,-0.048204589819569765
10690040100,9.956923480023244,2.6059282574835705,0.4869740604828566,0.10090611911448821,2.654185695328696,-0.048257437845125484
10691040100,9.9578072329257,2.6064382612543584,0.4870530139375691,0.07895345471259052,2.654693003207992,-0.04825474195363366
10692040100,9.958690948878829,2.606716817979044,0.48717698061919995,0.12396668163075919,2.6552003438525524,-0.04848352587350835
10693040100,9.95957460680583,2.6071737803868453,0.48727317322128255,0.09619260208261693,2.6557077231522968,-0.04853394276545142
10694040100,9.960458219697797,2.6075818620822857,0.4874855663191584,0.21239309787581995,2.6562151290017297,-0.04863326691944403
10695040100,9.961341733123525,2.608052698063735,0.487608870737204,0.12330441804563996,2.6567225688552583,-0.048669870791523184
10696040100,9.962225188786029,2.6084488272575426,0.487756831229794,0.14796049259001887,2.6572300114447813,-0.04878118418723876
10697040100,9.963108575117186,2.6089015074714403,0.487873489160593,0.11665793079894105,2.657737480711546,-0.0488359732401058
10698040100,9.963991906771119,2.609331269342088,0.4880277365039796,0.15424734338666823,2.658244970002997,-0.048913700660909054
10699040100,9.964875166111328,2.609853046621596,0.4881538279678192,0.12609146383958958,2.658752487730311,-0.048899441108714914
10700040100,9.965758366322147,2.6103486632650075,0.488291548332929,0.1377203651097938,2.6592600237528004,-0.048911360487792876
10701040100,9.96664150193427,2.610856342964109,0.4883832416586819,0.09169332575291467,2.659767585638299,-0.04891124267419
10702040100,9.96752459452771,2.611420717647439,0.4884880521244722,0.1048104657903206,2.6602751702363676,-0.04885445258892851
10703040100,9.968407637939361,2.6119021955210044,0.4885868422285001,0.09879010402788158,2.660782789944488,-0.04888059442348336
10704040100,9.969290634985365,2.61237685459487,0.48865718888548937,0.07034665698922815,2.6612904412158684,-0.04891358662099865
10705040100,9.970173599009973,2.612788759302836,0.48876905207578675,0.11186319029737746,2.6617981256650154,-0.04900936636217956
10706040100,9.971056510515927,2.613246556451571,0.4888844073055678,0.11535522978109292,2.6623058509614808,-0.04905929450990998
10707040100,9.971939367852178,2.613591423582544,0.4890313517831348,0.1469444775669544,2.662813605890431,-0.049222182307886886
10708040100,9.972822156167707,2.6140197655004114,0.4891554647721202,0.12411298898538359,2.6633213894967795,-0.04930162399636817
10709040100,9.973704886171754,2.6144085765770555,0.48933638294163617,0.18091816951604134,2.663829193231553,-0.04942061665449771
10710040100,9.974587531151425,2.6149247611342217,0.48947573270555167,0.1393497639155008,2.6643370232473167,-0.04941226211309502
10711040100,9.975470110622528,2.615426781206665,0.48963509906845193,0.15936636290020445,2.6648448641669624,-0.04941808296029748
10712040100,9.976352615154216,2.6159112773541975,0.48973076745575717,0.09566838730525795,2.665352727209111,-0.04944144985491361
10713040100,9.977235074688652,2.616328840240372,0.48983354083261477,0.10277337685759491,2.6658606069379474,-0.0495317666975752
10714040100,9.978117485875032,2.616858364933832,0.4899451312824341,0.1115904498193574,2.666368520578196,-0.049510155644363785
10715040100,9.978999844554952,2.6173013339943116,0.4900903860201467,0.1452547377126132,2.6668764661970137,-0.049575132202702044
10716040100,9.979882134871957,2.6178512140546304,0.490179632685352,0.08924666520521995,2.66738444139569,-0.04953322734105958
10717040100,9.98076438317654,2.618245306521398,0.49031230196925313,0.1326692839011674,2.6678924370386063,-0.04964713051720837
10718040100,9.981646569014734,2.6186405772972554,0.49039144220651987,0.07914023726676067,2.6684004682916047,-0.0497598909943493
10719040100,9.982528717582914,2.619143555807243,0.4905487219231756,0.15727971665580487,2.6689085233711722,-0.04976496756392912
10720040100,9.983410792065962,2.619598189209633,0.49070564996717847,0.1569280440028784,2.6694166167831384,-0.049818427573505186
10721040100,9.984292792607782,2.620076961848854,0.49080875354011955,0.10310357294099504,2.669924727316939,-0.049847765468085115
10722040100,9.985174744557522,2.6206245592370028,0.4909361451820395,0.1273916419199539,2.6704328550456786,-0.04980829580867585
10723040100,9.986056636455414,2.621113872352964,0.49105153451319244,0.11538933115301653,2.670941014566008,-0.04982714221304407
10724040100,9.986938473946942,2.621537552164078,0.4911324484899407,0.08091397674828116,2.6714491992692935,-0.04991164710521545
10725040100,9.98782027328032,2.6220630366928708,0.49124255493743557,0.11010644749485277,2.6719574124023353,-0.049894375709464533
10726040100,9.988702020679424,2.6225501267389366,0.4913856613188759,0.1431063814403668,2.6724656633250135,-0.049915536586076836
10727040100,9.98958370056309,2.6231302325497983,0.4914778497690829,0.09218845020698119,2.672973944093151,-0.049843711543352764
10728040100,9.990465336944068,2.623569633382137,0.49158929276482716,0.11144299574429883,2.673482245718148,-0.049912612336011186
10729040100,9.991346920726354,2.6241124984460784,0.49165409469823146,0.06480193340433882,2.6739905820376784,-0.04987808359159995
10730040100,9.99222847391849,2.624610052997339,0.4917894043391385,0.13530964090702824,2.674498947802636,-0.049888894805297124
10731040100,9.993109963224942,2.6250641070070917,0.4918729275883597,0.0835232492212139,2.6750073557010516,-0.04994324869395994
10732040100,9.99399141308831,2.6255197707508775,0.49197914886734456,0.10622127898481626,2.6755157865264465,-0.049996015775569
10733040100,9.994872812780773,2.626053693967883,0.4921072406342044,0.12809176685983115,2.6760242543717148,-0.049970560403831854
10734040100,9.99575415195914,2.6265162132570756,0.4922346516521873,0.1274110179829,2.676532753044622,-0.0500165397875465
10735040100,9.996635430930668,2.626961037766776,0.4923228974982918,0.08824584610445818,2.677041276571959,-0.050080238805183086
10736040100,9.997516668194095,2.6274956419910733,0.49244694974399367,0.12405224570190221,2.6775498251239966,-0.05005418313292331
10737040100,9.998397846814447,2.627851884467504,0.4925799893398767,0.13303959588300174,2.6780584093704647,-0.05020652490296085
10738040100,9.999278962528075,2.628321303363296,0.49266810488572077,0.0881155458441576,2.6785670195328173,-0.05024571616952134
10739040100,10.000160036568378,2.6287786299718787,0.4928457189988125,0.17761411309166864,2.679075653143002,-0.05029702317112328
10740040100,10.00104102658715,2.629213600821271,0.49296683505556826,0.12111605675571724,2.679584322452861,-0.050370721631590065
10741040100,10.001921959295231,2.6296406548694153,0.49309411779116835,0.12728273560009917,2.680093003006032,-0.05045234813661681
10742040100,10.002802831760699,2.630125255152181,0.4932327314474273,0.13861365625894528,2.680601710216145,-0.05047645506396359
10743040100,10.003683638604421,2.63068069423901,0.4933754801391049,0.1427486916776024,2.6811104423834315,-0.05042974814442136
10744040100,10.004564377851123,2.6311457896711055,0.4934895164558279,0.11403631672294257,2.6816191963937293,-0.05047340672262379
10745040100,10.005445063084327,2.631709880792084,0.49356805092187167,0.0785344660438021,2.682127971097824,-0.05041809030573985
10746040100,10.006325711112888,2.632220285138557,0.49369185492072476,0.12380399885310212,2.682636774335375,-0.05041648919681796
10747040100,10.007206300479943,2.632731032697264,0.49376606476609763,0.07420984537285324,2.6831456158134444,-0.05041458311618019
10748040100,10.008086854678004,2.633233052946076,0.49386713399324567,0.10106922714798383,2.68365448312969,-0.05042143018361367
10749040100,10.008967360970265,2.633789152830172,0.49396804077287965,0.10090677963398775,2.6841633898554775,-0.050374237025305746
10750040100,10.009847819424753,2.6342294201065903,0.4940733446851864,0.10530391230669078,2.684672328626526,-0.0504429085199356
10751040100,10.01072822794732,2.634697320718874,0.49415153048025545,0.0781857950690803,2.6851812994776765,-0.050483978758802284
10752040100,10.01160859939024,2.6352344634868956,0.49428778602636364,0.13625554610816604,2.6856903011936772,-0.05045583770678164
10753040100,10.012488906201046,2.6356118373224455,0.4944103225391717,0.12253651280806199,2.686199341201384,-0.05058750387893829
10754040100,10.013369154873333,2.636067101829175,0.49449820091444335,0.08787837527155595,2.686708403564591,-0.05064130173541592
10755040100,10.014249361842818,2.636459432746083,0.4946662383107563,0.16803739631289805,2.687217492031177,-0.05075805928509425
10756040100,10.015129489051006,2.6369584718214885,0.4947954510710887,0.12921276033232765,2.6877266161017808,-0.050768144280292304
10757040100,10.016009554909648,2.6374426257622994,0.494956382014648,0.1609309435593147,2.6882357537557446,-0.050793127993445264
10758040100,10.01688954433857,2.6379591002273695,0.4950639858677957,0.10760385314764775,2.688744915634839,-0.050785815407469403
10759040100,10.017769482651293,2.638437593207971,0.49517909441668245,0.11510854888673183,2.6892540930056796,-0.05081649979770875
10760040100,10.0186493662715,2.6389414170699768,0.4952780358551244,0.09894143844196623,2.6897633005073978,-0.050821883437421
10761040100,10.019529202871494,2.639436860383024,0.49539604453028163,0.11800867515720004,2.690272536064942,-0.05083567568191816
10762040100,10.020408983378635,2.639941238726992,0.49550141261604075,0.10536808575911039,2.6907818041135876,-0.05084056538659576
10763040100,10.021288713791,2.6405117556367013,0.49561101487130116,0.10960225526038858,2.6912910993966754,-0.05077934375997417
10764040100,10.022168392085188,2.641005029292841,0.49571617306220045,0.10515819089929668,2.6918004253808903,-0.050795396088049394
10765040100,10.023048020364511,2.641546286505169,0.4957881549389415,0.07198187674107093,2.6923097808896337,-0.05076349438446481
10766040100,10.023927614402531,2.6420467813541286,0.495898805368437,0.11065042949549664,2.692819167135653,-0.05077238578152432
10767040100,10.024807155795985,2.6424467145567947,0.4959854156465435,0.08661027810659583,2.6933285932499906,-0.05088187869319594
10768040100,10.025686655975031,2.6429506158520772,0.49609244490302423,0.10702925648068984,2.6938380485706297,-0.05088743271855245
10769040100,10.026566105213972,2.6434814933000483,0.4962499886300384,0.15754372701416663,2.694347539713963,-0.05086604641391457
10770040100,10.027445479452336,2.643899344425491,0.49635557740178754,0.1055887717491002,2.694857061041816,-0.050957716616324866
10771040100,10.028324803411687,2.644389781370198,0.496447650477212,0.09207307542448007,2.695366598606867,-0.050976817236668914
10772040100,10.029204083519895,2.64481120385147,0.496596428205379,0.14877772816702795,2.6958761667260944,-0.05106496287462425
10773040100,10.03008329275479,2.645183329538606,0.4967089665633509,0.11253835797185552,2.6963857691201447,-0.051202439581538695
10774040100,10.03096244836681,2.6456744969201518,0.4968562056502774,0.14723908692650856,2.6968953901214263,-0.05122089320127454
10775040100,10.031841533804752,2.646109953033139,0.4970283774285159,0.17217177823851681,2.697405039721499,-0.05129508668835969
10776040100,10.032720537161536,2.6466471071633952,0.497141079623382,0.11270219486606337,2.697914708318251,-0.051267601154855846
10777040100,10.033599486774575,2.6470719622863994,0.49728179537583467,0.1407157524526914,2.6984243889980597,-0.05135242671166029
10778040100,10.03447836926951,2.647521161047875,0.49737161321428025,0.08981783844557256,2.6989340981835177,-0.05141293713564288
10779040100,10.035357208914348,2.647986869414268,0.4975177645173014,0.14615130302115809,2.6994438281117006,-0.0514569586974325
10780040100,10.036235978818492,2.648438978937077,0.4976518754347828,0.1341109174813795,2.699953592851525,-0.051514613914448226
10781040100,10.037114684710875,2.6489025470317906,0.4977778370683729,0.1259616335901086,2.7004633767990995,-0.05156082976730891
10782040100,10.037993330466795,2.6493598972650063,0.4979107230764799,0.1328860081069383,2.7009731832694897,-0.05161328600448334
10783040100,10.038871912765314,2.6498883484133295,0.4980379835367934,0.12726046031354787,2.7014830145036974,-0.05159466609036789
10784040100,10.03975043427827,2.6504152609204588,0.4981684702717668,0.13048673497342644,2.701992868567441,-0.05157760764698205
10785040100,10.04062889344987,2.650809989868176,0.49826338076978516,0.09491049801829643,2.7025027470038516,-0.05169275713567556
10786040100,10.041507307267626,2.6512471318219366,0.49835903870659276,0.0956579368075845,2.7030126489027104,-0.051765517080773815
10787040100,10.042385675366358,2.6517476530165305,0.49852103050023255,0.16199179363981653,2.70352258411873,-0.05177493110219933
10788040100,10.043263966023948,2.6522647300660003,0.49866197803595563,0.140947535723007,2.704032552435912,-0.05176782236991162
10789040100,10.04414218928198,2.6527697679310993,0.4987712713960885,0.10929336013286939,2.7045425354295745,-0.05177276749847515
10790040100,10.045020360265118,2.6532691516279012,0.49887227997891204,0.10100858282353187,2.705052538920917,-0.05178338729301579
10791040100,10.045898482926638,2.6537560439511245,0.49897932833401343,0.10704835510139787,2.705562571686258,-0.05180652773513339
10792040100,10.046776554367387,2.6542430581111174,0.49908923970839963,0.10991137438620413,2.7060726360166463,-0.05182957790552889
10793040100,10.047654573206989,2.6546975628726575,0.4992054588961133,0.11621918771357453,2.7065827302232215,-0.05188516735056403
10794040100,10.048532536415129,2.6551180818611098,0.49932167826362867,0.11621936751538708,2.7070928534987893,-0.051974771637679495
10795040100,10.04941044397986,2.655568075774527,0.4994542781018948,0.132599838266108,2.707603004077008,-0.05203492830248102
10796040100,10.050288288044076,2.6560720841825276,0.49960406374120975,0.14978563931493127,2.708113181944878,-0.05204109776235022
10797040100,10.051166060359128,2.656528133674034,0.4997392459307769,0.1351821895671783,2.708623382529545,-0.05209524885551131
10798040100,10.052043767903342,2.6570210069352753,0.4998474446158042,0.10819868502730046,2.709133601028409,-0.05211259409313351
10799040100,10.052921423593967,2.6575365186556454,0.49997974005419166,0.13229543838747038,2.7096438414891075,-0.05210732283346209
10800040100,10.053799015868812,2.6580162078829326,0.5000936693230279,0.11392926883627386,2.710154111414255,-0.052137903531322305
10801040100,10.054676553519387,2.6584018918147954,0.5001962836109337,0.10261428790583604,2.710664404075114,-0.05226251226031886
10802040100,10.055554041960997,2.658934733290228,0.5003168817201041,0.12059810917046132,2.7111747245769315,-0.052239991286703535
10803040100,10.05643147255764,2.659356637946282,0.5004847456706056,0.16786395050154201,2.711685076063606,-0.05232843811732435
10804040100,10.057308822616978,2.6598912963395795,0.5005790013617734,0.094255691167767,2.712195453506766,-0.05230415716718628
10805040100,10.058186127443742,2.660378226744459,0.5007289153864473,0.14991402467385573,2.7127058436980747,-0.05232761695361576
10806040100,10.059063360311875,2.6608018607153205,0.5008224103801698,0.0934949937225582,2.713216267168196,-0.05241440645287554
10807040100,10.05994054829249,2.661318876677505,0.5009398329936383,0.1174226134685119,2.713726708361019,-0.05240783168351415
10808040100,10.060817679886929,2.6618788921532666,0.5010890862999103,0.14925330627204936,2.7142371830219574,-0.052358290868690816
10809040100,10.061694739792683,2.6623082666247435,0.5011916522619763,0.1025659620659054,2.714747684454398,-0.052439417829654555
10810040100,10.062571750423082,2.662796694969915,0.5012726328249181,0.08098056294176992,2.7152582037443125,-0.05246150877439737
10811040100,10.063448722141796,2.6632426402566742,0.501419105108376,0.1464722834578689,2.715768753931016,-0.05252611367434179
10812040100,10.06432562346502,2.663777474625812,0.5015361101470641,0.11700503868817247,2.716279341043993,-0.05250186641818111
10813040100,10.06520246854138,2.6642290059085023,0.5016745044617478,0.13839431468364527,2.716789946747003,-0.0525609408385006
10814040100,10.066079247073086,2.664742790700553,0.5017684150729261,0.09391061117835342,2.7173005792709404,-0.0525577885703874
10815040100,10.066955980439841,2.6652093563461507,0.5019041088402746,0.1356937673484735,2.7178112326116377,-0.05260187626548696
10816040100,10.067832648532983,2.6657095249979696,0.5020086799984201,0.10457115814550288,2.7183219192149473,-0.05261239421697761
10817040100,10.068709266312599,2.666146820366454,0.5021369656030136,0.12828560459348282,2.7188326273618486,-0.052685806995394824
10818040100,10.06958582235559,2.666627856666017,0.5022484815552826,0.11151595226898348,2.719343365760931,-0.05271550909491429
10819040100,10.070462324720525,2.6671517147926926,0.5023915961613707,0.1431146060881643,2.719854127750679,-0.0527024129579865
10820040100,10.071338758181463,2.667663954802806,0.5025129115486325,0.12131538726176938,2.720364918020273,-0.05270096321746731
10821040100,10.072215133219805,2.6682176249976175,0.5026128040265468,0.09989247791427491,2.7208757276894424,-0.052658102691824915
10822040100,10.073091460142628,2.6686322601113317,0.5027185124018482,0.10570837530131882,2.7213865628593332,-0.052754302748001525
10823040100,10.07396773613905,2.669002143040972,0.5028034327651112,0.08492036326300045,2.7218974295323264,-0.052895286491354554
10824040100,10.074843971216875,2.6694692837873637,0.5029580788835927,0.1546461184814687,2.722408326064958,-0.05293904227759416
10825040100,10.07572013176275,2.6700249289566496,0.5031353980511363,0.1773191675436454,2.7229192582880195,-0.05289432933136995
10826040100,10.076596206823574,2.670549905497398,0.5032641937384724,0.12879568733619884,2.7234302065950935,-0.0528803010976957
10827040100,10.077472219775101,2.670996979296866,0.5033486558626433,0.08446212417095378,2.723941164587661,-0.05294418529079481
10828040100,10.078348191988471,2.6715277517660714,0.5034484291067334,0.09977324409005117,2.724452145889522,-0.052924394123450735
10829040100,10.079224116070703,2.672132625728429,0.5035872931911153,0.13886408438189068,2.724963162961341,-0.05283053723291209
10830040100,10.080099973149657,2.6726197878731703,0.5036842863148127,0.0969931236973336,2.7254742114864783,-0.052854423613307944
10831040100,10.080975783418461,2.6730630014127392,0.5037440567677185,0.05977045290586158,2.7259852804477376,-0.052922279034998354
10832040100,10.08185156483716,2.6735474824239898,0.5038627411611266,0.11868439340812564,2.726496381621633,-0.05294889919764323
10833040100,10.082727288959799,2.6740592889352226,0.5040035517387077,0.14081057758104976,2.7270075254867763,-0.052948236551553673
10834040100,10.083602945088744,2.674509758370096,0.5041238032517796,0.12025151307194548,2.727518695437375,-0.05300893706727905
10835040100,10.084478543137678,2.674912339587685,0.5042304037844669,0.10660053268731406,2.7280298852216163,-0.05311754563393123
10836040100,10.085354089689268,2.6755704353807834,0.5043678042128538,0.1374004283868704,2.728541100619328,-0.052970665238544434
10837040100,10.086229569849808,2.6760330512937722,0.5045293788249784,0.16157461212460333,2.7290523454678954,-0.05301929417412321
10838040100,10.087104971917332,2.6765349076474867,0.5045629171728873,0.033538347908814714,2.7295636110639236,-0.05302870341643695
10839040100,10.087980357772079,2.6771176794071794,0.5046943031339473,0.1313859610600101,2.7300748905642145,-0.05295721115703511
10840040100,10.088855680104029,2.6776012101522695,0.5048060946730689,0.11179153912164086,2.7305862201056534,-0.052985009953383955
10841040100,10.089730948374841,2.6781755072558635,0.504877310645339,0.07121597227008536,2.731097572050718,-0.052922064794854506
10842040100,10.090606182200704,2.6786901315339438,0.5049982139691231,0.12090332378412949,2.731608951920073,-0.05291882038612927
10843040100,10.091481357539223,2.6792340979889375,0.505073622241332,0.07540827220891266,2.7321203711708435,-0.052886273181905974
10844040100,10.09235649639229,2.6797854634058282,0.5051788802069509,0.10525796561891365,2.732631815750313,-0.05284635234448487
10845040100,10.09323158430914,2.68028054275106,0.5052694147047115,0.0905344977606708,2.733143298511788,-0.052862755760727964
10846040100,10.094106628406966,2.6808241205091745,0.5053561890472155,0.08677434250392402,2.7336548110057635,-0.05283069049658895
10847040100,10.094981630498967,2.681252642244819,0.5054711541580968,0.11496511088140693,2.7341663573880517,-0.05291371514323284
10848040100,10.095856576928377,2.6816915244606827,0.5055618229439414,0.09066878584454763,2.7346779387151763,-0.052986414254493575
10849040100,10.096731479450574,2.6822333006191847,0.5057102033326222,0.14838038868083991,2.7351895469978587,-0.05295624637867391
10850040100,10.097606310102659,2.682705247318156,0.5058535624111058,0.14335907848361096,2.7357011891049616,-0.052995941786805556
10851040100,10.098481071298478,2.6830972042998624,0.5059454311623778,0.09186875127202043,2.736212848677294,-0.05311564437743144
10852040100,10.099355787975208,2.6835583965121432,0.5060723028017765,0.12687163939872992,2.736724527117506,-0.05316613060536257
10853040100,10.100230443158507,2.6840633191811927,0.5062394181766646,0.1671153748880787,2.7372362390058846,-0.05317291982469197
10854040100,10.101105017321148,2.6845942874665836,0.5063720336997011,0.1326155230365016,2.7377479744068687,-0.053153686940285105
10855040100,10.101979527171922,2.685153690880914,0.5064828093761197,0.1107756764186476,2.7382597218863935,-0.053106031005479615
10856040100,10.102853983290268,2.6855619643558124,0.5065805298420263,0.09772046590660644,2.7387714912118923,-0.053209526856079936
10857040100,10.103728391999791,2.6860778973870896,0.5066639483982724,0.0834185562461709,2.7392832885677656,-0.05320539118067602
10858040100,10.104602760232416,2.686539490941063,0.5068231529871837,0.15920458891130007,2.7397951176500435,-0.05325562670898032
10859040100,10.10547705119786,2.6870011315266846,0.5069285354532099,0.10538246602625723,2.740306982512596,-0.05330585098591145
10860040100,10.106351291005568,2.6874423288363514,0.5070612060906425,0.13267063743258678,2.7408188616112668,-0.053376532774915386
10861040100,10.107225466394738,2.688011003451284,0.5071939608073363,0.1327547166937615,2.741330770224778,-0.053319766773493704
10862040100,10.108099577309144,2.6885036319768854,0.5073370933420353,0.1431325346989949,2.741842700581799,-0.05333906860491355
10863040100,10.10897361869135,2.689048343000674,0.5074163846073405,0.07929126530524044,2.742354652641552,-0.0533063096408779
10864040100,10.10984762154703,2.6896332205535245,0.5075337484157458,0.11736380840528593,2.742866623433592,-0.053233402880067615
10865040100,10.110721567367175,2.6901000130250416,0.5076250148607373,0.09126644499142689,2.7433786311137993,-0.05327861808875767
10866040100,10.111595468826058,2.6905777470667536,0.5076960707455364,0.07105588479899971,2.7438906648347796,-0.05331291776802605
10867040100,10.112469335742247,2.691088220812368,0.5078262726738874,0.13020192835104893,2.744402732017175,-0.05331451120480679
10868040100,10.11334313935138,2.6915381388679127,0.5079510892141299,0.12481654024251831,2.744914838411468,-0.05337669954355517
10869040100,10.114216882258047,2.6919355015392763,0.5080595587736674,0.10846955953743631,2.7454269671563765,-0.053491465617100165
10870040100,10.115090572401277,2.6925072311747678,0.5081984417749262,0.1388830012589084,2.7459391197710694,-0.05343188859630166
10871040100,10.115964194971887,2.6929505411951586,0.5083638439830545,0.16540220812826778,2.7464513009027947,-0.053500759707636014
10872040100,10.116837737045145,2.6934248806389802,0.5084419578706274,0.0781138875729459,2.746963501863018,-0.05353862122403763
10873040100,10.11771124109391,2.6938976160289028,0.5085844292618793,0.14247139125187402,2.7474757150642084,-0.05357809903530564
10874040100,10.11858467577633,2.6944610200966994,0.5087114678094142,0.12703854753493982,2.747987965404093,-0.053526945307393436
10875040100,10.119458048591383,2.6948710779615577,0.5088394059831456,0.12793817373133276,2.748500234497161,-0.05362915653560352
10876040100,10.120331359086709,2.6953405383635936,0.5089219169245823,0.0825109414367704,2.749012526733459,-0.05367198836986553
10877040100,10.121204629382701,2.6957589844861456,0.509081317007846,0.15940008326362065,2.749524841840266,-0.05376585735412043
10878040100,10.12207782200213,2.6962088169751217,0.5092111129671848,0.1297959593388729,2.7500371927890193,-0.053828375813897544
10879040100,10.122950951354863,2.6967644430953093,0.5093666217968912,0.1555088297063456,2.7505495575849537,-0.0537851144896444
10880040100,10.123824004888256,2.6973072091681516,0.50950656943159,0.139947634698812,2.7510619446742837,-0.05375473550613208
10881040100,10.124696990171223,2.6977678090500934,0.5095935449193192,0.0869754877291653,2.751574346681714,-0.0538065376316208
10882040100,10.125569933028896,2.6983101590467538,0.5096868971616404,0.09335224232122918,2.7520867680400904,-0.053776608993336694
10883040100,10.126442830343441,2.698792400999961,0.5098214458178376,0.13454865619722156,2.752599223902134,-0.05380682290217331
10884040100,10.127315662003264,2.6993617773508767,0.5099150768802401,0.0936310624024479,2.753111712433867,-0.05374993508299042
10885040100,10.128188447965297,2.699742556699394,0.5100388387923708,0.12376191213070964,2.753624221821461,-0.05388166512206727
10886040100,10.129061173512069,2.70021435752669,0.510118930199651,0.080091407280241,2.754136763777165,-0.05392240625047506
10887040100,10.129933859954525,2.7006720397711583,0.5102935999174,0.17466971774896045,2.7546493296526364,-0.0539772898814781
10888040100,10.130806461095757,2.7012465600231077,0.5104228523857395,0.12925246833954063,2.755161931959268,-0.05391537193616047
10889040100,10.13167899909847,2.7017401351496972,0.5105592922011973,0.13643981545789163,2.7556745435543206,-0.05393440840462338
10890040100,10.132551470435903,2.702218543490199,0.5106371938398113,0.07790163861396326,2.7561871774474724,-0.05396863395727358
10891040100,10.13342390370286,2.7027233340150696,0.510755617307688,0.11842346787668756,2.7566998315587163,-0.05397649754364675
10892040100,10.134296279086215,2.7031956152145633,0.5108817027691962,0.12608546150818079,2.7572125226846396,-0.05401690747007626
10893040100,10.13516859282745,2.7037205589797066,0.5109946314470616,0.1129286778653853,2.7577252391774216,-0.05400468019771498
10894040100,10.136040851347035,2.70428287495986,0.5111239083416315,0.12927689456988833,2.758237978821189,-0.053955103861328624
10895040100,10.136913046637105,2.7047623756657035,0.5112268411206263,0.10293277899489084,2.7587507453832103,-0.05398836971750676
10896040100,10.13778519157218,2.705324212582595,0.511311002152407,0.08416103178066692,2.7592635341491736,-0.053939321566578435
10897040100,10.138657295328583,2.705833778337001,0.5114366484994339,0.1256463470269047,2.759776352682085,-0.05394257434508409
10898040100,10.139529337596707,2.7063417761875037,0.5115210435876427,0.08439508820882757,2.760289206373546,-0.05394743018604231
10899040100,10.14040133855619,2.7068068811965027,0.5116315984122436,0.11055482460084409,2.7608020832749993,-0.05399520207849662
10900040100,10.141273285393297,2.7072930497849406,0.5117429585518938,0.11136013965017533,2.761314995249556,-0.054021945464615584
10901040100,10.142145177703009,2.7077732201687517,0.5118758782627788,0.13291971088502663,2.7618279347557184,-0.05405471458696676
10902040100,10.143017004914547,2.708281425443097,0.5119983334915825,0.12245522880375859,2.7623409015494325,-0.054059476106335325
10903040100,10.14388877213932,2.7087027280268154,0.5121238670592954,0.12553356771283486,2.7628538894045924,-0.05415116137777698
10904040100,10.14476047785578,2.7091677020022056,0.5122354032776256,0.11153621833023486,2.763366901321305,-0.054199199319099556
10905040100,10.145632128910753,2.709719173598914,0.5123905862907118,0.155183013086182,2.7638799363970747,-0.05416076279816062
10906040100,10.146503703895853,2.710160198163298,0.5125240413096912,0.13345501897947365,2.7643929986549693,-0.05423280049167145
10907040100,10.147375213445237,2.7105723111955617,0.5126141842903963,0.09014298070514126,2.764906075485758,-0.05433376429019621
10908040100,10.148246678786897,2.711105139948382,0.5127597021782436,0.145517887847336,2.76541917314038,-0.05431403319199779
10909040100,10.14911807274905,2.7116372339432995,0.5129198882133122,0.16018603506867635,2.76593230411083,-0.05429507016753066
10910040100,10.149989388115337,2.7121497246741932,0.5130196936504521,0.09980543713984691,2.7664454523914728,-0.05429572771727953
10911040100,10.150860654500411,2.712612490259289,0.513119837230211,0.10014357975897514,2.766958613722707,-0.05434612346341794
10912040100,10.151731871729602,2.7131016992301933,0.5132297903084784,0.10995307826732326,2.7674718055383565,-0.05437010630816319
10913040100,10.152603034977815,2.7135320235818723,0.5133647220543132,0.13493174583483558,2.7679850277308127,-0.05445300414894039
10914040100,10.15347413196749,2.714025128418434,0.5134864953220905,0.12177326777728847,2.768498277452448,-0.05447314903401379
10915040100,10.154345169146515,2.7144843384293558,0.5136378905148097,0.15139519271921742,2.7690115474628954,-0.05452720903353958
10916040100,10.15521613194765,2.7148903459623113,0.5137579459398415,0.1200554250318282,2.769524841553821,-0.05463449559150968
10917040100,10.156087035753401,2.7153852317185754,0.5138950689860924,0.1371230462508537,2.770038151132482,-0.05465291941390671
10918040100,10.15695787216136,2.715859137070687,0.5140590156192856,0.16394663319316027,2.7705514852563624,-0.05469234818567559
10919040100,10.15782862796589,2.7164079539897994,0.5141785723101693,0.11955669088368381,2.7710648389652555,-0.054656884975456066
10920040100,10.158699324976293,2.7168957707696806,0.5143087078923492,0.13013558217993815,2.7715782044646744,-0.054682433694993815
10921040100,10.159569957976068,2.717444341003564,0.5144013226834521,0.09261479110293358,2.7720915946036477,-0.05464725360008371
10922040100,10.160440545411827,2.717945757196886,0.514524501010666,0.12317832721400723,2.77260500629912,-0.054659249102233964
10923040100,10.161311072235552,2.7184660656299777,0.5146172430720515,0.09274206138546415,2.7731184504231443,-0.054652384793166586
10924040100,10.162181553415222,2.7189804733439353,0.5147336024238552,0.11635935180378709,2.7736319180953544,-0.05465144475141903
10925040100,10.163051977316726,2.7194398759950067,0.5148405137483452,0.10691132448987606,2.7741454181388328,-0.05470554214382606
10926040100,10.163922348580492,2.71995643454561,0.5149503898026954,0.10987605435018377,2.774658943685367,-0.05470250913975683
10927040100,10.16479266573647,2.7204384835747666,0.5150878893858074,0.13749958311206711,2.7751724974667447,-0.05473401389197807
10928040100,10.165662915166822,2.7209850606630925,0.515196819127037,0.10892974122955223,2.7756860786099793,-0.054701017946886754
10929040100,10.166533110931985,2.7215055560457917,0.5153230803741464,0.1262612471094382,2.776199679071926,-0.05469412302613419
10930040100,10.167403244480521,2.721939181710283,0.5154170212977744,0.09394092362798911,2.7767133071436234,-0.05477412543334026
10931040100,10.168273331729628,2.7225443986438744,0.5155240031444693,0.106981846694846,2.777226957771088,-0.05468255912721354
10932040100,10.169143366242645,2.723065699742006,0.5156745911780775,0.15058803360816064,2.777740640344657,-0.05467494060265077
10933040100,10.17001332650728,2.723528518002659,0.5157392164814679,0.06462530339041805,2.778254351059438,-0.05472583305677903
10934040100,10.170883254901952,2.723973257559092,0.5158457985924274,0.10658211095949266,2.77876807720585,-0.05479481964675825
10935040100,10.171753130727724,2.7244312138699116,0.5159817316537134,0.1359330612860541,2.7792818438035205,-0.054850629933608896
10936040100,10.172622939493655,2.724916006529875,0.516126862346821,0.14513069310764148,2.7797956386246447,-0.05487963209476954
10937040100,10.173492676644537,2.7255343768821523,0.5162655104514827,0.1386481046616863,2.780309453103186,-0.054775076221033725
10938040100,10.174362345362109,2.725927022283771,0.5163908082539181,0.12529780243545563,2.780823284539416,-0.054896262255645034
10939040100,10.17523195222137,2.726391453816863,0.5164491166112091,0.05830835729091444,2.781337134804062,-0.05494568098719865
10940040100,10.176101530289706,2.726874325925982,0.5166205392677634,0.17142265655431643,2.781851007773998,-0.054976681848016185
10941040100,10.176971023697533,2.7272423906087018,0.5167561790940995,0.13563982633612515,2.782364922985632,-0.05512253237693043
10942040100,10.177840450098808,2.727779315970787,0.5168826818394767,0.12650274537713635,2.7828788474141,-0.05509953144331314
10943040100,10.178709813992866,2.72827155563939,0.5170668846259614,0.18420278648468003,2.7833927914837844,-0.055121235844394434
10944040100,10.179579086844232,2.7287626943893604,0.517166620930787,0.09973630482567675,2.783906757846445,-0.05514406345708478
10945040100,10.180448310388368,2.729266168545004,0.51728875468223,0.12213375144293259,2.7844207296215693,-0.055154561076565134
10946040100,10.181317473540739,2.7297928130899294,0.5174114872652713,0.12273258304127399,2.7849347314768913,-0.05514191838696192
10947040100,10.18218657599218,2.730297818589774,0.5175280882409742,0.1166009757028954,2.785448756851835,-0.05515093826206119
10948040100,10.183055620763126,2.7307472234047436,0.5176330905435073,0.10500230253310683,2.785962805556487,-0.05521558215174327
10949040100,10.183924613581128,2.7312024519653497,0.5177489421198442,0.11585157633703247,2.7864768793705537,-0.05527442740520394
10950040100,10.184793549067079,2.7317471299682854,0.5178927359313243,0.14379381148015646,2.786990981676201,-0.05524385170791568
10951040100,10.185662413376841,2.732247996017933,0.5180337498632667,0.14101393194236334,2.787505109285245,-0.055257113267312086
10952040100,10.186531207868974,2.7326253452247555,0.5181299906249548,0.09624076168814533,2.7880192539986197,-0.05539390877386419
10953040100,10.187399954701274,2.7331434837183344,0.5182481724727795,0.11818184782477381,2.7885334166111377,-0.05538993289280336
10954040100,10.188268642997185,2.7336680573656076,0.5184283953184001,0.18022284562056523,2.7890476102293356,-0.05537955286372798
10955040100,10.18913724200396,2.7341177003551818,0.5185382311337317,0.10983581533149067,2.7895618284100543,-0.05544412805487253
10956040100,10.190005786580132,2.7346270515015516,0.5186448409425433,0.10660980881165383,2.790076052939458,-0.05544900143790654
10957040100,10.190874278314366,2.735059720871141,0.5187890484176266,0.14420747508339726,2.7905903044449722,-0.055530583573831116
10958040100,10.1917426985554,2.735543138843896,0.5189034251030856,0.1143766854589634,2.791104583861557,-0.055561445017660915
10959040100,10.192611062079488,2.7360485695093137,0.5190563198525642,0.1528947494785129,2.791618880137424,-0.05557031062811024
10960040100,10.193479349768607,2.7364621808571994,0.5191839104867071,0.12759063414294047,2.792133202015574,-0.05567102115837441
10961040100,10.194347574157925,2.737014953380628,0.5193005253580858,0.11661487137866366,2.7926475381643634,-0.05563258478373534
10962040100,10.195215740680334,2.7374753536670795,0.5194632584731521,0.1627331150663034,2.7931618960001714,-0.05568654233309189
10963040100,10.196083826431197,2.7379901945867093,0.5195563450145808,0.09308654142875206,2.793676278734498,-0.05568608414778886
10964040100,10.196951865968812,2.738473113526434,0.5196957380886533,0.13939307407251533,2.7941906727876322,-0.05571755926119826
10965040100,10.197819836290018,2.7389418754841213,0.5198079156118073,0.11217752315394236,2.7947050986298088,-0.05576322314568749
10966040100,10.198687750896601,2.739462223655296,0.5199361330332399,0.12821742143270232,2.7952195426221778,-0.05575731896688163
10967040100,10.199555601808736,2.7399950861479643,0.5200715293848569,0.13539635161695962,2.795734012759752,-0.05573892661178759
10968040100,10.200423385444664,2.740397471702403,0.5201811339462654,0.10960456140853747,2.7962485043054635,-0.05585103260306035
10969040100,10.201291114608246,2.7408115620419284,0.5202844553091022,0.10332136283671911,2.7967630151278335,-0.0559514530859051
10970040100,10.202158792412623,2.741305424228987,0.5204532490299186,0.16879372081648647,2.797277552811156,-0.055972128582169045
10971040100,10.203026386292729,2.741800780628899,0.5206164046833558,0.16315565343711924,2.7977921191959254,-0.05599133856702654
10972040100,10.203893899028316,2.7422800001711973,0.5207397301721449,0.12332548878912508,2.798306694961269,-0.05602669479007183
10973040100,10.204761350413362,2.7427497293298324,0.5208623516835257,0.12262151138075694,2.798821281744303,-0.05607155241447037
10974040100,10.205628740784991,2.7433038690524065,0.5209931178670395,0.1307661835137921,2.7993358912770567,-0.0560320222246502
10975040100,10.20649606607625,2.743693777709819,0.5211287303779933,0.1356125109538846,2.799850523752319,-0.05615674604249987
10976040100,10.207363323859527,2.7441783079835274,0.5212220700637372,0.09333968574390905,2.8003651767495334,-0.05618686876600609
10977040100,10.208230535168989,2.7446921183062982,0.5213977850317175,0.17571496798033248,2.8008798488199567,-0.05618773051365844
10978040100,10.2090976589695,2.745234887390109,0.5215262590117479,0.12847398003036403,2.801394552439916,-0.056159665049807295
10979040100,10.209964718770905,2.745711710741025,0.5216401105286095,0.11385151686156814,2.8019092632460065,-0.056197552504981374
10980040100,10.210831721845402,2.7462285137234845,0.5217394301414611,0.09931961285162316,2.802423995183119,-0.0561954814596346
10981040100,10.211698675424383,2.746671234223791,0.5218718090034434,0.13237886198236026,2.8029387525613636,-0.056267518337572486
10982040100,10.212565563019613,2.7472156180135574,0.5219842066790117,0.11239767556830493,2.8034535396686167,-0.05623792165505925
10983040100,10.213432394578716,2.7477153100919214,0.5221338045933746,0.1495979143628885,2.8039683467078405,-0.05625303661591907
10984040100,10.214299151538436,2.7481406351292357,0.5222325216754918,0.09871708211731978,2.804483179579332,-0.056342544450096455
10985040100,10.215165859260686,2.748496000661101,0.5223536278110305,0.12110613553867111,2.8049980272498587,-0.056502026588757914
10986040100,10.216032506566863,2.749028238782781,0.5225121039118779,0.1584761008473805,2.805512904776865,-0.05648466599408408
10987040100,10.216899074795059,2.749607432111565,0.5227058937176801,0.19378980580223626,2.806027805513665,-0.056420373402100044
10988040100,10.21776554629451,2.750018830169195,0.5228112241587015,0.10533044102145084,2.806542718363712,-0.056523888194516925
10989040100,10.218631965205404,2.750592553544941,0.5228929544918375,0.08173033313592182,2.807057632826286,-0.05646507928134481
10990040100,10.219498343303993,2.751086672344793,0.5230587902996237,0.16583580778612284,2.807572575122432,-0.05648590277763876
10991040100,10.220364638574154,2.7516350127441638,0.5231433598029785,0.0845695033548699,2.8080875522469313,-0.05645253950276752
10992040100,10.221230891596019,2.7522757769895496,0.5232677907251065,0.12443092212802043,2.808602539217965,-0.05632676222841537
10993040100,10.2220970824448,2.7527652691893247,0.5233650490638857,0.09725833877910706,2.8091175601517406,-0.056352290962415896
10994040100,10.222963224688195,2.7532856982355645,0.523415860974405,0.05081191051928524,2.809632603196828,-0.05634690496126371
10995040100,10.223829341534804,2.753762341518632,0.5235423710650762,0.1265100906712151,2.8101476764146476,-0.05638533489601549
10996040100,10.224695395139477,2.7543227322920463,0.5236534171072241,0.11104604214800773,2.810662793604518,-0.0563400613124716
10997040100,10.225561393221215,2.754766025836041,0.5237864549647973,0.1330378575731075,2.811177932254534,-0.05641190641849292
10998040100,10.226427324770064,2.7553192261646626,0.5238775393030232,0.09108433822585926,2.811693096949199,-0.05637387078453626
10999040100,10.227293210758349,2.75588646079832,0.5240273290205847,0.14978971756152681,2.8122082811317455,-0.0563218203334257
11000040100,10.228159021805903,2.756346893623549,0.5241220990574813,0.09477003689660268,2.812723497273449,-0.05637660364990005
11001040100,10.229024785429381,2.7568446630691623,0.5242097638844548,0.08766482697352629,2.8132387278856257,-0.05639406481646336
11002040100,10.229890505177394,2.7574109733967043,0.5243509464464525,0.14118256199773782,2.8137539893357904,-0.05634301593908608
11003040100,10.230756154250809,2.7578860138441583,0.5244735111012615,0.12256465480899514,2.8142692837318855,-0.05638326988772713
11004040100,10.231621741955573,2.758398080567108,0.5245617197562085,0.08820865494693653,2.814784595116091,-0.056386514548983246
11005040100,10.232487285485837,2.7589358259018506,0.5246956523871281,0.1339326309196247,2.815299929019943,-0.05636410311809259
11006040100,10.233352761930362,2.7594787397511484,0.5248110896744852,0.11543728735702619,2.8158152956746108,-0.05633655592346232
11007040100,10.234218180540855,2.7599825330479746,0.5249136592739931,0.10256959950788858,2.8163306814320883,-0.05634814838411373
11008040100,10.235083547754348,2.7604819724722676,0.5250135991114449,0.09993983745174351,2.816846091794236,-0.05636411932196861
11009040100,10.23594886487984,2.7609703201677154,0.5251331347615982,0.11953565015337908,2.8173615305888404,-0.05639121042112505
11010040100,10.236814122084919,2.7615036345359183,0.5252548935629869,0.12175880138878092,2.81787699859051,-0.05637336405459159
11011040100,10.237679318242463,2.761943698286319,0.5253822670729433,0.1273735099564144,2.8183924899361408,-0.05644879164982175
11012040100,10.238544450523639,2.762339972941487,0.5254871332724578,0.1048661995144311,2.818908003947172,-0.05656803100568508
11013040100,10.23940953020507,2.762829941422317,0.5256387870140947,0.15165374163689727,2.819423538930611,-0.05659359750829385
11014040100,10.240274533801808,2.76332170012745,0.5258125843102085,0.17379729611381922,2.8199391015996227,-0.056617401472172535
11015040100,10.241139450179968,2.7637900050073654,0.525939599724654,0.1270154144454665,2.8204546779499964,-0.056664672942631
11016040100,10.242004302800085,2.7642184906205514,0.5260657745029195,0.12617477826534707,2.8209702613340966,-0.0567517707135452
11017040100,10.242869092070318,2.7647189801226295,0.5262037742676654,0.1379997647459401,2.821485865726789,-0.056766885604159434
11018040100,10.24373381203781,2.765179978517038,0.5263618684076311,0.15809413996567567,2.822001491363711,-0.05682151284667292
11019040100,10.244598452591037,2.765692120868429,0.5264840014975352,0.12213308990402183,2.822517134687242,-0.05682501381881311
11020040100,10.245463031779249,2.766169031853594,0.526625998274437,0.14199677690190526,2.8230327896578515,-0.05686375780425745
11021040100,10.246327539605847,2.766715443884466,0.526742435921625,0.11643764718792493,2.823548467030662,-0.05683302314619576
11022040100,10.24719198890277,2.7672517164624733,0.5268765779858018,0.13414206417679964,2.82406416083494,-0.056812444372466686
11023040100,10.248056370756016,2.767745356293745,0.5269759163064058,0.09933832060397219,2.824579878717177,-0.05683452242343234
11024040100,10.248920702654116,2.768347459568352,0.5270802952830301,0.10437897662446183,2.8250956153518274,-0.05674815578347525
11025040100,10.249784982053042,2.7687770572789154,0.5272060442028356,0.12574891980547154,2.825611381166784,-0.056834323887868354
11026040100,10.250649198191912,2.7693212340404565,0.527277403316207,0.0713591133714031,2.826127174638799,-0.05680594059834254
11027040100,10.251513378426333,2.7698004093924813,0.5274352014316528,0.15779811544575129,2.8266429893393443,-0.05684257994686304
11028040100,10.252377479248763,2.7703008240154663,0.5275356639117527,0.10046248009989167,2.8271588415910074,-0.0568580175755411
11029040100,10.253241529502182,2.7708097502077487,0.5276687192259689,0.13305531421618522,2.827674705416488,-0.05686495520873924
11030040100,10.254105512767167,2.771287047950745,0.5277911915900187,0.12247236404980377,2.8281905980269,-0.056903550076154996
11031040100,10.254969434358323,2.771808009880463,0.527909436494722,0.11824490470326143,2.828706509612097,-0.056898499731633745
11032040100,10.255833296392192,2.77231690068239,0.5280435823391447,0.1341458444227852,2.829222443337734,-0.0569055426553442
11033040100,10.256697090845206,2.7728377890810614,0.5281558971040189,0.11231476487421244,2.829738400460716,-0.05690061137965463
11034040100,10.25756082870361,2.7733092088769533,0.528274273264103,0.11837616008413221,2.8302543761811236,-0.05694516730417032
11035040100,10.258424506901319,2.7737521628483184,0.5283866500991713,0.11237683506825125,2.8307703770540336,-0.05701821420571518
11036040100,10.259288128450747,2.7741444727334086,0.5285238629740344,0.13721287486315603,2.8312864012411687,-0.05714192850776012
11037040100,10.260151680817453,2.7746964270014627,0.5286754665587051,0.1516035846707391,2.831802450535772,-0.05710602353430927
11038040100,10.261015156726739,2.7751390019766147,0.5288526522190664,0.17718566036124983,2.832318517440431,-0.057179515463816166
11039040100,10.26187854325178,2.7756594574534987,0.5289499527182467,0.09730049918032879,2.8328345975981186,-0.057175140144619885
11040040100,10.262741880680444,2.7762625461121067,0.5291020965007577,0.15214378251090466,2.833350683271103,-0.05708813715899641
11041040100,10.263605141323243,2.7767222792351376,0.5292152940504431,0.11319754968539986,2.8338667985324193,-0.057144519297281704
11042040100,10.264468344823095,2.777166823340965,0.5292870158566378,0.07172180619478041,2.834382926821327,-0.05721610348036199
11043040100,10.265331512111533,2.7777105762462293,0.5294305347347485,0.1435188781107506,2.834899079873587,-0.05718850362735761
11044040100,10.266194606925811,2.7781290850863685,0.52958180372103,0.15126898628151597,2.835415270200972,-0.057286185114603594
11045040100,10.267057625333035,2.778606826963643,0.5296834318199999,0.10162809896990055,2.835931476111867,-0.057324649148223994
11046040100,10.267920592396083,2.7790701378755958,0.5298478851374286,0.16445331742878455,2.8364476952441215,-0.05737755736852579
11047040100,10.26878347635575,2.7795808496994865,0.5299828055014798,0.13492036405116092,2.836963942581473,-0.05738309288198673
11048040100,10.26964629211853,2.7800038518636736,0.5301250613235909,0.14225582211111476,2.8374801991163565,-0.05747634725268291
11049040100,10.270509035959629,2.780601635953266,0.5302436323779209,0.11857105433002335,2.8379964737570305,-0.05739483780376453
11050040100,10.271371719840248,2.781137079171206,0.5304062538599511,0.1626214820301275,2.8385127642656904,-0.05737568509448465
11051040100,10.272234321464698,2.7816464566068726,0.5304813293261098,0.07507546615867611,2.8390290777920733,-0.057382621185200655
11052040100,10.273096885107252,2.782249264462296,0.5305875484775731,0.1062191514632147,2.8395454009830274,-0.05729613652073162
11053040100,10.273959395003512,2.7827275245171124,0.530706819243969,0.11927076639599399,2.8400617603325955,-0.05733423581548314
11054040100,10.274821844537836,2.7831814495074285,0.530779219982782,0.07240073881302322,2.840578146399597,-0.05739669689216864
11055040100,10.275684257424768,2.7836205034506953,0.5309139842326395,0.13476424985752633,2.84109455521687,-0.05747405176617448
11056040100,10.276546602085464,2.78418323517662,0.5310610523575366,0.14706812489713528,2.841611000979352,-0.05742776580273201
11057040100,10.277408872273048,2.7847174877880154,0.5312157292622016,0.15467690466501338,2.842127464771,-0.057409976982984556
11058040100,10.278271064114424,2.7852441658497,0.531308483754252,0.092754492050382,2.8426439428412174,-0.05739977699151755
11059040100,10.279133208964344,2.7858195396077745,0.5314154493937694,0.10696563951739524,2.843160432859783,-0.05734089325200831
11060040100,10.27999529961392,2.7863488411268755,0.5315261879062301,0.11073851246070632,2.8436769536020208,-0.05732811247514524
11061040100,10.280857334141018,2.7868390197328905,0.5316124762263001,0.08628832007011944,2.8441935007439625,-0.05735448101107199
11062040100,10.281719324929709,2.7873858981828232,0.5317217883569547,0.10931213065452017,2.8447100731279136,-0.057324174945090345
11063040100,10.282581260300313,2.787927581021559,0.5318507273527128,0.12893899575810508,2.8452266781700963,-0.057299097148537204
11064040100,10.28344313028934,2.7883966300079543,0.5319512722088123,0.10054485609956121,2.845743308865849,-0.057346678857894684
11065040100,10.284304949284769,2.788775401702692,0.5320543775930093,0.10310538419697668,2.84625995923615,-0.05748455753345816
11066040100,10.28516671597892,2.7893231699070964,0.5321939049434186,0.1395273504092378,2.846776637899314,-0.05745346799221762
11067040100,10.28602841188179,2.7897863079477925,0.5323788609000252,0.18495595660656328,2.8472933440660917,-0.057507036118299215
11068040100,10.286890013918638,2.790180753657651,0.5324792702295297,0.10040932950452675,2.8478100666427864,-0.05762931298513552
11069040100,10.287751564984932,2.790741375940597,0.532622110014919,0.1428397853892749,2.848326791780895,-0.05758541584029819
11070040100,10.288613043526832,2.7912135125633464,0.5327995418052907,0.1774317903717355,2.8488435451964342,-0.05763003263308786
11071040100,10.289474431956378,2.7917008314964336,0.5328938117100989,0.09426990480810016,2.8493603139541896,-0.057659482457756095
11072040100,10.290335772497999,2.7922643231454085,0.5330324213803835,0.13860967028471194,2.849877087492466,-0.05761276434705742
11073040100,10.291197042613748,2.792751140295986,0.5331635011949701,0.13107981458661744,2.850393891134175,-0.05764275083818893
11074040100,10.29205824611423,2.7932965150343145,0.5332564163273147,0.09291513234451365,2.850910711349769,-0.05761419631545461
11075040100,10.292919402385923,2.793862390898534,0.5333877370019307,0.13132067461600716,2.851427550417146,-0.057565159518611964
11076040100,10.293780491894598,2.7944247587965463,0.5334897312372203,0.1019942352896841,2.851944419964479,-0.0575196611679325
11077040100,10.294641529539478,2.7949435036618877,0.533581392136909,0.09166089968873337,2.852461308260878,-0.05751780459899036
11078040100,10.295502520567394,2.7954267372020642,0.5336747254350311,0.09333329812208202,2.852978224243106,-0.05755148704104185
11079040100,10.296363464120367,2.795866946927027,0.5337898804346368,0.11515499960573816,2.8534951710562773,-0.05762822412925006
11080040100,10.297224349088223,2.7963644868911897,0.5339228739388425,0.13299350420573486,2.854012148180928,-0.057647661289738306
11081040100,10.298085166381421,2.7968482103780454,0.5340775480411943,0.15467410235168177,2.8545291489401023,-0.057680938562056916
11082040100,10.298945904948486,2.7972254421928233,0.5342036077627981,0.12605972160378354,2.855046167867499,-0.05782072567467589
11083040100,10.299806579338355,2.7977219117833725,0.5343366513980475,0.13304363524945373,2.855563198315764,-0.0578412865323914
11084040100,10.300667185980673,2.7982043632085674,0.5345232262270369,0.1865748289892748,2.8560802490148625,-0.0578758858062951
11085040100,10.301527697591,2.798742846535072,0.5346502334557746,0.12700722873768555,2.8565973178117012,-0.05785447127662913
11086040100,10.302388144492989,2.7991893247188324,0.5347843280508028,0.1340945950282162,2.857114388301909,-0.057925063583076586
11087040100,10.303248523060667,2.7997643102049103,0.5348903647161881,0.10603666538518652,2.857631478695531,-0.05786716849062046
11088040100,10.304108847581338,2.800292623144589,0.5350425551290723,0.15219041288414026,2.8581485868052106,-0.05785596366062151
11089040100,10.304969094513483,2.800726044394165,0.5351303849940738,0.08782986500151324,2.8586657212107305,-0.057939676816565644
11090040100,10.305829296659825,2.8012439051124667,0.5352415419231268,0.1111569290528962,2.859182867753301,-0.0579389626408342
11091040100,10.30668944211602,2.801784072365695,0.5354003182163424,0.15877629321557585,2.8597000461453987,-0.05791597377970392
11092040100,10.307549506577715,2.802308512184736,0.5355168893353063,0.11657111896387296,2.8602172492247107,-0.05790873703997468
11093040100,10.308409511560685,2.802760763950511,0.5356222736020662,0.10538426675991719,2.8607344623683026,-0.05797369841779165
11094040100,10.309269462762801,2.8033394366723567,0.5357355121647087,0.11323856264254939,2.8612516985059493,-0.05791226183359255
11095040100,10.31012935616513,2.8038824037994243,0.5358849862197554,0.14947405504669398,2.8617689610582495,-0.05788655725882519
11096040100,10.310989173255287,2.8044395047549555,0.5359711401837545,0.08615396399902142,2.862286247601695,-0.057846742846739296
11097040100,10.311848946351853,2.804935891318429,0.5360751075795479,0.1039673957933962,2.8628035469913513,-0.05786765567292251
11098040100,10.312708666350094,2.8054777726825932,0.5361719348810835,0.09682730153544838,2.8633208786643216,-0.05784310598172837
11099040100,10.313568336888247,2.8060484042197227,0.5362991774105238,0.12724252944029413,2.8638382371375926,-0.05778983291786988
11100040100,10.314427942417739,2.806499661133299,0.5364036368939871,0.10445948346325018,2.8643556245953725,-0.05785596346207367
11101040100,10.315287494568107,2.806923096577414,0.5364936292950636,0.08999240107656004,2.86487303167344,-0.057949935096026195
11102040100,10.316147000724554,2.807409019443992,0.5366434511183896,0.14982182332598626,2.8653904653649356,-0.057981445920943564
11103040100,10.317006430293617,2.807832666941336,0.5368073849796549,0.1639338612652601,2.8659079301107475,-0.058075263169411695
11104040100,10.317865776039262,2.80833153967024,0.5369401537406053,0.13276876095042134,2.866425407484865,-0.058093867814625
11105040100,10.318725053880048,2.8088581282053338,0.5371042541600792,0.16410041947388,2.86694289311923,-0.05808476491389625
11106040100,10.3195842477704,2.809344608844985,0.5372307833197076,0.12652915962843103,2.8674603965895287,-0.058115787744543734
11107040100,10.320443376915215,2.8098479356576602,0.5373434453240785,0.11266200437082308,2.867977908222013,-0.058129972564352705
11108040100,10.3213024483988,2.810359827608235,0.5374762274192492,0.13278209517059647,2.868495439574289,-0.058135611966054324
11109040100,10.32216145190955,2.8109523269792693,0.537600624696883,0.1243972776337543,2.869012994906658,-0.05806066792738873
11110040100,10.323020391726017,2.8114587241643436,0.5377207627223768,0.12013802549394459,2.8695305679992344,-0.058071843834890835
11111040100,10.32387927001642,2.812008842252653,0.5378004560651877,0.07969334281089768,2.8700481614217956,-0.05803931916914262
11112040100,10.32473810748678,2.812553874306984,0.537923233058446,0.12277699325835911,2.8705657764733736,-0.05801190216638963
11113040100,10.325596882058376,2.8131200713372735,0.5380240954085218,0.10086235007573485,2.871083425627578,-0.057963354290304636
11114040100,10.326455604948412,2.813631972005391,0.5381274630610997,0.10336765257794145,2.871601095571531,-0.05796912356614037
11115040100,10.327314274864117,2.814159652226941,0.5382201615664001,0.09269850530031398,2.872118793060551,-0.05795914083360998
11116040100,10.32817289726546,2.8146569560787413,0.5383400336189615,0.11987205256152222,2.872636517309857,-0.057979561231115806
11117040100,10.32903145821319,2.81521442764012,0.5384520093630054,0.11197574404385335,2.8731542716064844,-0.057939843966364535
11118040100,10.329889961744286,2.815724621988295,0.5385792292164744,0.1272198534689375,2.873672047539138,-0.05794742555084298
11119040100,10.330748400029119,2.8162382856300665,0.53867629664191,0.09706742543555258,2.8741898475355434,-0.0579515619054769
11120040100,10.331606788522388,2.8167861126803317,0.5387970299171196,0.12073327520965904,2.874707666866069,-0.05792155418573719
11121040100,10.332465115073209,2.817259275149406,0.5389160465239686,0.11901660684900683,2.875225514846683,-0.0579662396972771
11122040100,10.333323380550075,2.8178398903143007,0.5390179357934758,0.10188926950710897,2.875743384140872,-0.05790349382657123
11123040100,10.334181593732303,2.818364249886431,0.5391572574240161,0.13932163054033975,2.876261275265346,-0.05789702537891506
11124040100,10.335039735393327,2.8189056859120427,0.5392427381737078,0.08548074969172248,2.876779193511389,-0.0578735075993464
11125040100,10.335897833164289,2.819402028467363,0.5393563473979142,0.1136092242063258,2.8772971272686902,-0.05789509880132737
11126040100,10.33675587259293,2.8199196320387148,0.5394613791464722,0.1050317485579928,2.877815093207591,-0.05789546116887623
11127040100,10.337613858074231,2.8204605445913464,0.539589016967743,0.1276378212707474,2.878333082599241,-0.05787253800789438
11128040100,10.33847177798432,2.8209921808647906,0.539706036779013,0.11701981127001826,2.878851098090653,-0.05785891722586234
11129040100,10.339329637765696,2.8215488769676766,0.5398113693554019,0.10533257638886528,2.8793691326568904,-0.057820255689213784
11130040100,10.340187443413603,2.822132870306232,0.5399213224053828,0.1099530499808159,2.879887189576703,-0.05775431927047103
11131040100,10.341045192543294,2.8226434331382717,0.5400186794390641,0.0973570336812708,2.8804052724641984,-0.05776183932592671
11132040100,10.341902891620737,2.8231104053797695,0.5401022690178502,0.08358957878611495,2.8809233798730496,-0.057812974493280045
11133040100,10.342760547717432,2.823606785057921,0.5402226011997254,0.12033218187520145,2.8814415157032975,-0.057834730645376364
11134040100,10.343618141930259,2.8241353713875044,0.5403648452147475,0.14224401502211848,2.8819596842226183,-0.05782431283511391
11135040100,10.344475662974485,2.824584216536388,0.5404924454336615,0.1276002189139449,2.882477874004916,-0.05789365746852804
11136040100,10.34533311836794,2.8251683899327245,0.5406039321652537,0.11148673159217548,2.8829960782230195,-0.057827688290295054
11137040100,10.346190516389642,2.8257204997735426,0.5407554354232368,0.15150325798304554,2.8835143014110685,-0.0577938016375259
11138040100,10.347047836429763,2.82623437226914,0.5408391521420499,0.08371671881300369,2.8840325485653864,-0.057798176296246506
11139040100,10.347905113370869,2.8267950631865273,0.5409388448963836,0.09969275433359481,2.884550807219984,-0.057755744033456846
11140040100,10.348762338980347,2.827346274038172,0.5410576708457855,0.11882594940191193,2.8850690984546183,-0.05772282441644627
11141040100,10.349619503395417,2.82801805268626,0.5411530190749451,0.0953482291595753,2.885587417287674,-0.05756936460141393
11142040100,10.350476618698165,2.8285278830606346,0.5412530553521494,0.10003627720437969,2.88610575774943,-0.05757787468879538
11143040100,10.351333682465476,2.8290573253404223,0.54129251166911,0.03945631696047336,2.88662412714012,-0.05756680179969775
11144040100,10.352190725903819,2.8296293309942633,0.5414129736654266,0.12046199631665466,2.88714252398929,-0.057513192995026774
11145040100,10.353047707268603,2.8301980868791796,0.5415236213474155,0.11064768198888775,2.8876609671701807,-0.057462880291001106
11146040100,10.353904631606145,2.830760341057532,0.5416129033832922,0.08928203587668637,2.888179431427517,-0.057419090369984715
11147040100,10.354761509920541,2.831308833546942,0.5417037202585987,0.09081687530657945,2.8886979198073632,-0.05738908626042116
11148040100,10.355618341413605,2.8319106900842717,0.5417977125168453,0.09399225824657265,2.889216438962592,-0.057305748878320184
11149040100,10.3564751244408,2.8323880006107607,0.5418985410605859,0.10082854374064443,2.8897349884059906,-0.05734698779522995
11150040100,10.357331855468672,2.832892916629251,0.541972536110264,0.07399504967804571,2.8902535671378544,-0.057360650508603506
11151040100,10.358188548330256,2.8334320818140513,0.5421089013460055,0.13636523574156545,2.8907721730145326,-0.057340091200481336
11152040100,10.359045170843025,2.833878025906417,0.5422315047878701,0.12260344186453764,2.8912908144056644,-0.05741278849924747
11153040100,10.359901730092886,2.8344943439872115,0.5423369603562189,0.10545556834894132,2.891809471822164,-0.057315127834952406
11154040100,10.360758234917776,2.835117688049766,0.5424891799101174,0.15221955389841035,2.8923281495459356,-0.05721046149616971
11155040100,10.361614661166293,2.835635814603412,0.5425560273427235,0.06684743260607107,2.8928468529219202,-0.057211038318508045
11156040100,10.362471052901613,2.8361837038237456,0.5426191653291829,0.06313798645935798,2.8933655673155947,-0.05718186349184906
11157040100,10.363327412035401,2.8367817345806077,0.5427349187546213,0.11575342543847,2.893884319408567,-0.05710258482795938
11158040100,10.364183711390618,2.8372226473593742,0.5428357514221104,0.10083266748910358,2.8944031103572527,-0.05718046299787849
11159040100,10.365039958663443,2.837691461635324,0.5429113742695755,0.07562284746510617,2.8949219236933814,-0.05723046205805726
11160040100,10.365896166869614,2.8382552421201503,0.5430657231009246,0.15434883134907462,2.8954407640737436,-0.05718552195359328
11161040100,10.366752295324208,2.838763320919322,0.5432062347580076,0.1405116570829854,2.8959596393811715,-0.05719631846184958
11162040100,10.367608351159115,2.839303162415405,0.5432991909638304,0.09295620582289121,2.896478524953107,-0.05717536253770206
11163040100,10.368464358942807,2.83984884798423,0.5434200247582799,0.12083379444945574,2.8969974251017625,-0.05714857711753263
11164040100,10.369320304253659,2.840423861375389,0.543524942609939,0.10491785165909029,2.897516354712316,-0.057092493336926786
11165040100,10.370176195310307,2.8409018308187064,0.5436268996442594,0.10195703432036307,2.8980353050360677,-0.05713347421736126
11166040100,10.371032033634798,2.8414580524762005,0.5437140909978769,0.08719135361756969,2.898554281049236,-0.057096228573035646
11167040100,10.37188782685688,2.8419415969057833,0.5438498991832637,0.13580818538670325,2.899073283669072,-0.0571316867632885
11168040100,10.372743549815047,2.8424141062041572,0.5439465201268201,0.09662094355648243,2.8995923175177474,-0.05717821131359013
11169040100,10.373599222774232,2.842864988724986,0.5440795662775905,0.133046150770336,2.9001113673284316,-0.05724637860344561
11170040100,10.374454826872206,2.843407649992857,0.5442182310559941,0.13866477840366542,2.900630445386067,-0.05722279539321029
11171040100,10.375310359184798,2.8439345339674764,0.5443678597377197,0.14962868172562516,2.9011495402413665,-0.05721500627389009
11172040100,10.37616581401765,2.8445114054269958,0.544471560311931,0.10370057421121004,2.9016686501111266,-0.05715724468413086
11173040100,10.377021215141715,2.84502118143254,0.5445831414917887,0.11158117985759297,2.9021877715301976,-0.057166590097657455
11174040100,10.377876558465184,2.8455793321505274,0.5446696192037709,0.08647771198220866,2.902706918915534,-0.05712758676500673
11175040100,10.378731856984674,2.84602763157714,0.544789676368633,0.12005716486207696,2.903226089777675,-0.057198458200535374
11176040100,10.379587093292114,2.846539765505077,0.5448854799559641,0.09580358733118466,2.9037452920000213,-0.05720552649494426
11177040100,10.38044227994655,2.8470676134624555,0.5450363666746768,0.15088671871263326,2.9042645150094906,-0.05719690154703505
11178040100,10.381297388383622,2.847573239759093,0.5451553607144517,0.11899403977483658,2.9047837664246536,-0.05721052666556048
11179040100,10.382152435122277,2.848023061035192,0.5452664947492684,0.11113403481669071,2.905303028894039,-0.05727996785884715
11180040100,10.383007424226996,2.848547124717042,0.5453887724139121,0.1222776646438195,2.905822312439696,-0.05727518772265405
11181040100,10.383862349906506,2.8491338419473915,0.5455391020515001,0.1503296375880394,2.9063416195231326,-0.05720777757574114
11182040100,10.384717197592781,2.8496613256050867,0.5456523127419056,0.1132106904054968,2.9068609466197195,-0.05719962101463283
11183040100,10.385571986530927,2.8502410860861325,0.545734071884369,0.08175914246332194,2.9073802848708787,-0.05713919878474627
11184040100,10.386426733035199,2.8507403779854266,0.5458454370996326,0.11136521526361864,2.907899645959713,-0.057159267974286276
11185040100,10.387281421730538,2.851213446290946,0.545930554523274,0.08511742364131258,2.9084190397935465,-0.05720559350260057
11186040100,10.388136066234848,2.851696438475951,0.54605596281416,0.12540829088604344,2.9089384570246324,-0.05724201854868127
11187040100,10.388990645618746,2.852144229945707,0.5461945872984106,0.13862448425058815,2.909457905923791,-0.0573136759780839
11188040100,10.389845153003858,2.852658032990927,0.546328338590383,0.13375129197233449,2.9099773737643595,-0.0573193407734327
11189040100,10.390699590905657,2.8532067105751864,0.5464798430634267,0.15150447304372783,2.910496856356467,-0.057290145781280444
11190040100,10.391553950082965,2.8537356708528208,0.5465983604836014,0.11851742017481026,2.9110163552201556,-0.0572806843673348
11191040100,10.392408247662788,2.8542691356416916,0.546699390412606,0.10102992900451646,2.911535864726897,-0.05726672908520536
11192040100,10.393262492724487,2.854778693175053,0.5468102654149076,0.11087500230166114,2.912055395282014,-0.0572767021069609
11193040100,10.39411668014029,2.855312600703845,0.5469188708173113,0.10860540240366756,2.912574952400629,-0.05726235169678384
11194040100,10.394970811080018,2.855881330582839,0.5470394631283892,0.12059231107795476,2.9130945329580094,-0.05721320237517036
11195040100,10.395824879298539,2.8563685306981625,0.5471478635071918,0.10840037880259867,2.9136141376593514,-0.057245606961188855
11196040100,10.396678891126392,2.8568471832875666,0.5472387665325188,0.0909030253270311,2.9141337626985546,-0.057286579410988026
11197040100,10.39753285565809,2.8573089464159898,0.5473705094584594,0.13174292594061932,2.9146534119202947,-0.05734446550430494
11198040100,10.39838675163242,2.8578999489782353,0.5475066202318929,0.13611077343347233,2.9151730908530844,-0.05727314187484911
11199040100,10.399240576760844,2.8584224136440928,0.5476513064229503,0.14468619105745795,2.915692786551883,-0.05727037290779036
11200040100,10.400094326562497,2.8589446819630697,0.5477312386663742,0.07993224342389205,2.9162124976148576,-0.057267815651787846
11201040100,10.400948034742024,2.8594740822335334,0.5478454420328743,0.11420336650000795,2.9167322213048905,-0.05725813907135713
11202040100,10.401801683444386,2.8599850964231783,0.547959744797086,0.11430276421164098,2.917251978133141,-0.057266881709962636
11203040100,10.402655272606667,2.860442232094262,0.5480704788677786,0.1107340706926081,2.9177717572240134,-0.057329525129751424
11204040100,10.403508804077159,2.860969785952391,0.5481904346399941,0.1199557722154081,2.918291558532303,-0.057321772579912
11205040100,10.404362273039599,2.861514476845944,0.5483374661114732,0.1470314714790959,2.918811383176841,-0.05729690633089701
11206040100,10.405215665368292,2.86205833666955,0.5484492846991267,0.111818587653433,2.9193312282173736,-0.05727289154782378
11207040100,10.40606899940407,2.86256913189587,0.5485524952753592,0.10321057623247842,2.9198510850410244,-0.057281953145154496
11208040100,10.406922279624965,2.8630832206482033,0.5486560792721248,0.10358399676557273,2.920370964811866,-0.05728774416366278
11209040100,10.407775505827132,2.86354999878315,0.5487762252102175,0.12014593809275809,2.920890870251881,-0.05734087146873135
11210040100,10.408628669362106,2.864092090819096,0.5488947488532657,0.11852364304822416,2.9214108012311293,-0.05731871041203318
11211040100,10.409481771063993,2.8646751227642766,0.5490370468803124,0.142298027046718,2.921930752472832,-0.05725562970855558
11212040100,10.410334798514008,2.8652189373907646,0.5491416538064982,0.10460692618580136,2.9224507244778692,-0.057231787087104635
11213040100,10.411187771368553,2.865730640351269,0.5492256750398536,0.08402123335546552,2.922970709668256,-0.057240069316987
11214040100,10.412040700364761,2.866295078690895,0.549329263866358,0.10358882650436207,2.923490720018158,-0.05719564132726296
11215040100,10.412893575280236,2.866781348624346,0.5494489377203907,0.11967385403263897,2.9240107620686366,-0.05722941344429078
11216040100,10.413746387706054,2.867293001801093,0.5495421709425724,0.09323322218165675,2.9245308295822348,-0.057237827781141615
11217040100,10.414599151440159,2.8677833637680674,0.5496745686945619,0.13239775198949388,2.9250509174246986,-0.057267553656631165
11218040100,10.41545184601586,2.868302605238919,0.5497943018586674,0.1197331641054804,2.925571034004623,-0.05726842876570393
11219040100,10.416304478035673,2.8688181961010035,0.5499247545056155,0.13045264694809156,2.9260911668322187,-0.05727297073121518
11220040100,10.41715704188518,2.869357461908971,0.5500407773071743,0.11602280155880695,2.9266113199267316,-0.05725385801776062
11221040100,10.418009545092753,2.8699124845390664,0.5501586446710399,0.11786736386559848,2.9271314898549647,-0.0572190053158983
11222040100,10.418861986682542,2.870487048133006,0.5502646447870647,0.10600011602480475,2.927651681202253,-0.05716463306924702
11223040100,10.419714372848299,2.871100772247583,0.5503627075389874,0.09806275192269975,2.9281718933659135,-0.05707112111833057
11224040100,10.420566707731686,2.871593943021672,0.5504509015143139,0.08819397532648843,2.928692130119071,-0.05709818709739878
11225040100,10.421418996486626,2.872117761104868,0.5505193405493469,0.0684390350330828,2.9292123939838675,-0.05709463287899963
11226040100,10.422271249441057,2.8726101586704913,0.550648123996625,0.12878344727807267,2.9297326881015806,-0.05712252943108931
11227040100,10.423123435017946,2.8731238361989857,0.5507615918678771,0.11346787125215929,2.9302530187739926,-0.057129182575006876
11228040100,10.423975561218459,2.8737388779022477,0.5508908441414784,0.1292522736012538,2.9307733667169416,-0.05703448881469386
11229040100,10.424827619769442,2.874230383374461,0.5510094784097416,0.11863426826319579,2.9312937368082785,-0.05706335343381763
11230040100,10.425679616215737,2.8746594555656553,0.5510772523215911,0.06777391184956105,2.9318141239880973,-0.05715466842244199
11231040100,10.426531577177208,2.8751819692119045,0.5512068606566212,0.1296083350300279,2.932334531634865,-0.05715256242296052
11232040100,10.427383470267912,2.8757047782396468,0.5513678785365462,0.16101787992511074,2.9328549760035543,-0.057150197763907506
11233040100,10.428235279019978,2.8762418392790456,0.5514821899113496,0.11431137480331532,2.933375437305024,-0.057133598025978394
11234040100,10.429087027884133,2.876723599319018,0.551596357366344,0.11416745499450442,2.9338959054679634,-0.05717230614894531
11235040100,10.42993871692467,2.877235725347767,0.5517033690604921,0.10701169414808653,2.9344163954226623,-0.05718067007489536
11236040100,10.430790349881121,2.8777300814887354,0.5518381196100626,0.1347505495704988,2.9349369072014326,-0.057206825712697196
11237040100,10.431641912201872,2.8782153795132714,0.5519577148487806,0.11959523871807587,2.9354574430831306,-0.05724206356985917
11238040100,10.432493411818324,2.8786945587152797,0.5520862594423342,0.12854459355353676,2.9359779941658175,-0.05728343545053782
11239040100,10.433344844024711,2.87918409378774,0.5522194112007148,0.13315175838053506,2.936498565289501,-0.05731447150176061
11240040100,10.434196206390157,2.8797026490551425,0.5523557151747008,0.13630397398597793,2.937019153569242,-0.05731650451409953
11241040100,10.435047497245622,2.880276401677879,0.5524869118979042,0.13119672320335152,2.9375397575099598,-0.057263355832080975
11242040100,10.435898719255617,2.880778193739473,0.5526036104514715,0.11669855356735237,2.938060376081861,-0.05728218234238769
11243040100,10.436749880015743,2.881272199809291,0.5526926113748619,0.08900092339037435,2.9385810109053665,-0.05730881109607555
11244040100,10.437600994055458,2.8817979525461292,0.5528176383901493,0.12502701528739646,2.9391016666181535,-0.05730371407202428
11245040100,10.438452042451734,2.882296186251033,0.5529466221452516,0.12898375510236448,2.939622352102152,-0.05732616585111883
11246040100,10.439303023113204,2.8827633140893445,0.5530597373179437,0.11311517269204696,2.9401430557746124,-0.05737974168526794
11247040100,10.440153944361478,2.883234035957118,0.5531866660407694,0.12692872282557754,2.9406637763475842,-0.05742974039046622
11248040100,10.441004798928093,2.8837992789184206,0.553329263332616,0.14259729184664138,2.9411845189053807,-0.0573852399869601
11249040100,10.441855578565256,2.884325235571791,0.553470174643524,0.14091131090798115,2.9417052789922593,-0.05738004342046832
11250040100,10.442706284141895,2.884878153230359,0.5535637452064598,0.0935705629357102,2.9422260515509926,-0.05734789832063347
11251040100,10.443556940530147,2.88539196147811,0.5536769547910997,0.11320958463984176,2.9427468371034813,-0.05735487562537145
11252040100,10.444407537396168,2.8859430436199465,0.5537766261058062,0.0996713147065238,2.9432676508686306,-0.057324607248684156
11253040100,10.445258081848955,2.8865131759840295,0.5538958802432867,0.11925413748035574,2.9437884865137143,-0.05727531052968482
11254040100,10.446108563579566,2.887024081349332,0.5539964478806978,0.1005676374110438,2.9443093483855343,-0.05728526703620229
11255040100,10.446958992406838,2.8875397157488716,0.5540874049793693,0.09095709867151047,2.9448302301645306,-0.05729051441565902
11256040100,10.447809373378963,2.8880773452228903,0.5542080054838465,0.1206005044773093,2.9453511378577524,-0.0572737926348621
11257040100,10.44865969088884,2.8886275832226187,0.5543262649749052,0.11825949105884259,2.9458720745523124,-0.05724449132969367
11258040100,10.449509946156349,2.8891651161045857,0.5544335080438347,0.10724306892949187,2.9463930306813175,-0.05722791457673182
11259040100,10.450360144969371,2.889710903568362,0.5545343980033905,0.10088995955576596,2.9469140069845565,-0.05720310341619461
11260040100,10.451210290663361,2.890181501534578,0.5546416174957864,0.1072194923959362,2.947435007001566,-0.05725350546698804
11261040100,10.452060379896308,2.8906942933132744,0.5547446719792694,0.10305448348305557,2.9479560327703744,-0.0572617394571
11262040100,10.452910414852262,2.89122851426932,0.5548854349430371,0.14076296376776565,2.9484770822368525,-0.057248567967532527
11263040100,10.453760375656243,2.891758047386752,0.5550051293647751,0.11969442173793876,2.94899815673363,-0.057240109346877954
11264040100,10.454610273393618,2.892223756282238,0.5551140954200697,0.10896605529468761,2.9495192440694105,-0.057295487787172306
11265040100,10.455460113706538,2.892671913913163,0.5552253949226091,0.11129950253940546,2.950040351031543,-0.05736843711838002
11266040100,10.456309895354876,2.8931918925383324,0.555368727145431,0.14333222282183478,2.950561481072416,-0.05736958853408369
11267040100,10.457159601439075,2.8937614350049463,0.5555209924847236,0.1522653392927129,2.951082633424967,-0.057321198420020814
11268040100,10.458009227230512,2.894275822370231,0.5556373608301877,0.11636834546402408,2.951603797716615,-0.05732797534638401
11269040100,10.45885879164516,2.894856199352701,0.555728856468128,0.09149563794030868,2.952124971036376,-0.05726877168367528
11270040100,10.459708307793683,2.8952848818567927,0.5558479477426985,0.11909127457057167,2.9526461649783684,-0.057361283121575735
11271040100,10.46055776110808,2.895779459117776,0.555933936153711,0.08598841101248755,2.953167387579832,-0.05738792846205598
11272040100,10.461407169046364,2.896314192426256,0.5560959712138429,0.16203506013192648,2.953688629896451,-0.057374437470194994
11273040100,10.46225649146163,2.8969235150247146,0.5562251220832183,0.12915086937533893,2.9542099026350392,-0.057286387610324674
11274040100,10.46310574569437,2.8973937412420296,0.5563341832186899,0.10906113547154472,2.9547311811497394,-0.057337439907709786
11275040100,10.46395494233951,2.897926702604539,0.5564057765090608,0.071593290370906,2.955252476072946,-0.05732577346840717
11276040100,10.464804101175721,2.8984955665654586,0.5565470283316685,0.141251822607666,2.955773793900512,-0.05727822733505361
11277040100,10.46565318540307,2.8990623184769557,0.5566569007467888,0.10987241512028767,2.956295146770003,-0.05723282829304743
11278040100,10.466502211584368,2.899545564211881,0.5567487443614835,0.09184361469476787,2.9568165120813603,-0.05727094786947928
11279040100,10.467351189236439,2.9000934081969865,0.5568415594486225,0.09281508713882225,2.9573378999963893,-0.05724449179940283
11280040100,10.468200117838693,2.900541284053347,0.5569762152102433,0.13465576162085302,2.9578593163537548,-0.05731803230040766
11281040100,10.469048975266665,2.9010503395872838,0.5570785332126869,0.10231800244355327,2.958380760829037,-0.05733042124175336
11282040100,10.469897778602661,2.9015115596570022,0.5572309964756991,0.15246326301223778,2.9589022198255073,-0.057390660168505025
11283040100,10.470746501320138,2.901984602686378,0.5573529019674422,0.12190549174319987,2.9594237038294082,-0.05743910114303041
11284040100,10.471595159563037,2.9025276804578937,0.5574988582228783,0.14595625543604118,2.9599451965349566,-0.05741751607706291
11285040100,10.472443740594567,2.903049133573498,0.5576390042486619,0.14014602578355273,2.9604667078521203,-0.057417574278622485
11286040100,10.473292247471345,2.9035047961020326,0.5577440990762742,0.10509482761238331,2.9609882299447428,-0.05748343384271015
11287040100,10.474140698728899,2.904091168014872,0.5578600117575259,0.11591268125164955,2.961509764681125,-0.05741859666625304
11288040100,10.47498908863124,2.9045750759351203,0.5580089577986078,0.14894604108192677,2.96203132344613,-0.05745624751100964
11289040100,10.475837399676326,2.9051223211197286,0.5580924315355531,0.08347373694528404,2.962552902707035,-0.057430581587306406
11290040100,10.476685666519263,2.905597340247585,0.5582272228594253,0.13479132387217252,2.96307449169473,-0.05747715144714505
11291040100,10.477533861973182,2.9061157968595994,0.5583302991021187,0.10307624269340643,2.9635961117097906,-0.05748031485019123
11292040100,10.478382002824823,2.906598918450185,0.5584695970886453,0.1392979865265147,2.9641177460277888,-0.05751882757760374
11293040100,10.47923006987223,2.907059916379518,0.5585871898399735,0.11759275132821934,2.964639404964835,-0.05757948858531714
11294040100,10.480078074602677,2.9076076957171635,0.5587225394862331,0.13534964625962154,2.9651610767026746,-0.057553380985511104
11295040100,10.480926007591579,2.9081315372534635,0.5588690787111328,0.14653922489967197,2.965682768298805,-0.057551231045341655
11296040100,10.481773862890432,2.908712199175597,0.5589721849855386,0.10310627440577136,2.9662044739467888,-0.0574922747711919
11297040100,10.482621663514976,2.9092424961261307,0.559087262914767,0.11507792922843318,2.9667261899766615,-0.05748369385053076
11298040100,10.483469403106344,2.909736701502134,0.5591738179502388,0.08655503547181365,2.967247930542566,-0.057511229040432266
11299040100,10.48431709678465,2.9102065334442666,0.559285550626757,0.11173267651823782,2.9677696917246585,-0.057563158280391935
11300040100,10.485164731185042,2.9106937386299205,0.5594153945102467,0.12984388348973663,2.9682914828233073,-0.05759774419338681
11301040100,10.486012296685626,2.9112451404332216,0.5595575439872628,0.14214947701608782,2.9688132956064024,-0.05756815517318081
11302040100,10.486859786740226,2.911826011481076,0.5596910868999363,0.13354291267352192,2.969335124142752,-0.05750911266167602
11303040100,10.487707205901186,2.912474824621921,0.5597924802338797,0.10139333394341143,2.9698569643924984,-0.05738213977057738
11304040100,10.488554571225592,2.912926729946347,0.5598790267406484,0.08654650676868592,2.970378819149019,-0.057452089202671974
11305040100,10.48940189058973,2.9134022970107174,0.5599313555375405,0.05232879689209913,2.97090069890886,-0.05749840189814259
11306040100,10.490249182161739,2.913942874330008,0.560082290693173,0.1509351556324754,2.9714226085179796,-0.05747973418797159
11307040100,10.491096393558204,2.9144175593942174,0.5602215025885621,0.1392118953891357,2.971944559164868,-0.057526999770650455
11308040100,10.491943530989316,2.914995128404159,0.5603281926220307,0.10669003346858652,2.972466518574393,-0.05747139017023395
11309040100,10.492790611723311,2.915548278059422,0.5604679277130489,0.13973509101820447,2.972988490562077,-0.057440212502655186
11310040100,10.493637618184835,2.9161002370130515,0.5605561159262359,0.08818821318706238,2.9735104857598103,-0.05741024874675871
11311040100,10.494484577763746,2.9166422721633025,0.5606564631128718,0.10034718663589182,2.9740324933290196,-0.057390221165717126
11312040100,10.49533148398808,2.9171954211795286,0.5607573519332936,0.100888820421841,2.974554530142864,-0.057359108963335625
11313040100,10.496178336561252,2.917634146816468,0.5608631772810495,0.10582534775591146,2.9750765922072766,-0.05744244539080867
11314040100,10.49702513284883,2.9181784954711603,0.5609633961471981,0.10021886614867537,2.975598679333764,-0.057420183862603835
11315040100,10.497871875824003,2.918766302417393,0.5611210059570068,0.15760980980865646,2.9761207898922173,-0.05735448747482419
11316040100,10.498718534939895,2.9193225561343845,0.5612257714977293,0.10476554072254629,2.976642925709882,-0.057320369575497576
11317040100,10.499565138301664,2.919887413622757,0.5613086891800303,0.08291768230096075,2.9771650679415487,-0.057277654318791615
11318040100,10.500411697529714,2.9204826174651455,0.5614073184609822,0.0986292809519087,2.9776872339108884,-0.05720461644574293
11319040100,10.501258204253817,2.9210266770633475,0.5615015723420421,0.09425388105986254,2.9782094307801685,-0.05718275371682102
11320040100,10.502104660795466,2.921447686396416,0.561580522482118,0.07895014007589474,2.9787316533816472,-0.057283966985231416
11321040100,10.502951075296858,2.9219666118882217,0.5616850139363929,0.10449145427494333,2.9792539031422542,-0.057287291254032535
11322040100,10.503797434149355,2.92255570219433,0.5618512465836538,0.1662326472610136,2.979776185081448,-0.05722048288711834
11323040100,10.504643704452477,2.923090413962767,0.5619685439537343,0.11729737008046559,2.980298490797278,-0.0572080768345109
11324040100,10.505489912259161,2.9236425156093273,0.562050637235801,0.0820932820666842,2.9808207999766623,-0.057178284367334964
11325040100,10.506336076319341,2.924187403005954,0.5621598967133025,0.10925947750145948,2.981343128689005,-0.05715572568305127
11326040100,10.507182182147636,2.9246575182434964,0.5622604114723531,0.10051475905056773,2.981865488502251,-0.05720797025875468
11327040100,10.50802823439579,2.925150547554764,0.5623645038516554,0.10409237930234205,2.98238787046904,-0.05723732291427597
11328040100,10.508874231147713,2.925574805434917,0.5625060979207297,0.14159406907429162,2.9829102774551686,-0.057335472020251466
11329040100,10.509720152394891,2.9261581358985778,0.5626363062179609,0.13020829723119665,2.9834327082716356,-0.057274572373057886
11330040100,10.510566004193793,2.9266297677926536,0.5628011084917914,0.16480227383048174,2.983955150554383,-0.05732538276172949
11331040100,10.511411768072714,2.9272148719620303,0.5628862584306464,0.08514993885500566,2.984477608034311,-0.05726273607228061
11332040100,10.512257486516193,2.9278324587003612,0.5630273669040557,0.14110847340931976,2.9850000692911394,-0.05716761059077813
11333040100,10.513103129651624,2.928370342168944,0.5631116158424398,0.08424893838405989,2.985522560560838,-0.057152218391894216
11334040100,10.513948727816292,2.9289412155213546,0.5631794483118447,0.06783246940492038,2.9860450633807893,-0.057103847859434786
11335040100,10.51479428976869,2.9294349672582225,0.5632871074299526,0.10765911810788964,2.9865675964886442,-0.05713262923042173
11336040100,10.515639794239426,2.9300127589987044,0.5633781900696093,0.0910826396567348,2.987090165293658,-0.057077406294953725
11337040100,10.51648525007141,2.9305412407653417,0.5635079089997531,0.12971893014384506,2.987612756646758,-0.057071515881416346
11338040100,10.517330636620489,2.9310317946583715,0.5635955088013582,0.0875998016051387,2.9881353760079996,-0.05710358134962812
11339040100,10.518175976374451,2.931502269146592,0.5637077658691456,0.11225706778741795,2.9886580106093916,-0.05715574146279945
11340040100,10.519021256152097,2.9319959078918654,0.5638390586552288,0.13129278608316408,2.989180674346713,-0.05718476645484749
11341040100,10.519866465769576,2.9324950119872146,0.5639805100901792,0.14145143495051826,2.989703359064535,-0.057208347077320365
11342040100,10.520711599782011,2.933012921851775,0.5641104479787991,0.12993788861980704,2.990226058457548,-0.057213136605772874
11343040100,10.52155666432843,2.9335912908371564,0.5642377077205716,0.12725974177252386,2.990748769148823,-0.0571574783116664
11344040100,10.522401660826766,2.9340495125662396,0.5643555798285229,0.11787210795129077,2.99127149492573,-0.057221982359490386
11345040100,10.523246594284549,2.934532565638605,0.564443118632463,0.08753880394005886,2.9917942366565278,-0.057261671017922566
11346040100,10.524091480917088,2.9350505669600047,0.5645908680815009,0.14774944903789677,2.9923169974308763,-0.057266430470871654
11347040100,10.524936288502518,2.9355318083391895,0.564726290796077,0.1354227145760003,2.99283978727523,-0.05730797893604045
11348040100,10.52578102361954,2.9361560314059694,0.5648442634981845,0.11797270210752941,2.993362586244075,-0.05720655483810555
11349040100,10.526625695593507,2.9366622610387125,0.5649807038488244,0.1364403506398606,2.993885398398291,-0.0572231373595784
11350040100,10.527470294525237,2.93717301065625,0.5650454571265271,0.06475327770270223,2.994408229500788,-0.05723521884453797
11351040100,10.528314858786324,2.9377128799664014,0.5651692497983283,0.12379267180116038,2.994931073415529,-0.0572181934491276
11352040100,10.529159356755631,2.938373674721332,0.5652908130724484,0.12156327412019774,2.9954539538904754,-0.05708027916914338
11353040100,10.530003789614424,2.9388135405604596,0.5653978008026941,0.10698773024572539,2.9959768513435243,-0.05716331078306469
11354040100,10.530848165159187,2.939327760917072,0.5654440585049976,0.04625770230351467,2.9964997664979016,-0.05717200558082958
11355040100,10.5316925159204,2.9399357670451414,0.5656009556144973,0.15689710949974245,2.9970227041743236,-0.057086937129182225
11356040100,10.53253678260719,2.940495708394084,0.5657207041609166,0.11974854641928268,2.997545684516421,-0.057049976122336865
11357040100,10.533380985111895,2.9411190761064456,0.5657934111028732,0.07270694195660177,2.998068670794293,-0.05694959468784733
11358040100,10.534225148641676,2.941586299026109,0.5658900794921382,0.09666838926500709,2.998591675320448,-0.057005376294338994
11359040100,10.535069260344965,2.942065377329063,0.5659548430974629,0.06476360532467762,2.9991147137060743,-0.05704933637701126
11360040100,10.535913337322354,2.942626939236889,0.5660978076598046,0.14296456234160004,2.999637777984418,-0.05701083874752921
11361040100,10.53675733763037,2.943178483252437,0.56623494544881,0.13713778900549567,3.0001608787485026,-0.05698239549606576
11362040100,10.5376012643776,2.9437201343926604,0.5663307827559626,0.0958373071525287,3.000683989998521,-0.05696385560586048
11363040100,10.538445139708221,2.944207378918121,0.56643157738669,0.10079463072739259,3.001207113651052,-0.056999734732931184
11364040100,10.539288960954275,2.9446891846340564,0.5665372876013606,0.10571021467053932,3.0017302634250385,-0.05704107879098208
11365040100,10.54013272546894,2.945154286135878,0.5666702859946374,0.13299839327679752,3.0022534376610004,-0.05709915152512224
11366040100,10.5409764185941,2.9456415294674856,0.5668060987607046,0.13581276606711423,3.0027766347118146,-0.057135105244328965
11367040100,10.541820038803687,2.9462382256729884,0.5669503912323527,0.14429247164806647,3.0032998454805018,-0.05706161980751334
11368040100,10.542663581528041,2.946760133753828,0.5670836915829186,0.13330035056592582,3.0038230690111654,-0.05706293525733752
11369040100,10.543507052654338,2.947249636061173,0.5671621249321752,0.0784333492567244,3.004346302459492,-0.05709666639831923
11370040100,10.544350481645644,2.94789437351889,0.5672779599533302,0.1158350211549859,3.0048695494671698,-0.056975175948279944
11371040100,10.545193848400007,2.9484101309434165,0.5674100721303086,0.13211217697833533,3.0053928283052294,-0.05698269736181283
11372040100,10.54603714415807,2.9489539118845256,0.5674643397300526,0.05426759974397921,3.0059161264966505,-0.05696221461212492
11373040100,10.546880410748782,2.949394759456796,0.5675831221046063,0.11878237455370044,3.006439438597976,-0.057044679141180055
11374040100,10.547723613488548,2.9499342681678398,0.5676878587381414,0.10473663353511498,3.0069627905614347,-0.057028522393594905
11375040100,10.548566759917726,2.9505115388354266,0.5678442469959448,0.15638825780342103,3.0074861608573045,-0.05697462202187786
11376040100,10.549409822249128,2.951093652096806,0.5679512815737368,0.10703457779192682,3.008009554158793,-0.056915902061986934
11377040100,10.550252827010807,2.9515912083945683,0.5680393389213343,0.08805734759758366,3.0085329532075527,-0.05694174481298431
11378040100,10.551095784402632,2.952046078633099,0.5681248604172459,0.0855214959115802,3.009056374463764,-0.0570102958306653
11379040100,10.551938695782491,2.952582620772402,0.5682527232286089,0.12786281136301714,3.009579824255052,-0.05699720348265025
11380040100,10.552781538358566,2.9530919912854867,0.5684020804962315,0.14935726762266643,3.010103303420351,-0.05701131213486432
11381040100,10.553624300547105,2.953669246211862,0.5685105903745253,0.10850987829376102,3.0106267977986114,-0.05695755158674931
11382040100,10.554467004321326,2.9541690855671985,0.5686327219201394,0.12213154561406458,3.0111503001850757,-0.056981214617877196
11383040100,10.555309642336384,2.9547388446230145,0.5687208077581303,0.08808583799086023,3.0116738242199865,-0.056934979596972024
11384040100,10.556152232915673,2.9552536610658198,0.5688476595752231,0.12685181709281412,3.0121973653329555,-0.056943704267135686
11385040100,10.556994755171548,2.955809482100501,0.5689394676452194,0.09180806999633528,3.012720934902216,-0.056911452801714724
11386040100,10.557837227970396,2.9563722694065393,0.5690587787561198,0.11931111090039614,3.0132445199420026,-0.0568722505354633
11387040100,10.558679636485712,2.957001617563977,0.5691575308343553,0.09875207823561816,3.013768132170032,-0.056766514606055196
11388040100,10.559521991785411,2.9575620582542976,0.5692527350208779,0.09520418652265672,3.014291762364987,-0.05672970411068956
11389040100,10.560364295773606,2.9581159712442173,0.5693144563292387,0.06172130836083234,3.0148154173997774,-0.05669944615556011
11390040100,10.561206566492242,2.9587259387701317,0.5694105702197644,0.09611389052568065,3.015339098452685,-0.05661315968255343
11391040100,10.562048785396335,2.9593265075577277,0.5695099005056753,0.09933028591092796,3.0158628167374637,-0.056536309179735955
11392040100,10.56289095074377,2.9597703267683313,0.5695810496410421,0.07114913536678369,3.0163865607195426,-0.05661623395121129
11393040100,10.56373307772408,2.9601874850445005,0.5696567573446071,0.07570770356503775,3.0169103293100576,-0.05672284426555718
11394040100,10.564575163874382,2.960752760987502,0.5698110120396462,0.15425469503921008,3.0174341319517275,-0.05668137096422532
11395040100,10.565417166818468,2.9613403061569437,0.569978827516211,0.16781547656479123,3.0179579671098296,-0.056617660952885895
11396040100,10.566259079218792,2.9619593619731948,0.5700725175360059,0.09369001979483027,3.01848180841602,-0.056522446442825114
11397040100,10.567100941058953,2.9625173899010466,0.5701549486088984,0.08243107289257079,3.019005651292783,-0.05648826139173657
11398040100,10.567942758408774,2.9630404661066625,0.5702214347177936,0.06648610889528861,3.0195295206089483,-0.05648905450228581
11399040100,10.568784539870027,2.963624795318705,0.5703183796733661,0.09694495557242178,3.0200534201371667,-0.05642862481846178
11400040100,10.569626268994647,2.9641696036905336,0.5704328172427283,0.11443756936227789,3.0205773552277613,-0.05640775153722766
11401040100,10.570467936328903,2.964690663777773,0.5705165253018225,0.08370805909417722,3.0211013156395126,-0.05641065186173977
11402040100,10.571309558458163,2.9651764445550253,0.5706199647456819,0.1034394438592594,3.021625295481236,-0.05644885092621088
11403040100,10.572151124718706,2.9657282596616352,0.570735293886331,0.11532914064913147,3.0221493050724746,-0.056421045410839366
11404040100,10.572992628678168,2.966262002570098,0.5708683540143589,0.13306012802788025,3.0226733377687225,-0.056411335198624624
11405040100,10.573834060744321,2.9667500746830995,0.5709683529653921,0.0999989510331476,3.023197389557801,-0.05644731487470134
11406040100,10.574675438770543,2.9672502427678147,0.5710773781796753,0.10902521428324885,3.023721454457597,-0.05647121168978231
11407040100,10.575516757869407,2.9676782158474406,0.5712093173326216,0.13193915294627434,3.0242455435800117,-0.056567327732571115
11408040100,10.576358005642719,2.9682501935549905,0.5713352684530958,0.12595112047416812,3.0247696538744044,-0.056519460319413906
11409040100,10.577199185313914,2.9688158569563226,0.5714975199365331,0.16225148343730567,3.0252937776090754,-0.05647792065275281
11410040100,10.578040277235617,2.9693011840338577,0.5715876801182017,0.09016018166867656,3.0258179167833035,-0.0565167327494458
11411040100,10.578881320386962,2.9697951355322303,0.5716809221243038,0.09324200610200872,3.026342059144085,-0.05654692361185454
11412040100,10.579722313093708,2.9702019655563903,0.5718144115161474,0.13348939184356912,3.026866228973276,-0.056664263416885685
11413040100,10.580563233568997,2.9707535435934873,0.5719436628684388,0.12925135229134632,3.0273904252225528,-0.05663688162906544
11414040100,10.581404084091767,2.971241779770757,0.5721167229003296,0.17306003189073582,3.027914634304718,-0.0566728545339612
11415040100,10.582244840930192,2.9718345763598952,0.5722173606042863,0.1006377039566031,3.028438857631098,-0.05660428127120287
11416040100,10.583085543277807,2.9724068981615788,0.5723497483345622,0.1323877302759131,3.0289630803946963,-0.056556182233117536
11417040100,10.58392617393043,2.9729273687244526,0.5724297184298617,0.07997009529952592,3.0294873270232543,-0.05655995829880167
11418040100,10.584766761267854,2.9734374152090837,0.5725198417010222,0.09012327116057595,3.0300115867809048,-0.0565741715718211
11419040100,10.585607299784249,2.9740645676327926,0.5726359047345234,0.11606303350121205,3.0305358773602045,-0.05647130972741188
11420040100,10.586447775417627,2.974664318489602,0.57275722370616,0.1213189716365708,3.0310601953229153,-0.05639587683331326
11421040100,10.587288185308214,2.9752662062025013,0.5728197977310411,0.06257402488118302,3.0315845318911663,-0.056318325688665016
11422040100,10.588128561285082,2.975780095266183,0.5728959310135651,0.07613328252393092,3.032108885272951,-0.05632879000676816
11423040100,10.588968895994979,2.976390845633812,0.5729708492061487,0.07491819258361421,3.032633275322329,-0.05624242968851689
11424040100,10.589809190091772,2.9769990005345175,0.5730898060591093,0.1189568529605669,3.0331576974485053,-0.05615869691398778
11425040100,10.590649419692443,2.9774857806609325,0.5731601756420122,0.07036958290280637,3.03368215205645,-0.056196371395517364
11426040100,10.591489611134481,2.978022078239016,0.5732316917986756,0.07151615666350253,3.0342066242345105,-0.056184545995494606
11427040100,10.59232976379188,2.978609154382415,0.5733639795116455,0.1322877129699611,3.034731130417345,-0.0561219760349303
11428040100,10.593169844695689,2.979219529330117,0.5734715019183778,0.10752240673233349,3.0352556702115727,-0.05603614088145559
11429040100,10.594009867267916,2.9797368190024547,0.5735535267754504,0.08202485707255214,3.035780223027352,-0.05604340402489738
11430040100,10.594849845334611,2.9802131669950462,0.5736237370968834,0.07021032143303252,3.036304797237424,-0.05609163024237773
11431040100,10.595689785301687,2.9806590858681443,0.5737405153222205,0.11677822533711524,3.0368294014705732,-0.05617031560242891
11432040100,10.596529661889907,2.9811635527698273,0.5738778759114503,0.13736058922990857,3.03735403972442,-0.05619048695459261
11433040100,10.597369463913978,2.981659865250926,0.5740306255095372,0.15274959808682542,3.037878696204082,-0.05621883095315594
11434040100,10.5982091830016,2.982194356165988,0.5741541505853953,0.12352507585812145,3.038403363913421,-0.05620900774743287
11435040100,10.599048835006101,2.982757393068833,0.5742818151968403,0.1276646114450264,3.0389280376109333,-0.05617064454210041
11436040100,10.599888417665948,2.983233079222914,0.5743903739509554,0.10855875411511207,3.039452727191975,-0.05621964796906109
11437040100,10.600727941348262,2.9838396932367925,0.5744845909583001,0.09421700734463379,3.039977431234611,-0.056137737997818515
11438040100,10.601567413836575,2.9843368887609665,0.5746225886066011,0.13799764830102923,3.0405021562099854,-0.05616526744901895
11439040100,10.60240681132867,2.9849239558581653,0.5746949690132953,0.07238040669420176,3.041026906976988,-0.05610295111882291
11440040100,10.60324616947851,2.9854713223584524,0.5748221266711417,0.12715765784645594,3.041551668649298,-0.05608034629084546
11441040100,10.604085458501359,2.9860435215487904,0.5749042293842794,0.08210271313768303,3.042076463510064,-0.05603294196127351
11442040100,10.604924702883324,2.9865745408683027,0.5750061538468222,0.10192446254271381,3.0426012729310408,-0.056026732062738116
11443040100,10.605763891839052,2.9871322356296117,0.5750955744649061,0.0894206180839312,3.043126112217056,-0.05599387658744437
11444040100,10.60660303216092,2.9876489309112544,0.5752055875908552,0.11001312594903201,3.0436509746182985,-0.05600204370704409
11445040100,10.607442112639923,2.9882677343315596,0.5753022088887992,0.09662129794403285,3.0441758643776105,-0.055908130046050886
11446040100,10.608281140552316,2.988812737155588,0.5754193599945666,0.11715110576736709,3.0447007744778176,-0.05588803732222969
11447040100,10.609120104718398,2.9892363441279763,0.5754852794148101,0.0659194202435085,3.045225709464546,-0.05598936533656973
11448040100,10.609959033010187,2.9897834356576176,0.5755880714407781,0.102792025967962,3.045750662336598,-0.05596722667898035
11449040100,10.610797905353808,2.990389528837765,0.5757517730270271,0.1637015862489859,3.0462756505290116,-0.055886121691246515
11450040100,10.6116366885788,2.990981597832659,0.5758537057881561,0.10193276112897287,3.0468006614757464,-0.05581906364308731
11451040100,10.612475416300562,2.9915797750140576,0.5759259869367257,0.07228114856959067,3.0473256744073467,-0.05574589939328911
11452040100,10.61331410465936,2.9921138560477853,0.5760051470582283,0.07916012150257412,3.0478507103548615,-0.0557368543070762
11453040100,10.614152749904006,2.9927194974091993,0.5760811183119681,0.07597125373976343,3.0483757794175155,-0.05565628200831618
11454040100,10.61499135376636,2.9932542918847758,0.5761891361731706,0.10801786120254242,3.0489008792436927,-0.05564658735891692
11455040100,10.615829898781984,2.9937993980148065,0.5762612281692212,0.07209199605062011,3.049426010914395,-0.05562661289958859
11456040100,10.616668404517378,2.9943469522277315,0.5763687402048434,0.10751203562222766,3.0499511634884513,-0.055604211260719794
11457040100,10.617506851665397,2.9948791371055767,0.5764710669578034,0.10232675295998117,3.0504763492149323,-0.05559721210935553
11458040100,10.618345243042693,2.995442310158377,0.5765721415085557,0.10107455075240601,3.0510015559963435,-0.055559245837966564
11459040100,10.619183579323131,2.9959786270596385,0.5766808972981203,0.10875578956452436,3.0515267855906103,-0.055548158530971836
11460040100,10.62002185631002,2.9965064687636715,0.5767740945197182,0.09319722159778543,3.052052038413798,-0.05554556965012658
11461040100,10.620860082477984,2.9970379945913437,0.5768807093033896,0.10661478367145971,3.0525773118300528,-0.055539317238709085
11462040100,10.621698250501717,2.997561063949238,0.5769915668456331,0.11085754224353828,3.053102611143661,-0.05554154719442295
11463040100,10.622536358057255,2.998003207152971,0.5771005828217057,0.10901597607268432,3.0536279317581148,-0.05562472460514378
11464040100,10.623374406139051,2.9985282964155155,0.5772138421856032,0.11325936389745017,3.0541532722099802,-0.05562497579446468
11465040100,10.624212392421573,2.9991380015024336,0.5773677409397835,0.1538987541802932,3.0546786331155786,-0.05554063161314504
11466040100,10.62505029471296,2.999685387362864,0.5774801774347105,0.11243649492704044,3.0552040130098987,-0.0555186256470348
11467040100,10.625888135628935,3.0002234830299948,0.5775501468614265,0.0699694267159634,3.0557293979699445,-0.05550591493994972
11468040100,10.626725938345539,3.0008545608109665,0.5776512344324484,0.10108757102184995,3.056254802166663,-0.055400241355696433
11469040100,10.627563685866768,3.0013920804832246,0.5777569513355155,0.10571690306714387,3.056780240128674,-0.05538815964544952
11470040100,10.628401375655779,3.0019692468534327,0.5778159827846707,0.05903144915516467,3.0573057011924476,-0.05533645433901491
11471040100,10.62923903320352,3.0024541038969823,0.5779217807218469,0.10579793717612951,3.057831183760495,-0.0553770798635127
11472040100,10.630076632960186,3.0029857899127834,0.5780076626945806,0.08588197273377673,3.058356703819353,-0.05537091390656945
11473040100,10.630914185797783,3.003509504024123,0.5781397994020795,0.13213670749886663,3.0588822453359406,-0.055372741311817464
11474040100,10.63175166643434,3.004173169509912,0.5782485200633191,0.10872066123959723,3.0594078151263133,-0.055234645616401234
11475040100,10.632589087653693,3.0046799756482887,0.57836124452504,0.11272446172093176,3.059933397318929,-0.05525342167064018
11476040100,10.633426447257266,3.0052705320784847,0.5784037233340713,0.04247880903131307,3.0604589999283753,-0.05518846784989062
11477040100,10.634263783638938,3.0057973225159436,0.5785246796181664,0.12095628409509196,3.060984621567588,-0.055187299051644434
11478040100,10.635101053889134,3.006334395840394,0.578603640401653,0.07896078348653113,3.061510286333519,-0.05517589049312477
11479040100,10.635938280961808,3.00684179030205,0.5787145034935242,0.11086309187115528,3.06203596728443,-0.05519417698238005
11480040100,10.636775447403258,3.007410389750155,0.5788202104496426,0.10570695611847292,3.0625616788260714,-0.05515128907591649
11481040100,10.637612556023798,3.0079712144570885,0.5789408087666833,0.12059831704065793,3.0630874099935426,-0.05511619553645408
11482040100,10.638449598666547,3.008497053451993,0.5790307286668532,0.08991990016991913,3.0636131625448293,-0.055116109092836485
11483040100,10.639286592107348,3.009013934373499,0.5791244764852053,0.09374781835208257,3.0641389313495004,-0.055124996976001484
11484040100,10.640123534244454,3.0095299377661195,0.5792357251458837,0.11124866067842465,3.064664726938389,-0.05513478917226955
11485040100,10.640960415490946,3.0101038248135055,0.5793514840647047,0.11575891882103484,3.065190547986159,-0.05508672317265351
11486040100,10.641797233367196,3.010612190751056,0.5794677141127195,0.11623004801472447,3.0657163884634677,-0.05510419771241182
11487040100,10.642633987604007,3.011133256218049,0.5795549159549808,0.08720184226133654,3.0662422468048085,-0.05510899058675944
11488040100,10.643470694087773,3.0116385556588408,0.5796749222689834,0.12000631400267636,3.066768122833256,-0.05512956717441542
11489040100,10.644307334843866,3.0122607683386966,0.5797885972829411,0.1136750139576721,3.067294026526806,-0.055033258188109446
11490040100,10.645143913328837,3.0127680498844844,0.579910210351056,0.12161306811502204,3.0678199465813307,-0.05505189669684629
11491040100,10.645980425182257,3.013367576937585,0.5799731823948757,0.06297204381968147,3.0683458851617793,-0.05497830822419436
11492040100,10.646816902528561,3.0139474264631385,0.5800936665827607,0.12048418788496562,3.0688718395188985,-0.05492441305576001
11493040100,10.647653313843279,3.014538126086167,0.5801678887599327,0.07422217717197999,3.069397829845741,-0.05485970375957416
11494040100,10.648489684474347,3.015172130325186,0.5802518599673424,0.08397120740963082,3.069923836314196,-0.05475170598900991
11495040100,10.649326009072443,3.015685347079488,0.5803302848105117,0.07842484316937881,3.0704498748595377,-0.05476452778004948
11496040100,10.650162290672755,3.0162512354549134,0.5803868574527418,0.05657264223004077,3.070975942113698,-0.054724706658784594
11497040100,10.650998541252939,3.016833151407828,0.5805038638927392,0.117006439997418,3.0715020399820467,-0.05466888857421859
11498040100,10.651834727667211,3.017360037984719,0.5805944702482552,0.09060635551608431,3.072028175997346,-0.05466813801262704
11499040100,10.652670864385419,3.0178954681992765,0.5806769703286264,0.08250008037127632,3.072554329301102,-0.05465886110182572
11500040100,10.653506955847748,3.0184314520712303,0.5807869922746919,0.11002194606543814,3.0730805089917794,-0.05464905692054911
11501040100,10.654342986948068,3.0190422276691797,0.5808927370943368,0.10574481964488935,3.0736067178591284,-0.05456449018994869
11502040100,10.655178960023429,3.01950873333935,0.5809982001236101,0.10546302927336537,3.074132946390293,-0.05462421305094267
11503040100,10.656014875219146,3.0200316358575328,0.5810661080276599,0.06790790404974789,3.0746591960494314,-0.05462756019189863
11504040100,10.656850753141098,3.020486037300051,0.5812062809475641,0.14017291990417213,3.075185466921411,-0.054699429621360096
11505040100,10.657686554111766,3.0210006418757818,0.5813182727865904,0.11199183902636545,3.0757117719746923,-0.05471113009891049
11506040100,10.658522293590028,3.0214920316229366,0.5814646760613211,0.14640327473068915,3.0762380862201546,-0.05474605459721804
11507040100,10.659357952665468,3.022051860011611,0.5815810057848758,0.11632972355456062,3.0767644193834975,-0.05471255937188646
11508040100,10.660193547841327,3.0226100051878686,0.581709022268491,0.12801648361519646,3.077290759545992,-0.05468075435812336
11509040100,10.661029072685036,3.023175215722865,0.5818027559544696,0.09373368597871146,3.0778171170926605,-0.05464190136979541
11510040100,10.66186454602285,3.0236443389782024,0.5818972763634847,0.09452040901508507,3.078343487962993,-0.05469914898479056
11511040100,10.662699967415037,3.0241492239888608,0.5819881930756329,0.09091671214825414,3.078869884010082,-0.054720660021221335
11512040100,10.663535338835043,3.0247217868420018,0.5821272805615726,0.13908748593967335,3.0793963049515476,-0.05467451810954582
11513040100,10.664370633792538,3.025338807162994,0.5822485426889015,0.12126212732893116,3.079922752025741,-0.0545839448627472
11514040100,10.665205862073723,3.0259368174899643,0.5823358867297952,0.08734404089371317,3.0804492085308794,-0.0545123910409151
11515040100,10.666041042320938,3.0265481411684734,0.5824008256246042,0.06493889480891823,3.080975680625425,-0.05442753945695156
11516040100,10.666876186851537,3.0271544478300476,0.5824751342346626,0.07430861005841827,3.0815021800537714,-0.0543477322237238
11517040100,10.667711290507825,3.027688124732108,0.5825426301873519,0.06749595268932573,3.0820287145775183,-0.054340589845410125
11518040100,10.668546357033186,3.0281831071934695,0.5826124926519332,0.06986246458124423,3.0825552809423407,-0.054372173748871155
11519040100,10.669381385121746,3.0286966092631333,0.5827186716957345,0.10617904380140519,3.083081881505901,-0.05438527224276779
11520040100,10.670216354785111,3.029264467655451,0.5828442782954589,0.12560659972441002,3.083608515442261,-0.05434404778681001
11521040100,10.671051255321084,3.02981694173984,0.5829606680411654,0.11638974570639071,3.084135170140538,-0.05431822840069778
11522040100,10.671886091790387,3.030367338669179,0.5830498075991151,0.08913955794959971,3.084661838842525,-0.054294500173345916
11523040100,10.672720879185224,3.0309461383159118,0.5831465947021194,0.09678710300434723,3.08518852473221,-0.054242386416298416
11524040100,10.673555613287839,3.031514338626315,0.5832443815544187,0.09778685229932016,3.085715237261617,-0.054200898635301975
11525040100,10.674390293539817,3.0320103272048677,0.5833278761936471,0.08349463922843015,3.086241973764327,-0.054231646559459445
11526040100,10.675224927805479,3.0325726352736555,0.5834165995600766,0.08872336642947509,3.086768733882252,-0.05419609860859653
11527040100,10.676059513198622,3.033153003025539,0.5835415021431175,0.12490258304084012,3.087295522573555,-0.0541425195480163
11528040100,10.676894029779096,3.0336851703313625,0.583633188228975,0.09168608585750793,3.0878223380121383,-0.05413716768077581
11529040100,10.677728495838604,3.0343146673700416,0.5837157507422981,0.08256251332305542,3.0883491676043775,-0.05403450023433587
11530040100,10.678562916398423,3.034846037440997,0.5838224098800519,0.1066591377537982,3.0888760228908403,-0.05402998544984339
11531040100,10.679397278170635,3.0354359752804676,0.5838802117149853,0.057801834933445484,3.0894029070372433,-0.05396693175677569
11532040100,10.680231608080085,3.0359812786198868,0.5839870824919017,0.10687077691635949,3.0899298116476857,-0.053948533027798895
11533040100,10.681065879070603,3.0364760005150164,0.5840645535501219,0.07747105822026512,3.090456753721373,-0.053980753206356535
11534040100,10.681900107344592,3.0370344105853118,0.584164323867459,0.09977031733704855,3.090983716166285,-0.05394930558097322
11535040100,10.682734280599156,3.0375251503289635,0.5842894595736526,0.12513570619371084,3.091510709211434,-0.053985558882470475
11536040100,10.683568384834537,3.03808339594182,0.5843827036583318,0.09324408467909073,3.0920377250801856,-0.05395432913836551
11537040100,10.684402437632215,3.038694816254699,0.5845098668703841,0.1271632120523547,3.0925647549202786,-0.05386993866557965
11538040100,10.685236420269161,3.0392498881304357,0.5846032217019592,0.09335483157514268,3.09309180983351,-0.053841921703074114
11539040100,10.686070351390146,3.039883070129177,0.584669832989293,0.06661128733381005,3.093618877981207,-0.05373580785203025
11540040100,10.686904245748607,3.040429773348127,0.5847645691049748,0.09473611568175677,3.094145971139451,-0.05371619779132386
11541040100,10.687738087816182,3.041006020885078,0.5848200504867467,0.05548138177187667,3.094673098629521,-0.05366707774444279
11542040100,10.68857189925658,3.041489334172611,0.5849187492728694,0.09869878612272931,3.0952002506316774,-0.05371091645906656
11543040100,10.689405656206317,3.042004424757495,0.5850025899649655,0.08384069209595602,3.095727440838438,-0.05372301608094299
11544040100,10.690239366862023,3.04246020274283,0.585133004637911,0.13041467294550024,3.096254654158315,-0.053794451415485334
11545040100,10.691073005495458,3.04304195699149,0.5852475664642092,0.11456182629823086,3.096781895769272,-0.05373993877778194
11546040100,10.691906580849748,3.043611166279232,0.5853919416630731,0.1443751988639086,3.097309149393805,-0.05369798311457297
11547040100,10.69274007644166,3.044125138589172,0.585473225735814,0.08128407274088723,3.0978364205530795,-0.05371128196390762
11548040100,10.693573527119247,3.0446771846292426,0.585560707180128,0.08748144431403926,3.0983636988113368,-0.053686514182094136
11549040100,10.694406929451935,3.0452238683279256,0.585675837274731,0.11513009460302381,3.098891006206294,-0.05366713787836863
11550040100,10.695240268150522,3.045797273490693,0.5857718955953285,0.09605832059744301,3.0994183405632327,-0.05362106707253966
11551040100,10.696073553747809,3.0463457886909717,0.5858706098689269,0.09871427359840812,3.099945692201711,-0.05359990351073929
11552040100,10.696906784767563,3.0468718072739653,0.5859558799442044,0.08527007527742914,3.100473067780367,-0.05360126050640179
11553040100,10.697739968636332,3.047443355722571,0.5860535646915719,0.09768474736752353,3.1010004663591495,-0.05355711063657864
11554040100,10.698573098481846,3.0480186158483282,0.5861625120076366,0.10894731606474473,3.101527892633584,-0.05350927678525563
11555040100,10.699406168066112,3.0486073367378075,0.586248619994373,0.08610798673644737,3.10205534224826,-0.05344800551045248
11556040100,10.700239190015088,3.0491387609944054,0.5863327881916323,0.08416819725922853,3.102582811247487,-0.05344405025308152
11557040100,10.701072165395905,3.0497112032927958,0.5864101131955255,0.07732500389320851,3.103110307619769,-0.053399104326973035
11558040100,10.70190509798953,3.0502268631989264,0.5865160923466182,0.10597915109271483,3.1036378320364797,-0.05341096883755325
11559040100,10.702737971932322,3.0507764157682353,0.5866014866632658,0.08539431664762542,3.10416538688823,-0.05338897111999463
11560040100,10.703570798609505,3.0512860305936376,0.5867153111834542,0.1138245201884045,3.1046929621223534,-0.053406931528715784
11561040100,10.704403562275568,3.0518367762985967,0.5868121556085697,0.09684442511548763,3.1052205649451032,-0.0533837886465065
11562040100,10.705236272321878,3.052401032329099,0.5869290186759465,0.11686306737675434,3.105748185375532,-0.053347153046432894
11563040100,10.706068917654337,3.0529534749044447,0.5870252788568352,0.09626018088866495,3.1062758293571058,-0.05332235445266109
11564040100,10.706901509673413,3.0535104951604954,0.5871147224264269,0.08944356959172595,3.1068034898532098,-0.05329299469271431
11565040100,10.707734052147552,3.0540355533742423,0.5872100314167037,0.09530899027672302,3.107331174081665,-0.053295620707422664
11566040100,10.708566541820426,3.0546437953607706,0.5873030047607483,0.09297334404454727,3.107858884425582,-0.053215089064811316
11567040100,10.709398979978697,3.0552051934180797,0.587411977487936,0.10897272718775142,3.108386618815711,-0.053181425397631266
11568040100,10.710231357748281,3.0557510599277866,0.5874792093366463,0.06723184871027321,3.108914378062277,-0.05316331813449038
11569040100,10.711063698255511,3.0562866669618196,0.5875698083005632,0.09059896391682365,3.1094421565329746,-0.05315548957115501
11570040100,10.711895988543525,3.0568720387272594,0.5876681464742689,0.09833817370574227,3.1099699688865847,-0.05309793015932529
11571040100,10.712728224314725,3.0574769855689583,0.587771615737907,0.10346926363808517,3.110497806903094,-0.05302082133413588
11572040100,10.713560402715848,3.0580520376952665,0.5878501003997936,0.07848466188648917,3.111025667851507,-0.05297363015624068
11573040100,10.714392537594035,3.058602273887153,0.5879186548177158,0.06855441792213668,3.1115535499158753,-0.052951276028722294
11574040100,10.715224634451818,3.0591250877647833,0.588002072811187,0.0834179934712207,3.1120814618749044,-0.05295637411012111
11575040100,10.716056685040556,3.059780025922356,0.5880978690707338,0.09579625954679383,3.1126094072163752,-0.05282938129401904
11576040100,10.716888682487314,3.0603061783243906,0.5882074034415572,0.10953437082344042,3.1131373807033746,-0.05283120237898409
11577040100,10.717720619161662,3.0608961735240534,0.5882506358158325,0.043232374275290475,3.113665377969813,-0.0527692044457595
11578040100,10.71855253184686,3.061428319269819,0.5883582766473253,0.1076408314927999,3.114193394166893,-0.05276507489707427
11579040100,10.719384384796635,3.0619334002153167,0.5884338815873197,0.07560493999435636,3.114721452636939,-0.05278805242162221
11580040100,10.720216195783586,3.0624506451228726,0.5885384242161941,0.10454262887441246,3.1152495306866292,-0.05279888556375667
11581040100,10.721047948738665,3.0629791613237667,0.588656555029233,0.1181308130388814,3.115777639593251,-0.05279847826948414
11582040100,10.721879636108099,3.0635868193902813,0.5887686410177065,0.11208598847360207,3.1163057691497364,-0.052718949759455125
11583040100,10.722711261237214,3.0641730505978635,0.5888751009111542,0.10645989344769458,3.116833914552327,-0.052660863954463455
11584040100,10.723542827240454,3.064762204610669,0.5889418387695162,0.0667378583620204,3.1173620779175444,-0.052599873306875544
11585040100,10.724374356173906,3.065352252075293,0.5890191829029732,0.07734413345699753,3.1178902612161714,-0.05253800914087847
11586040100,10.725205842141639,3.0658591401700495,0.5890949536590949,0.07577075612184458,3.118418478452927,-0.05255933828287773
11587040100,10.726037286012863,3.066474921318113,0.589170170997916,0.07521733882110837,3.1189467258796064,-0.052471804561493585
11588040100,10.726868688090324,3.067029627598874,0.5892870258352966,0.11685483738046898,3.1194750040449932,-0.05244537644611924
11589040100,10.727700025229229,3.0674890778782893,0.5893492745094121,0.06224867411547663,3.120003313138138,-0.052514235259848885
11590040100,10.728531327770675,3.0679985501475486,0.5894420232866825,0.09274877727042252,3.1205316384461668,-0.052533088298618136
11591040100,10.729362578756902,3.068623459126333,0.5895825459221249,0.14052263544240606,3.1210599992463024,-0.052436540119969344
11592040100,10.73019375161877,3.069219272937551,0.5896981130857606,0.11556716363564856,3.121588384756965,-0.05236911181941384
11593040100,10.731024860218117,3.0697545176504275,0.5897557812029609,0.05766811720034681,3.122116778081395,-0.05236226043096748
11594040100,10.731855936746255,3.0703103152303406,0.5898278659698546,0.0720847668936404,3.1226451880224815,-0.052334872792140885
11595040100,10.732686973181709,3.0708510691070505,0.5899302299247038,0.10236395484917526,3.1231736350425123,-0.05232256593546181
11596040100,10.733517952676136,3.0713822092719103,0.590022281284387,0.09205135968322686,3.1237021140388848,-0.05231990476697446
11597040100,10.734348880958592,3.071878704603278,0.590121845934082,0.09956464969491652,3.1242306142925997,-0.05235190968932191
11598040100,10.735179753841196,3.072434782643284,0.590226222788551,0.10437685446898026,3.1247591394415046,-0.052324356798220784
11599040100,10.736010568637493,3.072982143880323,0.5903479985669962,0.12177577844513365,3.1252876868161685,-0.05230554293584566
11600040100,10.736841315653443,3.0735175084672544,0.5904399390426709,0.09194047567471308,3.125816254701263,-0.052298746234008764
11601040100,10.737672011487202,3.074061518594324,0.5905362105883406,0.096271545669663,3.126344836921753,-0.05228331832742894
11602040100,10.738502653720188,3.074601530964065,0.5906384740620287,0.10226347368809474,3.1268734440316486,-0.0522719130675835
11603040100,10.739333239007864,3.075112503813097,0.5907363964043165,0.09792234228778351,3.12740207448644,-0.05228957067334328
11604040100,10.740163769759445,3.0756844132908054,0.5908363065338864,0.09991012956992584,3.127930726151554,-0.052246312860748656
11605040100,10.740994244859657,3.07623366476164,0.5909507823866044,0.1144758527179981,3.128459400554238,-0.05222573579259793
11606040100,10.741824656184995,3.0769444624012454,0.591034714823619,0.08393243701457909,3.128988096978542,-0.05204363457729677
11607040100,10.742655020744383,3.077568749846889,0.5911299461647875,0.09523134116848109,3.1295168102458852,-0.051948060398996354
11608040100,10.74348533223515,3.0780830195950224,0.5911440486743457,0.014102509558183485,3.1300455511795917,-0.051962531584569316
11609040100,10.74431563586651,3.078650620951608,0.5912012290210426,0.0571803466969083,3.1305743157614216,-0.051923694809813625
11610040100,10.745145907629261,3.079193550948974,0.5913134590302236,0.11223000918100912,3.131103132780897,-0.051909581831922846
11611040100,10.745976116834404,3.079753500366544,0.591398971885327,0.08551285510340101,3.1316319869479337,-0.051878486581389716
11612040100,10.746806278367202,3.0803393499016494,0.5914968108421602,0.09783895683326538,3.132160858710307,-0.05182150880865777
11613040100,10.747636385348565,3.0808715873144377,0.5915860867312496,0.0892758890893326,3.1326897575444086,-0.05181817022997093
11614040100,10.748466442546013,3.0814092092941774,0.591662312196033,0.07622546478352987,3.133218679062338,-0.05180946976816081
11615040100,10.749296457231763,3.0819112559341937,0.5917653484320995,0.10303623606645562,3.133747626296401,-0.05183637036220734
11616040100,10.75012641444552,3.082444059578317,0.5918656878932655,0.10033946116599957,3.134276603876586,-0.05183254429826878
11617040100,10.750956315683032,3.0828957534846526,0.5919838840592345,0.11819616596907956,3.134805602263558,-0.05190984877890559
11618040100,10.751786150971887,3.083421363316973,0.5920867045160294,0.10282045679490359,3.135334622404301,-0.05191325908732791
11619040100,10.752615928881674,3.0839404677514284,0.5922302453710723,0.14354085504287095,3.135863657934653,-0.051923190183224666
11620040100,10.753445626673662,3.084479065352275,0.5923368428093236,0.10659743825131596,3.136392714310496,-0.051913648958220815
11621040100,10.754275264956876,3.0849740844663236,0.5924467232731355,0.10988046381184535,3.136921777025016,-0.05194769255869236
11622040100,10.755104841888677,3.085581546788058,0.5925468412533177,0.1001179801821257,3.1374508592106203,-0.05186931242256243
11623040100,10.7559343629112,3.086076560629076,0.5926688263385842,0.12198508526651608,3.137979959685058,-0.05190339905598229
11624040100,10.75676381580187,3.0865936546925745,0.59273444224073,0.06561590214581514,3.1385090819125345,-0.05191542721996001
11625040100,10.757593232039241,3.087181751641651,0.5928563614765261,0.12191923579608854,3.1390382180892296,-0.051856466447578686
11626040100,10.758422580162572,3.0878650126865335,0.5929672716599176,0.11091018339150338,3.1395673882909065,-0.051702375604373074
11627040100,10.75925186631171,3.0884927096748935,0.5930425795595166,0.07530789959882167,3.14009657244004,-0.0516038627651465
11628040100,10.76008111037462,3.0891248788841437,0.5930700042311489,0.027424671632468645,3.1406257744461925,-0.05150089556204884
11629040100,10.760910339109934,3.089718150010289,0.5931250228695877,0.05501863843879917,3.1411550069953087,-0.05143685698501965
11630040100,10.76173953709356,3.0903261132366606,0.593177614795743,0.05259192615535735,3.1416842871644803,-0.05135817392781972
11631040100,10.762568705679518,3.090895178954216,0.5932495515915646,0.07193679582151447,3.14221360510944,-0.05131842615522375
11632040100,10.763397834050762,3.0914844500011243,0.5933140039346041,0.06445234303950631,3.1427429616936813,-0.05125851169255702
11633040100,10.76422692638767,3.0921199008312943,0.5933978449334261,0.08384099882194551,3.1432723500095854,-0.05115244917829109
11634040100,10.765055971845179,3.092704101230335,0.593471479367941,0.0736344345148714,3.1438017727237586,-0.05109767149342348
11635040100,10.765884976125449,3.093264567345118,0.5935218290537275,0.05034968578652688,3.1443312229078124,-0.05106665556269441
11636040100,10.766713952246995,3.093860934147431,0.593597708189589,0.07587913586144435,3.144860704199555,-0.050999770052124305
11637040100,10.767542885928169,3.0943728016807293,0.5936854080517778,0.08769986218877257,3.1453902249120596,-0.051017423231330294
11638040100,10.768371770551509,3.0949117893438416,0.5937550435884029,0.06963553662508914,3.1459197759207953,-0.05100798657695371
11639040100,10.769200616217356,3.0954672197267716,0.5938669792746017,0.1119356861987777,3.146449352994207,-0.05098213326743517
11640040100,10.770029399252532,3.0961478987723137,0.593965349107052,0.09836983245031483,3.146978962581702,-0.05083106380938851
11641040100,10.770858127238885,3.096744109396366,0.5940554621950446,0.09011308799252493,3.1475085895516273,-0.05076448015526136
11642040100,10.771686804789937,3.0973127930091713,0.5940826575387947,0.027195343750156198,3.1480382387422914,-0.0507254457331201
11643040100,10.772515467118733,3.0979131841124685,0.5941519650807925,0.0693075419977891,3.1485679130966915,-0.05065472898422296
11644040100,10.773344090650726,3.0984687177997094,0.5942349706917649,0.08300561097240244,3.14909763512091,-0.05062891732120045
11645040100,10.774172667712802,3.0990313959228386,0.5943020050542424,0.06703436247747163,3.1496273897447296,-0.05059599382189095
11646040100,10.775001207242152,3.0995935231947747,0.5943914328664217,0.08942781217940432,3.150157172059128,-0.05056364886435327
11647040100,10.775829696694823,3.100185383543387,0.5944772365143289,0.08580364790718775,3.150686987775135,-0.050501604231747876
11648040100,10.776658138094,3.100703176994069,0.5945632676655253,0.08603115119617666,3.1512168288677316,-0.050513651873662635
11649040100,10.777486531306149,3.1012285881946573,0.5946343209281661,0.07105326264085043,3.1517466966260166,-0.05051810843135929
11650040100,10.778314884715934,3.101753716279088,0.5947424451212315,0.10812419306543664,3.152276590959996,-0.0505228746809081
11651040100,10.779143177549068,3.1023243510654517,0.5948467826934578,0.10433757222627094,3.152806517229319,-0.05048216616386725
11652040100,10.77997141191783,3.102890162976602,0.5949512873878043,0.1045046943464989,3.153336462138938,-0.05044629916233623
11653040100,10.780799587719532,3.103368648751187,0.5950329666715791,0.0816792837747542,3.1538664270333427,-0.050497778282155625
11654040100,10.781627717739813,3.1039179055275956,0.5951169956913198,0.08402901974066257,3.1543964118400787,-0.050478506312483074
11655040100,10.782455800655875,3.104435788658586,0.595244800733573,0.1278050422531516,3.1549264247357875,-0.0504906360772015
11656040100,10.783283811916947,3.1050775492351015,0.5953371958316396,0.09239509806657065,3.1554564648696264,-0.0503789156345249
11657040100,10.784111771367494,3.1055972157456257,0.5954453156854858,0.10811985384628109,3.1559865165201835,-0.05038930077455772
11658040100,10.784939670180888,3.106208168441563,0.5954912791570768,0.045963471590987126,3.156516592383479,-0.050308423941916036
11659040100,10.785767543213531,3.1067096939551915,0.5955983225867382,0.10704342966135716,3.157046686802264,-0.050336992847072715
11660040100,10.786595356199108,3.107321556485732,0.5956595704848835,0.06124789814535436,3.1575768220911407,-0.05025526560540872
11661040100,10.787423134822808,3.1078797930537254,0.5957756096287794,0.1160391438958932,3.1581069763038876,-0.05022718325016218
11662040100,10.78825084833661,3.1084805672820046,0.595836326309519,0.06071668073954761,3.1586371658856045,-0.05015659860359989
11663040100,10.789078527777665,3.109064701748673,0.5959238175620445,0.08749125252547607,3.1591673711373645,-0.050102669388691456
11664040100,10.789906158115361,3.109672521971722,0.5959899066814955,0.06608911945109597,3.1596976119356164,-0.05002508996389432
11665040100,10.790733751357173,3.110276278938997,0.5960642256676612,0.07431898616565658,3.1602278786479943,-0.04995159970899721
11666040100,10.791561302879352,3.110846003423487,0.5961265596256781,0.062333958016954405,3.1607581789641976,-0.04991217554071081
11667040100,10.792388819406275,3.111391729110198,0.5961907951001927,0.06423547451459477,3.1612885099186734,-0.049896780808475594
11668040100,10.793216299867039,3.1118641567298053,0.596271983348176,0.08118824798335744,3.1618188758181347,-0.04995471908832938
11669040100,10.79404373473832,3.112474108720273,0.5963651577479671,0.09317439979105036,3.162349275974261,-0.049875167253988106
11670040100,10.794871117282836,3.113025698544502,0.5964951142547154,0.1299565067483348,3.1628797042796997,-0.04985400573519749
11671040100,10.795698426831752,3.1136036008318446,0.5965561636033196,0.06104934860432376,3.1634101564107446,-0.049806555578900014
11672040100,10.79652570208488,3.1142146344528134,0.59664636367246,0.0902000691403666,3.1639406191085655,-0.049725984655752065
11673040100,10.797352926660531,3.1148327830545615,0.5967233179142527,0.07695424179265142,3.1644711171813604,-0.049638334126798966
11674040100,10.798180107995345,3.115403591498422,0.5967835631056229,0.06024519137015005,3.1650016401208028,-0.04959804862238082
11675040100,10.79900725547477,3.1159960845661288,0.5968400879886026,0.056524882979637425,3.165532192691874,-0.04953610812574505
11676040100,10.79983437118674,3.116560454796162,0.5969202172545948,0.08012926599218329,3.1660627809117905,-0.04950232611562866
11677040100,10.800661441860871,3.117055102236282,0.596989398223391,0.06918096879626479,3.1665934061184906,-0.04953830388220881
11678040100,10.801488473646543,3.1176348451361804,0.5970725916143692,0.08319339097816947,3.1671240597959667,-0.049489214659786285
11679040100,10.80231545866176,3.1182092238785915,0.5971907326481667,0.1181410337974258,3.1676547458863915,-0.04944552200780006
11680040100,10.803142377249483,3.1187388296718535,0.5972662440449302,0.07551139676354346,3.168185459328601,-0.04944662965674773
11681040100,10.803969253373156,3.1192522775343003,0.5973443638657295,0.07811982079932456,3.168716187501431,-0.04946390996713079
11682040100,10.80479608556096,3.1197522340023993,0.5974448797711727,0.10051590544313171,3.1692469457790615,-0.049494711776662204
11683040100,10.805622861209548,3.1203073444297074,0.5975535243152539,0.108644544081268,3.1697777332131913,-0.049470388783483976
11684040100,10.806449575737245,3.1207828897725545,0.5976689907966909,0.1154664814370081,3.1703085417080317,-0.0495256519354772
11685040100,10.807276225295492,3.121337112459502,0.5977568422250137,0.08785142832278936,3.170839368315235,-0.04950225585573298
11686040100,10.808102825415052,3.121896199478472,0.5978845958142772,0.1277535892635555,3.171370210555974,-0.049474011077502045
11687040100,10.80892935362946,3.122433708560219,0.5979729717873657,0.0883759730885112,3.171901078397024,-0.04946736983680511
11688040100,10.809755832094224,3.122988166901619,0.598058871956243,0.08590016887723895,3.1724319574025373,-0.04944379050091818
11689040100,10.810582262196862,3.12353916570556,0.5981555534158107,0.09668145956773433,3.1729628617957566,-0.04942369609019659
11690040100,10.811408637860174,3.1241136012140576,0.5982437258315086,0.08817241569789225,3.173493792463198,-0.04938019124914028
11691040100,10.812234963868692,3.1246053350700467,0.5983336010167741,0.08987518526543337,3.1740247454953625,-0.049419410425315835
11692040100,10.813061239256879,3.1251100891958474,0.5984116820671703,0.07808105039615931,3.174555723960946,-0.04944563476509867
11693040100,10.813887470662118,3.1255917351202,0.5985312051497493,0.11952308257903876,3.175086727234504,-0.04949499211430419
11694040100,10.814713634730415,3.126129618655368,0.5986442829997053,0.11307784995589998,3.1756177595771184,-0.04948814092175047
11695040100,10.81553973508202,3.1266874770411026,0.5987690282577501,0.1247452580448476,3.176148805972634,-0.04946132893153132
11696040100,10.81636576513037,3.127269558465755,0.5988656480625583,0.09661980480820187,3.176679868739882,-0.04941031027412679
11697040100,10.817191740717425,3.127792249414599,0.5989522350367125,0.08658697415419336,3.177210943636137,-0.04941869422153777
11698040100,10.818017667491794,3.1284320870586795,0.5990266145428546,0.0743795061420629,3.177742040839025,-0.04930995378034542
11699040100,10.818843552330396,3.1289476348942418,0.5991307172527254,0.10410270987083603,3.178273163975245,-0.04932552908100307
11700040100,10.81966937846737,3.1294816153761995,0.5991760421526283,0.04532489990291566,3.1788043174630722,-0.04932270208687273
11701040100,10.820495179043661,3.1301490366115194,0.5992835583438986,0.10751619127021339,3.1793354905147844,-0.049186453903264926
11702040100,10.821320918980106,3.1306760313067548,0.5993818623790529,0.09830403515436448,3.1798667044433664,-0.04919067313661163
11703040100,10.822146603464072,3.131204818516603,0.5994131940613476,0.03133168229473782,3.180397936679846,-0.04919311816324301
11704040100,10.82297227027242,3.1317718912033947,0.5995147566427159,0.1015625813682437,3.180929190554817,-0.049157299351422434
11705040100,10.82379787977916,3.132414063929435,0.599615438719354,0.10068207663806295,3.181460490372114,-0.04904642644267909
11706040100,10.82462343247267,3.1330647657839688,0.5996969294829438,0.08149076358990026,3.1819918106308407,-0.04892704484687194
11707040100,10.825448939176159,3.1336179146040877,0.5997406587426899,0.04372925974608144,3.18252315163884,-0.04890523703475225
11708040100,10.8262744211984,3.1342346114760566,0.5997798950911323,0.03923634844242585,3.183054520356862,-0.04881990888080523
11709040100,10.827099881073897,3.1347792831423265,0.5998678782515894,0.087983160457064,3.183585930499177,-0.048806647356850696
11710040100,10.827925291283155,3.135325467196798,0.5999239375248088,0.056059273219396744,3.184117383697945,-0.048791916501147004
11711040100,10.828750669843782,3.1358700194512807,0.6000160044921691,0.09206696736028341,3.184648862233338,-0.04877884278205746
11712040100,10.82957599642177,3.1363991822518655,0.600107298522703,0.09129403053385499,3.1851803777037837,-0.04878119545191817
11713040100,10.830401271446625,3.136909191413733,0.6001994008471894,0.09210232448641076,3.1857119170116093,-0.04880272559787624
11714040100,10.83122649445494,3.1374941236078113,0.6002992145703292,0.09981372313987524,3.186243480428079,-0.048749356820267487
11715040100,10.832051661083652,3.138064935421244,0.6004086602756589,0.10944570532971198,3.1867750676493536,-0.048710132228109604
11716040100,10.832876765882702,3.1386442293127694,0.6004805496773402,0.07188940168132696,3.1873066758590127,-0.0486624465462433
11717040100,10.833701830063568,3.1392520096817846,0.6005594313563289,0.07888167898877807,3.18783830153901,-0.048586291857225294
11718040100,10.83452684967064,3.1397786920988286,0.6006339853950173,0.07455403868836097,3.188369958350936,-0.04859126625210752
11719040100,10.835351827144626,3.140348470527366,0.6006941595138111,0.06017411879381829,3.1889016437424296,-0.048553173215063694
11720040100,10.836176770608775,3.140962721001743,0.600794906904323,0.10074739051189496,3.189433359282809,-0.048470638281066236
11721040100,10.837001657124777,3.141575012502507,0.6008740452377551,0.07913833343199883,3.18996511020519,-0.048390097702682766
11722040100,10.837826498901425,3.1421272978686607,0.6009308002401639,0.05675500240882947,3.19049688171971,-0.04836958385104939
11723040100,10.83865130858953,3.1426833492108424,0.6009883839854763,0.0575837453124457,3.19102868169173,-0.04834533248088757
11724040100,10.839476085717816,3.143265614380558,0.6010759440560555,0.08756007057918502,3.1915605182750397,-0.04829490389448177
11725040100,10.840300813331403,3.1438551724595483,0.601161591014748,0.08564695869248418,3.1920923911644614,-0.048237218704913154
11726040100,10.841125492506027,3.1443796776645523,0.6012340484281689,0.07245741342085221,3.1926242894232146,-0.04824461175866235
11727040100,10.841950130696516,3.145011535613263,0.6013027567519776,0.06870832380878866,3.193156213740309,-0.04814467812704626
11728040100,10.84277473001947,3.1455724184630194,0.6014040193801744,0.10126262819674192,3.193688168920289,-0.04811575045726979
11729040100,10.843599272052185,3.1460505442161395,0.6014514212624232,0.047401882248798266,3.1942201563256454,-0.04816961210950588
11730040100,10.844423787263954,3.1466217200314484,0.6015342690159483,0.08284775352509044,3.194752164066447,-0.048130444034998554
11731040100,10.84524825559434,3.147210751504391,0.6016586132494897,0.12434423354132207,3.1952842117986506,-0.04807346029425963
11732040100,10.846072653550944,3.1477843394151246,0.6017363741914715,0.07776094198183792,3.195816286575301,-0.04803194716017645
11733040100,10.846897007491537,3.148395356541109,0.6018051069134672,0.06873272199569858,3.1963483732286804,-0.04795301668757146
11734040100,10.847721322522327,3.1489426915100216,0.6018814843524172,0.07637743894998739,3.1968804887642612,-0.047937797254239634
11735040100,10.848545594311048,3.149424929248676,0.6019390038216618,0.05751946924457041,3.197412636474869,-0.047987707226193166
11736040100,10.849369833531208,3.1499939970331137,0.602028350082439,0.08934626077732588,3.1979448135606248,-0.0479508165275111
11737040100,10.850194022156497,3.1505617507600503,0.6021503595246135,0.1220094421744875,3.19847702691024,-0.047915276150189534
11738040100,10.851018141679829,3.1511322426772677,0.6022288983669565,0.07853884234295361,3.1990092648808535,-0.047877022203585806
11739040100,10.851842216714966,3.151791750773524,0.6023080355170366,0.07913715008011124,3.1995415155140705,-0.047749764740546485
11740040100,10.852666246917858,3.152261660708598,0.60238573342071,0.07769790367344687,3.200073794700085,-0.047812133991487205
11741040100,10.853490233098835,3.1528314978059324,0.6024186830534421,0.032949632732191425,3.2006061022127987,-0.04777460440686632
11742040100,10.854314200609778,3.153422064806339,0.6025465707252705,0.1278876718283657,3.201138438571853,-0.047716373765513964
11743040100,10.85513809564809,3.1540012223140956,0.6026244342376621,0.07786351239161071,3.2016708201547353,-0.04766959784063962
11744040100,10.85596194655535,3.154594957098778,0.6026918390395969,0.0674048019347353,3.202203212194476,-0.047608255095698215
11745040100,10.856785759255255,3.1552335109993863,0.6027648602853497,0.07302124575283475,3.2027356329983867,-0.04750212199900039
11746040100,10.857609530559985,3.155776608673823,0.602830484646763,0.06562436141337091,3.20326808639156,-0.04749147771773732
11747040100,10.858433264659032,3.156410010435456,0.6028735035438298,0.04301889706685724,3.203800570310765,-0.047390559875308824
11748040100,10.859256974366621,3.1570357332264427,0.6029642445894879,0.09074104565808838,3.2043330874613325,-0.04729735423488979
11749040100,10.860080632619582,3.1575418077302078,0.6030096484380068,0.045403848518780876,3.204865646126258,-0.047323838396050366
11750040100,10.860904265123784,3.158141730598565,0.6030587262007759,0.049077762769199396,3.2053982288057483,-0.04725649820718347
11751040100,10.861727869793823,3.1587598943099966,0.6031676931307896,0.10896693001364977,3.205930852118776,-0.047170957808779335
11752040100,10.862551412656819,3.159268409316514,0.6032296215961652,0.0619284653756873,3.206463514716617,-0.04719510540010319
11753040100,10.863374920389063,3.159815320108459,0.6032822782801832,0.05265668401798429,3.206996194623567,-0.04718087451510833
11754040100,10.864198398247764,3.16043074121651,0.6033898163010136,0.1075380208304395,3.2075289090895893,-0.04709816787307952
11755040100,10.865021815090177,3.16098575274466,0.6034781453160145,0.08832901500085555,3.2080616615141544,-0.0470759087694943
11756040100,10.865845181808231,3.16158117892573,0.6035320728148669,0.05392749885237347,3.2085944317453112,-0.04701325281958102
11757040100,10.86666851792071,3.16213451482443,0.6036161695243715,0.08409670950457038,3.209127226824247,-0.046992711999816805
11758040100,10.867491806300846,3.1627776984430107,0.6036799460691014,0.06377654472986549,3.2096600593784608,-0.04688236093545006
11759040100,10.868315058478252,3.163329271886732,0.6037647454859663,0.08479941686494996,3.2101929183214253,-0.04686364643469343
11760040100,10.86913826251412,3.163891056952961,0.603804413587915,0.03966810194882786,3.2107258111121766,-0.046834754159215564
11761040100,10.869961444027947,3.1645589406579475,0.603889866339881,0.08545275196597046,3.211258730019349,-0.0466997893614014
11762040100,10.870784577020551,3.1651648002015866,0.6039701686064853,0.08030226660435602,3.211791691626356,-0.04662689142476939
11763040100,10.871607664410968,3.1656962529625683,0.6039971730594325,0.027004452947124946,3.212324679098298,-0.04662842613572993
11764040100,10.872430736464858,3.166266243418535,0.6040550567813774,0.05788372194495928,3.2128576943209097,-0.04659145090237482
11765040100,10.873253775643065,3.1668620554822815,0.604150160894909,0.09510411353161086,3.2133907568927356,-0.046528701410454065
11766040100,10.874076760799877,3.167380958182483,0.6042259459797871,0.07578508487801106,3.2139238554549685,-0.046542897272485284
11767040100,10.874899702903631,3.1679863571840703,0.6042887128289757,0.06276684918854603,3.2144569763074955,-0.046470619123425205
11768040100,10.875722609346333,3.168593860359126,0.6043899739413884,0.10126111241266145,3.21499012655082,-0.04639626619169368
11769040100,10.876545458250591,3.1690836751395257,0.6044478571009905,0.057883159602135414,3.2155233109711467,-0.04643963583162103
11770040100,10.877368274260775,3.169662940994949,0.60450455662485,0.05669952385955934,3.2160565153892264,-0.046393574394277604
11771040100,10.87819105804685,3.1702451693406766,0.6046201971241895,0.1156404993394693,3.216589755770574,-0.04634458642989747
11772040100,10.879013776102626,3.1709099100051947,0.604691038016703,0.07084089251349734,3.217123032548038,-0.046213122542843266
11773040100,10.879836453886858,3.1715191687860202,0.6047603179589858,0.06927994228282852,3.217656324000238,-0.046137155214217795
11774040100,10.880659092282919,3.1721237930348978,0.6047880861808168,0.027768221831030004,3.218189646624097,-0.046065853589199346
11775040100,10.881481714890626,3.1727399987648544,0.6048434590580097,0.05537287719293449,3.218723000989435,-0.04598300222458063
11776040100,10.882304306012731,3.1732957543236555,0.604901022532149,0.05756347413923901,3.2192564023967947,-0.045960648073139154
11777040100,10.883126864400964,3.173857275799626,0.6049526531781145,0.05163064596543787,3.219789840668362,-0.04593256486873587
11778040100,10.883949393426752,3.1744621560365913,0.6050344827071871,0.08182952907251995,3.2203233149934007,-0.04586115895680942
11779040100,10.88477187591144,3.1750930301208515,0.6051133912101085,0.07890850292156681,3.2208568275574514,-0.04576379743659986
11780040100,10.885594313511165,3.175674433542281,0.605170496716693,0.057105506584474774,3.2213903672155446,-0.04571593367326354
11781040100,10.886416718624776,3.176204641668116,0.6052144241777989,0.04392746110588863,3.221923935037921,-0.0457192933698054
11782040100,10.88723909874716,3.1767414532750884,0.6052830053812637,0.06858120346479524,3.2224575390658927,-0.04571608579080433
11783040100,10.88806143984913,3.1772881631883516,0.6053772091271277,0.09420374586396729,3.2229911841618453,-0.04570302097349366
11784040100,10.888883727346006,3.177907051533024,0.6054681253333911,0.09091620626348451,3.22352486122098,-0.04561780968795626
11785040100,10.889705963101589,3.1784951645064266,0.6055540823023922,0.0859569690010833,3.224058560774022,-0.045563396267595646
11786040100,10.89052814993198,3.1790453245796946,0.605603790925059,0.049708622666886804,3.224592284025114,-0.04554695944541942
11787040100,10.891350308466325,3.1796281301095703,0.605668790302941,0.06499937788194199,3.2251260327971742,-0.0454979026876039
11788040100,10.89217242999748,3.1802243168492956,0.605752746068772,0.0839557658310719,3.2256598204796596,-0.04543550363036397
11789040100,10.89299450372871,3.180834779318603,0.605820300525817,0.06755445704496843,3.2261936414180923,-0.04535886209948936
11790040100,10.893816538993837,3.1814266017092407,0.6058810562743083,0.06075574849129506,3.226727488598531,-0.045300886889290126
11791040100,10.894638539660901,3.1819652754446244,0.6059345340484338,0.053477774125501476,3.227261368078725,-0.04529609263410084
11792040100,10.895460509871917,3.182434568496707,0.605997232125951,0.062698077517231,3.227795282368646,-0.045360713871939407
11793040100,10.89628244437285,3.183079889331767,0.6060865124170678,0.08928029111672764,3.228329234157332,-0.045249344825565085
11794040100,10.897104328018061,3.183634752798079,0.6062106311166908,0.12411869962302635,3.2288632200303127,-0.045228467232233616
11795040100,10.897926140952054,3.184314987973677,0.606246530297048,0.03589918035717954,3.2293972301443503,-0.04508224217067314
11796040100,10.898747933431693,3.1849208371296296,0.6063276285756034,0.08109827855538843,3.2299312515913066,-0.04501041446167697
11797040100,10.899569679699892,3.185511775938322,0.6063457542385178,0.01812566291432116,3.2304653170244926,-0.044953541086170556
11798040100,10.900391415638984,3.1860683747083165,0.6064009513369243,0.055197098406528866,3.230999409703429,-0.04493103499511264
11799040100,10.901213120121739,3.1866008412903923,0.6064635035395766,0.06255220265227823,3.2315335529493368,-0.04493271165894441
11800040100,10.902034788953522,3.187244296042199,0.6065432061340152,0.07970259443860961,3.232067733030238,-0.044823436988039145
11801040100,10.90285641235499,3.187899837741849,0.6066349966669077,0.0917905328924391,3.2326019472177165,-0.0447021094758675
11802040100,10.903677983429574,3.1883969614201657,0.6066710916870947,0.03609502018696009,3.233136189150649,-0.04473922773048322
11803040100,10.904499533925634,3.1890850727185764,0.6067009145065534,0.029822819458745542,3.2336704543399506,-0.044585381621374154
11804040100,10.905321067418273,3.1896346399123057,0.6068100322478854,0.1091177413320672,3.2342047634293323,-0.044570123517026605
11805040100,10.906142538691421,3.190248171666126,0.6068233705247924,0.013338276906985413,3.234739118745477,-0.04449094707935064
11806040100,10.906964002358345,3.1908310589131643,0.6069059735436664,0.08260301887399901,3.2352734908753895,-0.04444243196222519
11807040100,10.907785418917198,3.191367593614388,0.606956444370131,0.050470826464621865,3.2358079153435106,-0.04444032172912271
11808040100,10.908606806690043,3.1919291147193314,0.6070221666935331,0.06572232340218598,3.23634236645065,-0.04441325173131849
11809040100,10.909428156975062,3.192510636519846,0.6071110744421635,0.08890774863033446,3.236876856115515,-0.04436621959566889
11810040100,10.910249456541708,3.193071170629633,0.6071874542049168,0.07637976275320835,3.2374113786742456,-0.044340208044612694
11811040100,10.91107071253152,3.1936552248982824,0.6072537560683335,0.06630186341670097,3.2379459255128467,-0.044290700614564305
11812040100,10.911891930690343,3.194169230844818,0.6073305119425073,0.0767558741736103,3.2384805012750455,-0.044311270430227534
11813040100,10.912713105048743,3.1947113835559295,0.6073954232420355,0.06491129952820085,3.2390151096979096,-0.04430372614198008
11814040100,10.913534242362003,3.195330925290829,0.607495416237906,0.09999299587043975,3.2395497468923153,-0.04421882160148627
11815040100,10.914355322602086,3.1958668354462483,0.6075813352062259,0.08591896831984247,3.2400844172534065,-0.04421758180715818
11816040100,10.915176353795493,3.196469161631404,0.6076284065032469,0.047071297020947256,3.240619107735885,-0.044149946104480975
11817040100,10.915997358115773,3.197008146759878,0.6077173012113557,0.08889470810883981,3.2411538235610102,-0.04414567680113235
11818040100,10.916818311680865,3.1975938947695286,0.6077728653551998,0.05556414384415653,3.2416885791673664,-0.04409468439783781
11819040100,10.917639233517844,3.1981434803581688,0.6078601114589558,0.08724610375604147,3.2422233589968954,-0.044079878638726644
11820040100,10.918460105530635,3.198725908605162,0.6079238862973495,0.06377483839386588,3.242758175440926,-0.04403226683576422
11821040100,10.919280941119167,3.19923791163453,0.6080057311152103,0.08184481786075626,3.243293016707131,-0.04405510507260102
11822040100,10.920101729958093,3.199755222656059,0.6080710718410203,0.06534072580999695,3.243827891522727,-0.04407266886666816
11823040100,10.920922481470571,3.2003567698014703,0.6081716876939105,0.10061585289020325,3.2443627931562595,-0.0440060233547892
11824040100,10.92174317549853,3.200931145939377,0.6082696981409126,0.0980104470021308,3.2448977277454176,-0.043966581806040406
11825040100,10.922563813522522,3.2015172490837482,0.6083254737786739,0.05577563776130656,3.245432682147495,-0.04391543306374679
11826040100,10.923384419672342,3.2020350217766897,0.6083947659831753,0.06929220450148943,3.24596765732117,-0.04393263554448046
11827040100,10.924204986220102,3.2025968862074015,0.6084581028143022,0.06333683112692334,3.2465026689929743,-0.04390578278557289
11828040100,10.925025516565988,3.2031500989483765,0.6085556575981661,0.0975547838638855,3.2470377121225553,-0.043887613174178774
11829040100,10.925845991145366,3.2037500233673373,0.608631128599431,0.07547100126493689,3.247572788924522,-0.043822765557184784
11830040100,10.926666422576917,3.204395332208532,0.6087109060098791,0.07977741044811815,3.2481078866364257,-0.04371255442789357
11831040100,10.927486808393526,3.2049831496202135,0.6087672083828887,0.05630237300962815,3.2486430134830506,-0.043659863862837156
11832040100,10.928307162014555,3.2055978073280804,0.6088006127481528,0.033404365264080305,3.249178167851422,-0.0435803605233418
11833040100,10.92912749653262,3.206216175285879,0.6088626712629603,0.06205851480754099,3.2497133584925955,-0.04349718320671636
11834040100,10.929947795558837,3.2068732925971597,0.6089111688319425,0.048497568982177164,3.2502485939481893,-0.04337530135102963
11835040100,10.930768066846637,3.207393357264816,0.6089576674181647,0.046498586222210925,3.2507838635248802,-0.04339050626006413
11836040100,10.931588311537537,3.2080339597634637,0.6089845646927253,0.026897274560603535,3.251319172280887,-0.04328521251742323
11837040100,10.932408540842555,3.20862062710928,0.6090800383669326,0.09547367420729014,3.2518545209609577,-0.04323389385167786
11838040100,10.933228715529564,3.2092342801048352,0.6091150525800392,0.035014213106565606,3.2523899168832813,-0.04315563677844603
11839040100,10.934048870183979,3.209846480514808,0.6091769554478408,0.06190286780170595,3.2529253344376663,-0.04307885392285815
11840040100,10.934868989419597,3.2104026343345144,0.6092252198359214,0.04826438808048206,3.253460796199459,-0.04305816186494438
11841040100,10.935689081037731,3.2109696662807523,0.6092740791432005,0.04885930727911969,3.2539962921230163,-0.04302662584226402
11842040100,10.936509144696016,3.211585889489796,0.6093509375107031,0.07685836750260311,3.25453182730109,-0.042945937811293966
11843040100,10.937329164367963,3.2120905629933842,0.6094223134486617,0.07137593795853814,3.2550674015097805,-0.04297683851639622
11844040100,10.93814914318685,3.2126199458809204,0.6094689519725252,0.04663852386342171,3.255603004280328,-0.042983058399407525
11845040100,10.93896909530924,3.213330750734235,0.6095714414885786,0.10248951605345447,3.256138637655866,-0.042807886921631066
11846040100,10.939788988759034,3.2138572552760474,0.6096616041161294,0.09016262755081428,3.256674310882282,-0.04281705560623461
11847040100,10.940608830585937,3.2143389309119907,0.6096607254229763,-0.0008786931530586628,3.2572100030661986,-0.04287107215420782
11848040100,10.94142867291597,3.214854363551041,0.6097520247396087,0.09129931663230373,3.257745718807609,-0.04289135525656773
11849040100,10.942248462965571,3.2154328682319337,0.6098658583681333,0.11383362852470924,3.258281492167768,-0.04284862393583433
11850040100,10.943068187821417,3.215968428408896,0.6099628829859212,0.09702461778784954,3.258817288652285,-0.04284886024338874
11851040100,10.943887857101828,3.216587389445719,0.6100282977285739,0.06541474265277092,3.259353099814483,-0.042765710368763976
11852040100,10.944707488908497,3.2171219793208294,0.6101151925640028,0.08689483542902643,3.2598889319341993,-0.042766952613369824
11853040100,10.945527070930833,3.217688901702565,0.6101602311904266,0.04503862642377143,3.2604247968405637,-0.0427358951379988
11854040100,10.946346627146921,3.218222699042814,0.610247474341093,0.08724315066642419,3.260960686481429,-0.04273798743861468
11855040100,10.947166133369672,3.2188944257047867,0.6103185015402156,0.07102719912255218,3.261496616532611,-0.04260219082782424
11856040100,10.947985598886778,3.219446982109774,0.6104061157306616,0.08761419044596597,3.262032571175073,-0.04258558906529908
11857040100,10.94880501418655,3.2200549694161564,0.6104245060118471,0.018390281185414636,3.262568556478932,-0.04251358706277575
11858040100,10.94962441894487,3.2206595300427994,0.6105024636100213,0.07795759817422532,3.2631045662188782,-0.042445036176078865
11859040100,10.950443779014208,3.221213936881635,0.6105525740204085,0.050110410387244286,3.2636406263474917,-0.042426689465856704
11860040100,10.951263110355258,3.2217452935036164,0.6106042859640032,0.05171194359467357,3.2641767145249467,-0.04243142102133035
11861040100,10.952082412047707,3.2222923786997124,0.6106810521885995,0.07676622459627858,3.2647128411917556,-0.04242046249204323
11862040100,10.952901669722856,3.222902380227205,0.6107693723063895,0.08832011779006521,3.265249005745101,-0.04234662551789592
11863040100,10.953720876749797,3.2235062823737457,0.6108498252391051,0.08045293271550502,3.26578519877965,-0.04227891640590409
11864040100,10.954540037634498,3.224000791480578,0.610898686629738,0.04886139063281991,3.2663214159511327,-0.04232062447055451
11865040100,10.955359170493097,3.2245933705965966,0.610950474409364,0.051787779625972696,3.266857660204323,-0.042264289607726546
11866040100,10.956178273644928,3.2251649462571104,0.6110570557199905,0.10658131062647414,3.2673939433962396,-0.0422289971391292
11867040100,10.956997315652137,3.225749174598634,0.6111145089035388,0.05745318354831319,3.267930264426017,-0.04218108982738267
11868040100,10.957816324695175,3.22625222942129,0.6111824122245083,0.06790332096956142,3.268466602705182,-0.04221437328389177
11869040100,10.958635294774716,3.2267363286716737,0.6112439020495419,0.061489825033677725,3.269002976682952,-0.04226664801127811
11870040100,10.95945422956762,3.2273206472132623,0.6113460631216223,0.10216107208035563,3.2695393824282917,-0.04221873521502939
11871040100,10.960273105727381,3.22784886603618,0.6114578224766136,0.11175935499135825,3.2700758223471773,-0.04222695631099738
11872040100,10.961091917735487,3.228427291588795,0.61151939351553,0.06157103891635707,3.2706122811422347,-0.042184989553439856
11873040100,10.961910694396462,3.2289774446924726,0.611609040331812,0.08964681628197102,3.2711487551908185,-0.04217131049834588
11874040100,10.962729419586818,3.2296107208457423,0.6116735075070004,0.06446717518850775,3.2716852633603146,-0.04207454251457232
11875040100,10.963548107759353,3.2301366514907786,0.6117521006772453,0.07859317024485613,3.2722217950821175,-0.04208514359133897
11876040100,10.964366750798145,3.2306636298979847,0.6117889506099846,0.036849932739356106,3.2727583598237473,-0.042094729925762575
11877040100,10.965185372673368,3.2312181680873717,0.6118795110749473,0.09056046496269765,3.273294952262951,-0.04207678417557936
11878040100,10.966003942533384,3.231852804376356,0.6119695807356761,0.09006966072874167,3.273831588109907,-0.041978783733550795
11879040100,10.966822460653436,3.232436814442945,0.6120458564045056,0.07627566882949388,3.2743682471380993,-0.041931432695154314
11880040100,10.967640934952207,3.2329762109896656,0.612081898659633,0.03604225512744552,3.2749049295226023,-0.04192871853293667
11881040100,10.968459388542616,3.233519001810245,0.6121431710487493,0.061272389116405535,3.275441640450989,-0.04192263864074386
11882040100,10.969277806926051,3.234091848639842,0.6122267590985049,0.0835880497556758,3.2759783950781944,-0.041886546438352656
11883040100,10.970096177275028,3.234689549023361,0.6123086597883538,0.08190068984888565,3.2765151838954445,-0.04182563487208357
11884040100,10.970914500553656,3.2352777204222014,0.6123754774526917,0.06681766433789083,3.277051998486158,-0.041774278063956505
11885040100,10.971732785426454,3.2358163367116943,0.6124297594552145,0.05428200252273374,3.277588839478277,-0.04177250276658251
11886040100,10.972551039096052,3.2363655816633683,0.6124887164899658,0.05895703475137015,3.2781257125524874,-0.04176013088911912
11887040100,10.973369258872346,3.2369721519564085,0.6125724636340062,0.08374714404041317,3.2786626224326127,-0.04169047047620422
11888040100,10.974187430499072,3.237491751285647,0.6126508901797703,0.07842654576417374,3.279199567352183,-0.041707816066536285
11889040100,10.97500555703005,3.2380043657172988,0.6127005323238269,0.04964214405666301,3.2797365379526333,-0.04173217223533454
11890040100,10.975823655013889,3.238569829472798,0.6127937075327669,0.09317520893982678,3.2802735362339277,-0.041703706761129666
11891040100,10.976641699411084,3.2392096175014102,0.6128904377986214,0.09673026585452771,3.2808105730559554,-0.04160095555454513
11892040100,10.97745968816955,3.2397987665734553,0.6129607058190519,0.07026802043051283,3.2813476319785337,-0.041548865405078406
11893040100,10.978277636505426,3.240435651259883,0.6129936172949892,0.032911475937338786,3.2818847116484875,-0.04144906038860441
11894040100,10.979095565907162,3.2410294810526823,0.6130517544840937,0.05813718910439025,3.282421822051951,-0.04139234099926892
11895040100,10.979913461860109,3.241632763101354,0.6130858396841957,0.03408520010211724,3.2829589772987156,-0.04132621419736138
11896040100,10.98073133820111,3.24217492130373,0.6131413614036704,0.055521719474635134,3.2834961678566543,-0.04132124655292424
11897040100,10.981549182593985,3.242841314208665,0.6131920424678144,0.05068106414404472,3.2840334028137015,-0.041192088605036314
11898040100,10.982366997821927,3.2434423523991347,0.61327329780817,0.08125534035556914,3.2845706740667495,-0.04112832166761482
11899040100,10.983184766286273,3.2440451863125888,0.6132921957019426,0.018897893772641616,3.2851079834432717,-0.04106279713068295
11900040100,10.98400252387384,3.24453882960441,0.6133436625570572,0.05146685511460447,3.2856453193784,-0.041106489773989896
11901040100,10.984820251837919,3.2451371245733713,0.6133941138340259,0.05045127696867713,3.2861827054519637,-0.041045580878592336
11902040100,10.985637950760955,3.2457291026713646,0.6134992729765922,0.1051591425663938,3.2867201293458983,-0.04099102667453369
11903040100,10.986455589145015,3.2462316645220444,0.6135520034486239,0.052730472031691455,3.2872575914423727,-0.04102592692032836
11904040100,10.987273197169312,3.2467472416460312,0.6136078024254065,0.05579897678259371,3.287795071034335,-0.04104782938830365
11905040100,10.988090773064668,3.2472508889228076,0.6137083881090722,0.10058568366577703,3.2883325879562584,-0.041081699033450825
11906040100,10.988908291036553,3.2477668924300147,0.613802528700661,0.0941405915887703,3.28887014104399,-0.041103248613975296
11907040100,10.98972575478896,3.2483186484214057,0.613902720110381,0.10019140972001672,3.2894077133337944,-0.04108906491238873
11908040100,10.990543160829011,3.248883025452212,0.6139967861434873,0.09406603310620554,3.2899453072550315,-0.041062281802819456
11909040100,10.991360512677582,3.2494337079141045,0.6140729584260775,0.07617228259029041,3.2904829205044166,-0.041049212590312134
11910040100,10.992177820637973,3.2499980924389082,0.6141427763254712,0.06981789939375815,3.291020555391423,-0.04102246295251488
11911040100,10.992995088367222,3.250577752669441,0.6142194262329829,0.07664990751171263,3.291558218688536,-0.04098046601909511
11912040100,10.993812311923936,3.2511408724050916,0.6142891858716366,0.06975963865376311,3.2920959127982137,-0.04095504039312203
11913040100,10.994629495274731,3.2516748071520962,0.6143512391314667,0.062053259830130436,3.2926336351240053,-0.040958827971909084
11914040100,10.995446642857832,3.2522353052706885,0.614421525951975,0.07028682050823498,3.293171388272551,-0.04093608300186258
11915040100,10.996263749923587,3.252798706145515,0.6145064283149865,0.08490236301149867,3.2937091751619967,-0.040910469016481876
11916040100,10.997080808041378,3.2533613091451166,0.6145780204401957,0.07159212520928904,3.294246992663979,-0.04088568351886224
11917040100,10.997897824880255,3.2539975934636156,0.6146481253268106,0.07010488661483016,3.2947848352256166,-0.04078724176200099
11918040100,10.998714801293678,3.2545815143556585,0.6147185921599897,0.07046683317902236,3.2953227078912377,-0.040741193535579256
11919040100,10.999531737068889,3.2551288897554262,0.614752036562406,0.03344440241627478,3.295860611219645,-0.04073172146421866
11920040100,11.000348653555296,3.2557023719429985,0.6148115859743162,0.059549411910149175,3.296398545067767,-0.040696173124768364
11921040100,11.001165535694776,3.2562547710732797,0.6148894045091179,0.07781853480176171,3.2969365234929384,-0.04068175241965877
11922040100,11.001982372945692,3.256782116894659,0.6149541209310174,0.06471642189953464,3.2974745365785623,-0.040692419683903136
11923040100,11.002799172862053,3.257318018501025,0.6150293674396994,0.07524650868190985,3.298012577378934,-0.04069455887790907
11924040100,11.003615929364807,3.257863291069223,0.615117175850164,0.08780841046464882,3.2985506508666695,-0.04068735979744664
11925040100,11.004432635200496,3.258337777774711,0.6152007270555803,0.08355120541621996,3.299088753034191,-0.040750975259479905
11926040100,11.005249292819759,3.2589209984319676,0.6152795927791718,0.07886572359155064,3.2996268790983514,-0.04070588066638381
11927040100,11.0060659049213,3.25950408357917,0.6153939906611553,0.11439788198357892,3.3001650306690102,-0.04066094708984025
11928040100,11.006882450988543,3.2601119777553658,0.6154539441823305,0.05995352117516095,3.3007032095202042,-0.040591231764838476
11929040100,11.007698962444334,3.2606293306046545,0.6155138892862083,0.059945103877870665,3.3012414021245142,-0.04061207151985968
11930040100,11.008515439290596,3.261209400371725,0.6155612973490037,0.047408062795399886,3.3017796291879655,-0.040570228816240395
11931040100,11.00933188876356,3.2617553284827094,0.6156540350532516,0.09273770424788452,3.302317890710082,-0.040562562227372645
11932040100,11.010148284684698,3.262312390570333,0.6157153479114512,0.06131285819969712,3.302856191460357,-0.04054380089002407
11933040100,11.01096464519658,3.2628399023455903,0.6157937359570519,0.07838804560067025,3.3033945141758068,-0.04055461183021647
11934040100,11.011780960433514,3.2634754823235532,0.6158665305181759,0.07279456112394556,3.3039328708156255,-0.040457388492072255
11935040100,11.012597233621662,3.2640257901354324,0.6159541388873967,0.08760836922081428,3.304471254870844,-0.04044546473541155
11936040100,11.013413456198297,3.2645712156558737,0.615987532471119,0.03339358372233825,3.3050096684655585,-0.04043845280968483
11937040100,11.014229659481748,3.265173691868769,0.616063553119197,0.07602064807799191,3.305548105947583,-0.04037441407881426
11938040100,11.015045818840784,3.2657755360423653,0.616142012880572,0.07845976137501331,3.3060865879748675,-0.040311051932502284
11939040100,11.01586193286115,3.266311118097195,0.6161918415799789,0.04982869940687262,3.3066250982960845,-0.04031398019888943
11940040100,11.01667801808495,3.2668678200272523,0.6162418737782965,0.05003219831771677,3.307163635974245,-0.04029581594699261
11941040100,11.01749407439254,3.267391537755953,0.6163250566257158,0.0831828474193621,3.3077022119228943,-0.04031067416694123
11942040100,11.018310082619916,3.2679023794390867,0.6163976624188031,0.07260579308737203,3.3082408260625407,-0.04033844662345398
11943040100,11.019126048876068,3.2685199027415544,0.6164868092008892,0.08914678208600169,3.3087794657419884,-0.040259563000434095
11944040100,11.019941963593265,3.2691355531228803,0.616582462371652,0.09565317076287272,3.309318134989784,-0.04018258186690371
11945040100,11.020757823002718,3.269786398665585,0.6166246318088124,0.04216943716040067,3.309856827485387,-0.04007042881980194
11946040100,11.021573658026956,3.270359758808697,0.6166675954146759,0.04296360586343795,3.310395540734813,-0.04003578192611634
11947040100,11.022389468205244,3.2708616840588176,0.6166927475521752,0.025152137499345528,3.3109342951534195,-0.04007261109460192
11948040100,11.023205263837296,3.271428797511645,0.6167565937626117,0.06384621043667948,3.311473090437307,-0.04004429292566192
11949040100,11.02402102254285,3.272052616908606,0.616856251592252,0.0996578296402344,3.3120119333902416,-0.03995931648163564
11950040100,11.024836723603025,3.272663149811717,0.6169232826140628,0.06703102181088116,3.3125508092299114,-0.0398876594181945
11951040100,11.025652385885687,3.2733056576404707,0.6169618072200599,0.038524605997030115,3.31308970426538,-0.03978404662490931
11952040100,11.026468025880167,3.273927715943389,0.617006841395146,0.04503417508611829,3.3136286309571403,-0.03970091501375128
11953040100,11.027283639818858,3.2744986380200176,0.6170356967732827,0.02885537813664918,3.314167600199191,-0.039668962179173484
11954040100,11.02809923706159,3.2750931730115895,0.6170746320113605,0.038935238077791645,3.3147066095023874,-0.03961343649079785
11955040100,11.028914811774992,3.2756524221061585,0.617139091567609,0.06445955624859678,3.3152456650533324,-0.03959324294717392
11956040100,11.029730349187066,3.276246214216212,0.6171916568313791,0.05256526377003912,3.3157847629979855,-0.03953854878177365
11957040100,11.030545856178264,3.276963896485686,0.6172618459382049,0.0701891068257412,3.3163238935712442,-0.03935999708555826
11958040100,11.031361322545704,3.2775599760806453,0.6173146705285176,0.052824590312726905,3.316863061320017,-0.03930308523937187
11959040100,11.032176758336897,3.278182145782901,0.6173052115978357,-0.009458930681921274,3.317402259496795,-0.03922011371389411
11960040100,11.032992199603333,3.2787415764943724,0.6173564554555773,0.051243857741606114,3.317941494743188,-0.039199918248815635
11961040100,11.033807611206713,3.279346862911763,0.6173945069255664,0.03805146998916076,3.318480790902406,-0.03913392799064308
11962040100,11.034623000782206,3.2799610542304145,0.6174639180782557,0.06941115268933196,3.3190201247385716,-0.039059070508157046
11963040100,11.035438350172742,3.280604834386857,0.617510288311297,0.04637023304123211,3.3195595013018817,-0.038954666915024916
11964040100,11.036253672715462,3.281281381592835,0.6175520778277692,0.04178951647216156,3.320098908580519,-0.03881752698768404
11965040100,11.037068971061046,3.281846280950932,0.6175788795372541,0.02680170948484495,3.320638355396376,-0.03879207444544397
11966040100,11.037884253887047,3.2824808144718283,0.6175890432898006,0.010163752546502813,3.3211778435034134,-0.03869702903158512
11967040100,11.038699530827552,3.2830807961941932,0.6176550007893756,0.06595749957505515,3.321717378644994,-0.038636582450800816
11968040100,11.039514769572191,3.28361458269754,0.6176859747280642,0.030973938688591218,3.3222569672000404,-0.03864238450250035
11969040100,11.040329990378657,3.284169865790971,0.6177341304864166,0.04815575835236885,3.3227965877849464,-0.038626721993975544
11970040100,11.041145183294757,3.2847224279828824,0.617815411537371,0.08128105095440574,3.3233362538082716,-0.03861382582538919
11971040100,11.041960329131031,3.285318077659537,0.6178859357783528,0.07052424098182364,3.3238759586825175,-0.0385578810229803
11972040100,11.042775434113704,3.2858658477288425,0.6179578141809192,0.07187840256644584,3.3244156897008104,-0.03854984197196787
11973040100,11.043590497454158,3.286374194762506,0.6180080500758208,0.050235894901564215,3.3249554509819994,-0.038581256219493376
11974040100,11.04440553168832,3.286931404475326,0.618082224888269,0.07417481244819246,3.3254952420007307,-0.03856383752540449
11975040100,11.045220522942403,3.287484231583143,0.6181761889752794,0.09396408701030623,3.326035071057259,-0.03855083947411586
11976040100,11.046035459743214,3.288015956578618,0.6182457059802973,0.06951700501787705,3.3265749289603974,-0.03855897238177963
11977040100,11.046850356253486,3.288615370049775,0.6183174027727126,0.0716967924154126,3.327114808105481,-0.038499438055706214
11978040100,11.04766521120574,3.28916631480678,0.6183996775505708,0.08227477785815829,3.327654717870608,-0.03848840306382817
11979040100,11.048480018463433,3.2896567503475733,0.6184480043931975,0.04832684262665232,3.32819465741294,-0.03853790706536664
11980040100,11.04929479770356,3.29027032105248,0.6185205584710731,0.07255407787564838,3.3287346226624344,-0.03846430160995418
11981040100,11.050109534876768,3.2908987954446176,0.6186234790700536,0.10292059898026729,3.3292746266564315,-0.03837583121181387
11982040100,11.050924212369164,3.291436992387072,0.6186647043258066,0.041225255753030154,3.3298146600817446,-0.038377667694672546
11983040100,11.051738865953753,3.2919936006672157,0.6186983155716687,0.033611245862126715,3.3303547112581633,-0.0383611105909476
11984040100,11.052553500045113,3.2924973319314983,0.6187770781263929,0.07876255472425697,3.330894803896424,-0.0383974719649256
11985040100,11.053368088453611,3.293051789726857,0.6188466227119098,0.06954458551692344,3.331434940924261,-0.038383151197403986
11986040100,11.05418263652154,3.293617149249403,0.6189427008116726,0.09607809976275483,3.331975104975534,-0.0383579557261311
11987040100,11.054997128851182,3.29419551892564,0.6190134005701271,0.0706997584545137,3.3325152995892715,-0.03831978066363151
11988040100,11.055811580160604,3.2946972272497197,0.6190786144164027,0.06521384627557314,3.3330555145494003,-0.038358287299680605
11989040100,11.05662599362914,3.2953399295829664,0.619137257049596,0.05864263319334473,3.333595759613093,-0.03825583003012678
11990040100,11.057440373066834,3.2959113862609755,0.6192343224841294,0.09706543453333794,3.334136036886523,-0.038224650625547696
11991040100,11.058254696170438,3.2964140709632304,0.6192607021688281,0.026379684698751404,3.3346763488952433,-0.03826227793201298
11992040100,11.059069003962678,3.2969775902877276,0.6193226597594522,0.06195759062409323,3.335216680837867,-0.0382390905501393
11993040100,11.059883275791107,3.297551121745309,0.6194190885993859,0.09642883993362261,3.3357570599324298,-0.038205938187120925
11994040100,11.060697491640374,3.298159679110387,0.6194850774237081,0.06598882432218556,3.336297472474005,-0.03813779336361778
11995040100,11.061511669177246,3.2987723775978632,0.6195460106671624,0.06093324345434059,3.3368379051747716,-0.0380655275769084
11996040100,11.062325811333793,3.299393415986581,0.6195893047871356,0.04329411997302035,3.337378369756589,-0.0379849537700081
11997040100,11.063139928350168,3.299904484536372,0.6196303998186237,0.04109503148810578,3.3379188681636123,-0.03801438362724019
11998040100,11.063954021501937,3.300466456608625,0.6196671807321305,0.036780913506787805,3.338459407193337,-0.037992950584712304
11999040100,11.064768093293216,3.301040871516183,0.6197590258174113,0.09184508528079771,3.3389999876930823,-0.037959116176899066
12000040100,11.065582111740719,3.3015926745174995,0.6198253970933264,0.0663712759151256,3.3395406113264556,-0.03794793680895614
12001040100,11.066396091635402,3.302168996435376,0.6198855009358545,0.06010384252803824,3.340081256851107,-0.03791226041573115
12002040100,11.067210036614712,3.3028031481220927,0.6199568993621893,0.07139842633481397,3.3406219340865917,-0.03781878596449895
12003040100,11.068023940113605,3.3033785432068394,0.6200159828962958,0.05908353410647038,3.3411626454468752,-0.03778410224003581
12004040100,11.068837809283538,3.3040276136544238,0.6200459817277287,0.029998831432958006,3.3417033865682377,-0.037675772913813965
12005040100,11.06965166102234,3.3045744857123776,0.6201053044327595,0.05932270503069592,3.3422441621995453,-0.03766967648716779
12006040100,11.070465478288911,3.3052258758016153,0.6201275901217114,0.02228568895188232,3.34278498356867,-0.037559107767054734
12007040100,11.071279282604602,3.305863244791659,0.6202009857730094,0.07339565129804271,3.3433258393515572,-0.03746259455989831
12008040100,11.072093044265026,3.306441293266142,0.620221918546934,0.020932773924608128,3.3438667438516774,-0.03742545058553537
12009040100,11.07290679375917,3.3070330511052366,0.6202496933000923,0.027774753158282373,3.3444076773253713,-0.037374626220134655
12010040100,11.073720527109876,3.307559204924782,0.6203070685678161,0.05737526772386925,3.3449486600394422,-0.0373894551146603
12011040100,11.074534227110535,3.308129339380303,0.6203575122231727,0.05044365535660855,3.345489689352455,-0.03736034997215176
12012040100,11.075347897788017,3.3087225782271457,0.6204408109387617,0.08329871558896418,3.346030753824561,-0.03730817559741517
12013040100,11.076161520038958,3.309292803526583,0.6205020787759427,0.06126783718095563,3.3465718561323676,-0.03727905260578446
12014040100,11.076975106667629,3.309847557581871,0.6205517090622352,0.04963028629254573,3.347112983569236,-0.03726542598736504
12015040100,11.077788664438078,3.3104531471331904,0.620612800491036,0.0610914288006974,3.347654144647798,-0.0372009975146077
12016040100,11.078602186683316,3.3110609252340866,0.620681617176805,0.06881668576908417,3.34819534386596,-0.03713441863187361
12017040100,11.079415668907398,3.311581251450735,0.6207249064036918,0.04328922688683168,3.3487365767874664,-0.037155325336731604
12018040100,11.080229125954146,3.3121608983692967,0.6207669851171036,0.042078713411771496,3.3492778404187753,-0.037116942049478574
12019040100,11.081042558526143,3.312720700141257,0.62085284700237,0.08586188526642768,3.3498191446351733,-0.037098444493916194
12020040100,11.081855941152783,3.313258780352978,0.6209089921438198,0.056145141449771785,3.3503604899045207,-0.03710170955154268
12021040100,11.082669291116883,3.313848272080369,0.6209750434720399,0.06605132822007942,3.3509018592736766,-0.037053587193307536
12022040100,11.083482602652214,3.3143376478382973,0.6210519742085987,0.0769307365588272,3.3514432642425476,-0.03710561640425025
12023040100,11.084295869424647,3.314830426750148,0.621103120813663,0.05114660506437119,3.351984700970938,-0.03715427422079021
12024040100,11.085109106434267,3.315368862427433,0.6212044454051594,0.10132459149636919,3.352526165238892,-0.037157302811459125
12025040100,11.085922284475627,3.3159500994212845,0.6213041795601886,0.09973415502922478,3.35306766703102,-0.0371175676097355
12026040100,11.086735404466168,3.3165305666112324,0.6213811102268172,0.07693066662862869,3.353609186896797,-0.037078620285564856
12027040100,11.087548479673261,3.317141291337787,0.621436569837731,0.05545961091383589,3.354150725440398,-0.03700943410261104
12028040100,11.08836152259281,3.317625479643007,0.6214923458322159,0.05577599448487458,3.354692291492622,-0.03706681184961491
12029040100,11.089174533038102,3.3182044976124825,0.6215328684953602,0.04052266314422859,3.3552338933740735,-0.03702939576159103
12030040100,11.089987519888442,3.3188031486772798,0.6216367921109379,0.10392361557786156,3.355775530959118,-0.03697238228183819
12031040100,11.090800446221536,3.3193758395902364,0.6216932439854157,0.0564518744778173,3.3563172101629313,-0.036941370572694865
12032040100,11.091613339677652,3.3200314322804,0.621739786177895,0.04654219247931923,3.356858906381518,-0.036827474101118085
12033040100,11.092426206026138,3.320603314148226,0.6217992549642928,0.05946878639769615,3.357400638028782,-0.03679732388055612
12034040100,11.093239037735577,3.321203311463478,0.6218170628543396,0.01780789004681438,3.3579424089488086,-0.036739097485330774
12035040100,11.094051859071815,3.3217609507865706,0.6218766855700412,0.059622715701593165,3.358484214121013,-0.036723263334442535
12036040100,11.094864645675598,3.322387827305304,0.6219221513038325,0.04546573379138863,3.359026069721004,-0.03663824241570035
12037040100,11.095677405791953,3.3229613066591432,0.6219887896801505,0.06663837631794323,3.359567959510855,-0.03660665285171172
12038040100,11.096490127083086,3.323525240064296,0.6220206565801204,0.03186689996992609,3.360109888986706,-0.03658464892240998
12039040100,11.097302829806473,3.324082138130519,0.6220791788057813,0.05852222566094145,3.3606518499206963,-0.03656971179017754
12040040100,11.098115498428823,3.324672385328733,0.6221424457899128,0.0632669841315332,3.3611938558209893,-0.03652147049225629
12041040100,11.098928130182225,3.3251591522997335,0.622209223142329,0.06677735241606175,3.361735896328188,-0.036576744028454566
12042040100,11.099740723017474,3.3257017319055455,0.6222592468188202,0.050023676491179,3.362277969594224,-0.03657623768867868
12043040100,11.100553286696318,3.3261452559036013,0.622361137600927,0.10189078210682911,3.3628200742497363,-0.03667481834613495
12044040100,11.101365790981617,3.326767234914743,0.6224351368104655,0.07399920953839256,3.363362216805477,-0.03659498189073407
12045040100,11.102178252126466,3.327319974373981,0.6225588800111117,0.12374320064625355,3.363904377083454,-0.03658440270947283
12046040100,11.102990641120911,3.3279339314381042,0.6225932449288667,0.0343649177550418,3.364446565923629,-0.036512634485524664
12047040100,11.103803010076147,3.328460398008135,0.6226622228024343,0.06897787356764606,3.364988763959868,-0.03652836595173303
12048040100,11.104615338805433,3.3289404307357344,0.6227004529535359,0.03823015110162231,3.365531005967643,-0.03659057523190867
12049040100,11.105427645238306,3.329525764815229,0.622782481888327,0.0820289347910732,3.366073278471884,-0.03654751365665465
12050040100,11.106239903826639,3.3301746594843404,0.62288786747212,0.10538558379301755,3.366615593440496,-0.036440933956155774
12051040100,11.107052100939313,3.3307286037925614,0.6229405375739293,0.05267010180931031,3.3671579338151325,-0.036429330022571094
12052040100,11.107864267324013,3.3313480724738285,0.6229612269753534,0.020689401424121456,3.3677002904884006,-0.03635221801457211
12053040100,11.108676421637806,3.3318458804948756,0.6230293765312686,0.06814955591522676,3.3682426839883703,-0.03639680349349472
12054040100,11.109488536188353,3.332449995014449,0.623064628163649,0.03525163238043749,3.3687851267759683,-0.03633513176151926
12055040100,11.110300630169137,3.3330457538019767,0.6231608240394867,0.0961958758375907,3.369327600355433,-0.036281846553456454
12056040100,11.111112668013305,3.3336411092000615,0.6232037587801144,0.042934740627652346,3.369870117546789,-0.036229008346727376
12057040100,11.111924680799806,3.33420461207812,0.6232507867095181,0.047027929403716584,3.370412654587181,-0.036208042509060956
12058040100,11.112736666138044,3.334760525282491,0.6232979206214458,0.047133911927796035,3.3709552322380176,-0.03619470695552662
12059040100,11.11354862396436,3.3353738343655888,0.6233609592481548,0.06303862670897775,3.371497848901992,-0.03612401453640324
12060040100,11.114360544992403,3.335988606755787,0.6234277856251954,0.06682637704064032,3.372040504536347,-0.03605189778056017
12061040100,11.115172427007579,3.3365641053247947,0.6234657922411656,0.03800661597017374,3.37258319293354,-0.03601908760874517
12062040100,11.115984286833088,3.3371462728032726,0.6235029394170185,0.0371471758528612,3.37312591261092,-0.03597963980764751
12063040100,11.11679612496957,3.3376510789751848,0.6235596735857769,0.05673416875841486,3.3736686748134375,-0.0360175958382527
12064040100,11.117607929978654,3.3382236575141975,0.623613015751817,0.05334216604009523,3.374211479876763,-0.03598782236256559
12065040100,11.118419703838565,3.338895458511017,0.6237051359993269,0.09212024750986991,3.374754320152867,-0.03585886164185004
12066040100,11.119231423899395,3.3395599510859624,0.6237633281931498,0.05819219382301899,3.375297196963359,-0.035737245877396795
12067040100,11.120043109971892,3.340166800060758,0.6237716695768907,0.008341383740886776,3.375840095157642,-0.035673295096883884
12068040100,11.120854791172208,3.3406969340425956,0.6237834326747028,0.011763097812107048,3.376383027981948,-0.035686093939352403
12069040100,11.121666465501635,3.341320539426102,0.6238239070553004,0.040474380597570914,3.3769260149134226,-0.035605475487320515
12070040100,11.122478116188896,3.3419038403629453,0.6239027916918606,0.07888463656017564,3.377469054619379,-0.03556521425643355
12071040100,11.123289720793716,3.3424718855946414,0.623934805883472,0.03201419161144603,3.378012135881608,-0.035540250286966835
12072040100,11.1241013066952,3.3430469574440744,0.6239869126372024,0.05210675373038942,3.3785552436833903,-0.0355082862393159
12073040100,11.124912862153094,3.3436486921935535,0.6240466106384229,0.05969800122052771,3.3790983963449754,-0.0354497041514219
12074040100,11.125724382729468,3.3442115301479483,0.6241027539223007,0.05614328387782663,3.379641586009626,-0.0354300558616778
12075040100,11.126535870498703,3.344749422419173,0.6241454671675186,0.04271324521789577,3.380184809705643,-0.035435387286469666
12076040100,11.127347333306885,3.3453746842370635,0.624207606597445,0.06213942992642352,3.3807280688200514,-0.03535338458298787
12077040100,11.128158759798964,3.345982958501313,0.6242822473118386,0.07464071439357678,3.381271368604992,-0.03528841010367856
12078040100,11.128970142664683,3.346581981662348,0.6243130596640994,0.030812352260872977,3.3818147014570314,-0.035232719794683565
12079040100,11.129781507519732,3.347143683400867,0.6243522524439059,0.039192779806421996,3.3823580624783567,-0.0352143790774897
12080040100,11.130592849464408,3.3477269987963534,0.6243959735356831,0.04372109177730632,3.382901468822187,-0.035174470025833404
12081040100,11.13140416585019,3.3482870327202083,0.6244583414091812,0.062367873498136994,3.3834449172082657,-0.035157884488057345
12082040100,11.132215445773678,3.348873651172714,0.6245098437413013,0.051502332120073824,3.3839884058630645,-0.0351147546903503
12083040100,11.133026695584844,3.349392186689493,0.6245729738530589,0.06313011175763972,3.3845319274816106,-0.03513974079211746
12084040100,11.133837908482235,3.350008578092969,0.6246227419886968,0.04976813563791538,3.385075486316669,-0.03506690822370029
12085040100,11.134649092276659,3.3505859227447323,0.624706620247091,0.08387825839419882,3.3856190778096114,-0.03503315506487903
12086040100,11.135460227016955,3.3510310926600306,0.6247414412912574,0.034821044166454485,3.386162707193062,-0.035131614533031374
12087040100,11.136271341391346,3.351665774633362,0.6247957372259977,0.054295934740284046,3.386706361093733,-0.03504058646037089
12088040100,11.137082424007524,3.352317481245343,0.6249163297555513,0.12059252955370425,3.387250058737841,-0.03493257749249823
12089040100,11.137893436079422,3.352905352352204,0.6249420061591487,0.025676403597375774,3.3877937924891306,-0.03488844013692649
12090040100,11.1387044331296,3.353474994243504,0.6249589723512906,0.01696619214186601,3.388337536340952,-0.03486254209744821
12091040100,11.139515420253588,3.354032013349268,0.6250077730917483,0.04880074045760985,3.3888813275150262,-0.034849314165758205
12092040100,11.140326378825053,3.3545579877777505,0.6250656603996786,0.05788730793029728,3.3894251694309965,-0.03486718165324598
12093040100,11.14113730352509,3.3551997539049143,0.6251298581169451,0.06419771726646228,3.3899690495997348,-0.03476929569482046
12094040100,11.141948190658127,3.355712846304794,0.625209633110717,0.07977499377188924,3.390512964453066,-0.03480011814827222
12095040100,11.142759031104053,3.356314761239351,0.625231333894897,0.02170078418002852,3.39105691151029,-0.0347421502709393
12096040100,11.143569858849029,3.3568823611482235,0.6253174493539804,0.08611545908331664,3.3916008846502876,-0.03471852350206417
12097040100,11.144380636188924,3.357449510688302,0.6253590507035224,0.041601349542050414,3.3921449066728826,-0.03469539598458038
12098040100,11.145191389176572,3.358009299849853,0.6254177868514329,0.0587361479105164,3.39268895227956,-0.03467965242970683
12099040100,11.146002107779362,3.3586113384109506,0.6254767137679147,0.05892691648174164,3.393233038949923,-0.03462170053897218
12100040100,11.146812791882803,3.3591250521099387,0.625539310000521,0.0625962326062579,3.3937771599506092,-0.03465210784067052
12101040100,11.147623439335577,3.359711406173475,0.6255806828633949,0.0413728628737271,3.394321315203104,-0.034609909029629016
12102040100,11.148434062562416,3.360193568133383,0.6256662961663346,0.08561330293975278,3.3948655032614674,-0.0346719351280842
12103040100,11.149244635653867,3.3607657452965207,0.625715521357924,0.04922519158935401,3.395409732465602,-0.034643987169081125
12104040100,11.150055179916217,3.361372520447868,0.6258169873087016,0.1014659507776452,3.395953985418391,-0.034581464970522724
12105040100,11.150865664748084,3.361936696229438,0.6258734016837711,0.05641437506950364,3.396498276423028,-0.03456158019358968
12106040100,11.151676116533396,3.3625150323898123,0.6259124111223662,0.039009438595066115,3.397042584926556,-0.034527552536743666
12107040100,11.152486545466155,3.3631065292030007,0.6259726892607395,0.060278138373326406,3.3975869286438183,-0.0344803994408176
12108040100,11.15329693908428,3.3636405174334305,0.6260258368316916,0.053147570952080336,3.3981313144213665,-0.034490796987936
12109040100,11.154107301562853,3.3642291825675894,0.6260723308843082,0.04649405261665862,3.3986757338875755,-0.034446551319986085
12110040100,11.154917636798341,3.3648667682986226,0.6261476169351061,0.07528605079786566,3.399220189845831,-0.03435342154720855
12111040100,11.155727927916425,3.3654983149726636,0.626195494361711,0.04787742660488448,3.399764684913489,-0.034266369940825214
12112040100,11.15653819097609,3.3660901369001466,0.6262187448632529,0.023250501541935087,3.400309207750116,-0.034219070849969224
12113040100,11.157348440409198,3.3667187278772506,0.6262448547301008,0.026109866847908947,3.4008537691454777,-0.034135041268227084
12114040100,11.158158674539424,3.36737111727647,0.6262907517285309,0.045896998430102975,3.4013983788001454,-0.03402726152367519
12115040100,11.158968881768274,3.3679507660123065,0.6263181203691586,0.02736864062766209,3.4019430355899622,-0.033992269577655776
12116040100,11.15977907295487,3.3685666310832194,0.6263333979010843,0.015277531925595333,3.4024877317193294,-0.03392110063610998
12117040100,11.160589255186204,3.3691604536282562,0.6263849955292637,0.05159762817948099,3.403032474489848,-0.03387202086159169
12118040100,11.161399407171062,3.36968586493367,0.6264183660658798,0.033370536616051716,3.4035772686695474,-0.03389140373587729
12119040100,11.162209539592997,3.3702411531433585,0.6264626855132936,0.044319447413893265,3.404122099942967,-0.0338809467996084
12120040100,11.163019646031994,3.370803642205665,0.6265412679673151,0.0785824540214417,3.4046669754952177,-0.0338633332895526
12121040100,11.163829706396948,3.371372608112493,0.6266049132833,0.06364531598490863,3.405211891009163,-0.03383928289667004
12122040100,11.164639729442053,3.371987172607953,0.6266649430067264,0.0600297234262932,3.405756832968578,-0.03376966036062479
12123040100,11.165449717284385,3.3725871341340343,0.6267216994827322,0.05675647600579836,3.406301807259357,-0.033714673125322836
12124040100,11.166259671840768,3.3732316282079253,0.6267555336496946,0.03383416696230679,3.406846815303787,-0.03361518709586164
12125040100,11.167069606553197,3.3739309357883838,0.6267965762712084,0.04104262151380045,3.4073918583899996,-0.03346092260161582
12126040100,11.167879517192624,3.3744970923238196,0.6268151712377334,0.01859496652495629,3.4079369455635273,-0.03343985323970777
12127040100,11.168689416924972,3.3750802722350377,0.6268060730538184,-0.009098183915059899,3.4084820739792008,-0.03340180174416307
12128040100,11.169499321993992,3.3756918136148024,0.626863528957248,0.05745590342958984,3.4090272525005894,-0.03333543888578694
12129040100,11.170309193360286,3.3762533883447916,0.6269124222228643,0.04889326561631968,3.4095724920671273,-0.03331910372233571
12130040100,11.171119036044454,3.3768238940478787,0.6269470326731555,0.03461045029127252,3.4101177663995834,-0.03329387235170467
12131040100,11.171928858424018,3.377381362728717,0.6270066112304986,0.059578557343040295,3.4106630788772847,-0.033281716148567675
12132040100,11.172738645848886,3.3779958319632293,0.6270616929874645,0.05508175696588413,3.411208435141738,-0.033212603178508715
12133040100,11.173548400954772,3.378584793885374,0.627123290924098,0.061597936633546624,3.411753825326958,-0.03316903144158401
12134040100,11.174358119915423,3.379139929533382,0.6271562673861794,0.03297646208129734,3.4122992512066013,-0.03315932167321911
12135040100,11.175167819524457,3.379702857431267,0.6272019282795713,0.04566089339180923,3.412844710201803,-0.03314185277053605
12136040100,11.1759774923368,3.380278232085516,0.6272644995145049,0.06257123493354122,3.4133902136251777,-0.03311198153966188
12137040100,11.176787128425655,3.380841582466127,0.6273231619896378,0.058662475132861935,3.4139357564616546,-0.0330941739955275
12138040100,11.177596730082222,3.381447687923249,0.627375561129504,0.05239913986625133,3.4144813320216407,-0.0330336440983916
12139040100,11.178406300980447,3.3819960303187107,0.6274339532183024,0.05839208879845259,3.41502694184717,-0.033030911528459495
12140040100,11.179215837599845,3.3826035073723455,0.627470863910354,0.03691069205153941,3.415572588412928,-0.032969081040582715
12141040100,11.180025352549553,3.3831511525526823,0.6275366691116907,0.06580520133670031,3.4161182693448744,-0.03296711679219211
12142040100,11.180834828863324,3.3837738841475122,0.6275728005747915,0.03613146310072679,3.416663993142116,-0.03289010899460365
12143040100,11.181644283961885,3.384316415053833,0.6276388655644227,0.06606498963122043,3.417209748366325,-0.03289333331249189
12144040100,11.182453700266523,3.3849371412099196,0.62766724910755,0.028383543127244337,3.417755546761999,-0.032818405552079266
12145040100,11.183263099903018,3.385553856308323,0.6277357611156428,0.06851200809276392,3.418301376475462,-0.03274752016713878
12146040100,11.184072459303371,3.3862502825198217,0.6277650413648622,0.02928024921939798,3.4188472524270033,-0.03259696990718153
12147040100,11.184881801506688,3.3868083037152057,0.6277962085836685,0.03116721880624329,3.419393158721487,-0.03258485500628128
12148040100,11.185691125403938,3.3874789533710614,0.6277872343775643,-0.008974206104103821,3.4199391108981594,-0.032460157527097966
12149040100,11.186500454572268,3.388086736033454,0.6278474614825745,0.0602271050101395,3.4204851082108085,-0.03239837217735442
12150040100,11.18730974836442,3.3886340623603757,0.6278511476206508,0.0036861380762056584,3.421031166569662,-0.03239710420928654
12151040100,11.188119039991314,3.389226904228072,0.6278861743299538,0.035026709302909964,3.421577258552297,-0.03235035432422517
12152040100,11.188928311042774,3.389819297863873,0.6279514435501942,0.06526922024045145,3.4221234065703143,-0.032304108706441514
12153040100,11.18973754375106,3.3904432435773746,0.6279938896300392,0.04244607984507809,3.42266959820293,-0.03222635462555523
12154040100,11.190546751522042,3.3910476736735005,0.6280364892291246,0.042599599085362705,3.42321582145777,-0.032168147784269685
12155040100,11.191355934264065,3.3916325418250906,0.6280631731555546,0.026683926430068894,3.4237620853825987,-0.03212954355750819
12156040100,11.19216510132747,3.392179877363076,0.6280995188933242,0.03634573776955641,3.424308389915897,-0.03212851255282079
12157040100,11.192974247034362,3.3926798597386507,0.6281455887803598,0.04606988703560244,3.424854741371721,-0.03217488163307047
12158040100,11.19378336566936,3.393247177414754,0.6282104464672965,0.06485768693674387,3.425401135918083,-0.032153958503328806
12159040100,11.194592446189338,3.3939873185218605,0.6282990951050489,0.08864863775238785,3.42594756969606,-0.03196025117419943
12160040100,11.195401474607527,3.3945155026084524,0.6283540539405483,0.0549588354994226,3.4264940352464777,-0.0319785326380253
12161040100,11.196210470721365,3.39513090439686,0.6283222295956533,-0.03182434489511543,3.427040523118521,-0.03190961872166076
12162040100,11.197019485541588,3.3957142300686622,0.6283964315293991,0.07420193374579309,3.4275870466817864,-0.03187281661312413
12163040100,11.19782845674456,3.396394124437621,0.6284269047013978,0.030473171998791848,3.42813364040121,-0.03173951596358915
12164040100,11.198637410033555,3.397134590020869,0.6284733775458737,0.04647284447589062,3.428680262172186,-0.031545672151317206
12165040100,11.19944633600155,3.3976975077931564,0.6284713135223514,-0.0020640235222657566,3.4292269293615334,-0.031529421568377014
12166040100,11.200255263183005,3.3983124669991716,0.6284385990040824,-0.032714518268999626,3.429773635613138,-0.03146116861396653
12167040100,11.201064209597181,3.398886430674358,0.6284946454993809,0.056046495298581966,3.43032040021469,-0.03143396954033184
12168040100,11.20187312306134,3.399462163810052,0.6285245640635803,0.0299185641993418,3.4308672353535314,-0.03140507154347949
12169040100,11.202682018935182,3.4001274309490723,0.6285749614047662,0.05039734118589667,3.4314141057591776,-0.031286674810105275
12170040100,11.203490885176784,3.4007110444101345,0.6286244339236405,0.049472518874369875,3.431961021815937,-0.031249977405802376
12171040100,11.204299722327915,3.401352688965321,0.6286289255642438,0.004491640603177416,3.432507975382613,-0.03115528641729215
12172040100,11.205108556837809,3.401905479779582,0.6286741894789958,0.04526391475198288,3.433054966824976,-0.031149487045393887
12173040100,11.205917364730047,3.4024895874409995,0.6286902674783033,0.01607799930749021,3.433602014032136,-0.031112426591136444
12174040100,11.206726163167144,3.403073013123114,0.6287507887432578,0.06052126495458854,3.4341491007904565,-0.031076087667342378
12175040100,11.207534926011053,3.4037033972451676,0.6287955973184083,0.0448085751504772,3.4346962387107105,-0.03099284146554293
12176040100,11.208343662500663,3.4042484567010045,0.6288406998886531,0.04510257024483799,3.435243410111866,-0.03099495341086156
12177040100,11.209152372461421,3.4048717948098783,0.6288621735539376,0.021473665284476695,3.4357906212436085,-0.030918826433730118
12178040100,11.209961069791019,3.4054406414183505,0.6289263337209755,0.06416016703793215,3.436337871987895,-0.030897230569544742
12179040100,11.21076972937834,3.4059839851234925,0.628951222193038,0.024888472062491118,3.4368851717507596,-0.03090118662726704
12180040100,11.211578374324096,3.4065595793784507,0.629003337830899,0.0521156378609513,3.437432503538158,-0.030872924159707438
12181040100,11.212386988609282,3.40715907757216,0.6290682289088566,0.06489107795754823,3.437979882985644,-0.030820805413484198
12182040100,11.213195564714805,3.4078186460700888,0.6291169621123349,0.048733203478301235,3.4385272992506692,-0.03070865318058047
12183040100,11.21400411214516,3.408393574322163,0.6291536575913499,0.036695479015018684,3.4390747472413175,-0.03068117291915451
12184040100,11.214812637982213,3.4090659681438957,0.629160109540052,0.006451948702101973,3.4396222333911872,-0.030556265247291492
12185040100,11.21562116002253,3.4096236147286962,0.6292088458070878,0.048736267035848435,3.4401697624959198,-0.03054614776722353
12186040100,11.216429653382258,3.410233436589462,0.6292086210372917,-0.00022476979607155556,3.4407173466102456,-0.030483910020783433
12187040100,11.217238146874264,3.410906732910644,0.6292657772658174,0.057156228525780506,3.441264968883427,-0.0303582359727832
12188040100,11.218046606728215,3.4115724908543408,0.6292967405366131,0.03096327079569683,3.441812648834148,-0.03024015797980706
12189040100,11.218855048358305,3.4120761645270905,0.6292957441832296,-0.000996353383515114,3.4423603635882465,-0.03028419906115598
12190040100,11.219663490574824,3.412736655131923,0.6292982983338984,0.002554150668720112,3.4429081235886905,-0.030171468456767325
12191040100,11.22047193128803,3.4132745138133878,0.6293820054158688,0.08370708197032961,3.4434559415842365,-0.030181427770848757
12192040100,11.221280322730289,3.413861346492268,0.6293871076841301,0.005102268261325982,3.444003816164443,-0.030142469672175043
12193040100,11.22208871116911,3.4143347576787293,0.6294535742382031,0.06646655407308266,3.4445517149578215,-0.030216957279092238
12194040100,11.22289706048065,3.414923164941848,0.6294954880323833,0.04191379418020613,3.4450996693229605,-0.030176504381112412
12195040100,11.223705385116695,3.4154579657337973,0.6295942894450106,0.09880141262732334,3.445647654775051,-0.030189689041253853
12196040100,11.224513651580747,3.4160669168421025,0.629635527519163,0.04123807415233305,3.4461956811099625,-0.030128764267860042
12197040100,11.225321893762436,3.4166454500173122,0.6297036157213963,0.06808820223339307,3.446743725614663,-0.0300982755973509
12198040100,11.2261300958485,3.4171305232078795,0.6297345160371391,0.03090031574283003,3.4472918112649076,-0.030161288057028113
12199040100,11.22693827973682,3.4177668814085265,0.6297805849971517,0.046068960012549454,3.447839927336233,-0.03007304592770632
12200040100,11.227746436492879,3.4182793610476985,0.6298735252457874,0.0929402486356965,3.4483880886790956,-0.03010872763139716
12201040100,11.228554538506668,3.4188558193212315,0.6298906692314363,0.01714398564905739,3.4489362892344175,-0.030080469913186025
12202040100,11.2293626304218,3.4193631668535778,0.6299698435458847,0.07917431444838563,3.4494845102703415,-0.030121343416763757
12203040100,11.230170675696261,3.4199135772463367,0.6300169823089784,0.047138763093705016,3.450032782072153,-0.030119204825816315
12204040100,11.230978693199418,3.4204513025593153,0.6300987836741482,0.08180136516976333,3.450581079846586,-0.03012977728727062
12205040100,11.231786662505904,3.4209728023466877,0.6301590623701856,0.0602786960374706,3.4511294163951867,-0.03015661404849901
12206040100,11.232594596293232,3.421559817475354,0.6302257242156685,0.06666184548283383,3.4516777778545027,-0.030117960379148823
12207040100,11.233402490796722,3.42217317531213,0.630300565002656,0.07484078698745833,3.4522261728254193,-0.03005299751328927
12208040100,11.234210341192243,3.4227192586252846,0.6303425876344814,0.04202263182534072,3.452774598750338,-0.030055340125053398
12209040100,11.235018166819433,3.423415556209803,0.630371324525429,0.028736890947653748,3.4533230523512906,-0.029907496141487577
12210040100,11.235825975508147,3.4240223829250613,0.63043371725678,0.062392731351030406,3.453871546756403,-0.02984916383134184
12211040100,11.23663374741822,3.424632178611946,0.6304207276481703,-0.012989608609684566,3.454420087283239,-0.029787908671293106
12212040100,11.237441526985535,3.4251805990706856,0.6304523799626754,0.031652314505151935,3.454968660459361,-0.029788061388675402
12213040100,11.238249287893892,3.4257849928382798,0.6304824416709889,0.030061708313433577,3.455517296464631,-0.029732303626351264
12214040100,11.239057031080199,3.426359491367711,0.630543222839042,0.06078116805309186,3.456065977429901,-0.029706486062190063
12215040100,11.239864738432418,3.426913239565864,0.6305759284070632,0.03270556802125757,3.45661470399342,-0.029701464427556168
12216040100,11.240672426501538,3.427473088070229,0.6306235528493584,0.04762444229518348,3.4571634638510815,-0.02969037578085265
12217040100,11.241480086489894,3.428076766880603,0.6306815591276832,0.05800627832476479,3.457712268247537,-0.029635501366934047
12218040100,11.242287712273576,3.4287408873363465,0.630736515434083,0.05495630639985105,3.4582611112056547,-0.029520223869308193
12219040100,11.243095305648561,3.4293537197870476,0.630769466196605,0.03295076252195539,3.4588099885630186,-0.029456268775970962
12220040100,11.243902879590735,3.429996539235629,0.6307719828498685,0.002516653263476165,3.4593589015388133,-0.02936236230318423
12221040100,11.244710452048668,3.4306357524364195,0.6308000334759188,0.028050626050351468,3.459907858952807,-0.029272106516387453
12222040100,11.245518007962911,3.431151914785917,0.6308129250980593,0.012891622140439374,3.4604568730092353,-0.029304958223318245
12223040100,11.246325556273725,3.431699862632194,0.6308274677670239,0.01454266896461398,3.4610059334740093,-0.029306070841815135
12224040100,11.247133096007166,3.432286497778479,0.6309036248620383,0.07615709501438594,3.4615550464288063,-0.029268548650327464
12225040100,11.247940590819807,3.432810741859215,0.6309639177838915,0.0602929218531667,3.462104211215376,-0.02929346935616106
12226040100,11.248748050065714,3.433411780216969,0.6310048180309078,0.040900247016284474,3.462653403118498,-0.02924162290152932
12227040100,11.249555485182935,3.4339344610090983,0.6310769772646194,0.07215923371164479,3.463202628497175,-0.029268167488076813
12228040100,11.250362877727252,3.4345131808958107,0.6311106524716413,0.03367520702192728,3.463751895130791,-0.029238714234980367
12229040100,11.251170250402247,3.435121995519971,0.6311835802606279,0.0729277889866431,3.4643011904710654,-0.029179194951094445
12230040100,11.251977580044647,3.4357328033723036,0.6312284440065594,0.04486374593147868,3.4648505299630443,-0.029117726590740745
12231040100,11.252784883212108,3.4363726856043555,0.6312581635093547,0.029719502795442665,3.465399897845348,-0.029027212240992473
12232040100,11.253592168840635,3.4370634923593917,0.6312867777132863,0.02861420393161751,3.465949305383358,-0.0288858130239662
12233040100,11.254399437581847,3.4376965678932714,0.6313006936058233,0.01391589253700598,3.4664987586594727,-0.028802190766201274
12234040100,11.255206698110044,3.4382939399730987,0.6312888873989627,-0.011806206860544677,3.4670482581192594,-0.028754318146160696
12235040100,11.25601396560615,3.4388305295389254,0.6313058027423682,0.01691534340551204,3.467597809670284,-0.028767280131358763
12236040100,11.25682122311895,3.439477000486832,0.6313405002173613,0.034697474993076405,3.4681474236527485,-0.028670423165916503
12237040100,11.257628460152834,3.4400362624398086,0.6314056462139078,0.06514599654646691,3.4686970885311403,-0.028660826091331693
12238040100,11.258435658734053,3.4405715062692823,0.631415683355239,0.010037141331222799,3.46924679716145,-0.02867529089216747
12239040100,11.259242851390509,3.4411848697610883,0.6314693277633487,0.05364440810969917,3.4697965373034343,-0.02861166754234601
12240040100,11.260050012380148,3.441700795737464,0.6315350259816725,0.0656982183237167,3.4703463311111165,-0.028645535373652553
12241040100,11.260857134584326,3.4423032148886334,0.6315615640623107,0.02653808063815699,3.4708961610528384,-0.028592946164204935
12242040100,11.26166424112055,3.4429745494461756,0.6316369067756146,0.0753427133039013,3.47144602227765,-0.028471472831474554
12243040100,11.262471303171708,3.443557379522582,0.6316689134272138,0.03200665159917282,3.4719959305345434,-0.028438551011961355
12244040100,11.263278346323592,3.4441578827810857,0.6316662430390659,-0.0026703881477851965,3.4725458661887743,-0.028387983407688555
12245040100,11.264085391052317,3.444830002950881,0.6317077728013106,0.0415297622446511,3.47309584667358,-0.028265843722699024
12246040100,11.264892411257424,3.445354331605366,0.6317403873422466,0.032614540935992586,3.4736458859468407,-0.02829155434147479
12247040100,11.265699412202439,3.445931807173426,0.6317369786599712,-0.003408682275349406,3.47419596622316,-0.028264159049733895
12248040100,11.266506415160446,3.4464515028526463,0.631807537740124,0.07055908015283396,3.474746091091319,-0.028294588238672702
12249040100,11.267313376447964,3.4470872395331162,0.6318514909580091,0.043953217885115414,3.4752962750568948,-0.028209035523778514
12250040100,11.268120311775741,3.4476789296353147,0.6319244246455954,0.07293368758626961,3.475846488339659,-0.028167558704344398
12251040100,11.268927204023832,3.448248100999602,0.6319391814443557,0.014756798760330092,3.476396741650234,-0.02814864065063194
12252040100,11.269734087555015,3.4487481524257775,0.6319758986725736,0.03671722821797996,3.4769470233128033,-0.028198870887025773
12253040100,11.2705409493964,3.449297470841606,0.6320238516663411,0.047952993767438556,3.4774973567621856,-0.028199885920579426
12254040100,11.271347782909096,3.449918878775621,0.6321064910866174,0.08263942027626303,3.478047733152753,-0.028128854377131862
12255040100,11.272154567597413,3.450491748853399,0.632164520598609,0.05802951199153483,3.478598147956383,-0.02810639910298418
12256040100,11.272961317997893,3.451105653293353,0.6321863825717782,0.02186197316921845,3.4791485871885897,-0.02804293389523682
12257040100,11.273768055480106,3.451644181107688,0.632232480825663,0.0460982538847885,3.4796990607639593,-0.028054879656271403
12258040100,11.274574765721544,3.4521797026961707,0.632257952208312,0.025471382649023155,3.480249583264392,-0.02806988056822135
12259040100,11.275381460910477,3.4527885084733323,0.6323211603556743,0.06320814736225522,3.4808001449175805,-0.0280116364442482
12260040100,11.276188118743823,3.4534111488816706,0.63238592127247,0.06476091679564533,3.4813507540429818,-0.02793960516131122
12261040100,11.276994738300562,3.454053809569074,0.632413947437729,0.028026165259137592,3.4819013954177933,-0.02784758584871927
12262040100,11.277801341291532,3.4546020558348425,0.6324349284140379,0.020980976308882404,3.4824520684109572,-0.027850012576114747
12263040100,11.278607931880604,3.455134959114781,0.6324457310846019,0.01080267056398121,3.4830027878441854,-0.027867828729404298
12264040100,11.279414516084056,3.4558429771725545,0.6325037691323504,0.0580380477485436,3.483553556563084,-0.027710579390529677
12265040100,11.280221065978745,3.4564670468192666,0.6325695390467271,0.06576991437670987,3.4841043786795396,-0.02763733186027295
12266040100,11.281027576990752,3.4570482939667015,0.632547463879082,-0.022075167645041027,3.484655235126052,-0.027606941159350473
12267040100,11.281834101053821,3.4576522332770754,0.6325672336555958,0.019769776513717474,3.4852061227766384,-0.027553889499563056
12268040100,11.282640613428816,3.458186210448742,0.6326083695647914,0.04113590919563048,3.485757077107678,-0.027570866658936044
12269040100,11.283447101482873,3.458764349724797,0.6326380867627854,0.029717197994076017,3.4863080812252463,-0.027543731500449198
12270040100,11.284253571966268,3.4593469738869165,0.6327028439772893,0.06475721450384153,3.486859126500562,-0.02751215261364548
12271040100,11.28506000415869,3.460027225623687,0.6327454865304711,0.04264255318182286,3.48741021754714,-0.02738299192345295
12272040100,11.285866411134707,3.4605782874167113,0.6327858464600209,0.04035992954975587,3.487961340205814,-0.027383052789102802
12273040100,11.28667279424278,3.461097758868486,0.6327771501501369,-0.00869630988398562,3.488512503410803,-0.02741474454231696
12274040100,11.287479182493762,3.4616755607910257,0.6328330692881075,0.05591913797048509,3.4890637080842737,-0.02738814729324801
12275040100,11.28828553767366,3.4622576525837316,0.6329048677973871,0.07179850927964537,3.4896149740604194,-0.02735732147668779
12276040100,11.289091850387575,3.46286119059914,0.6329474786507289,0.04261085334178105,3.4901662752180407,-0.027305084618900466
12277040100,11.289898137896886,3.4634219046546084,0.6329879005784551,0.040421927726263185,3.4907176051315645,-0.027295700476956064
12278040100,11.290704401495004,3.4641645360439686,0.6330175093565774,0.029608778122460322,3.49126897560226,-0.02710443955829156
12279040100,11.291510647577505,3.4646714231323665,0.6330685317060865,0.05102234950902407,3.491820387515123,-0.02714896438275627
12280040100,11.29231686347514,3.465267306637708,0.63302823367078,-0.04029803530642795,3.4923718452454864,-0.027104538607778395
12281040100,11.293123103213302,3.4658999451553014,0.6331059198359891,0.07768616520904637,3.4929233401284847,-0.02702339497318329
12282040100,11.293929296990754,3.466484821167204,0.633139037591799,0.033117755809989546,3.493474909125485,-0.026990087958281173
12283040100,11.294735471173592,3.4670321440846754,0.6331536527594428,0.014615167643838411,3.4940265044871133,-0.026994360402437856
12284040100,11.295541636708867,3.4677185675036535,0.6331920958009455,0.038443041502667086,3.4945781442517188,-0.026859576748065273
12285040100,11.29634777949718,3.4682615834506345,0.6332493462248465,0.05725042390107582,3.4951298359127847,-0.02686825246215019
12286040100,11.297153888407891,3.468865251873812,0.6332368028827087,-0.012543342137798064,3.4956815698239403,-0.026816317950128177
12287040100,11.297960004741277,3.4694165747802193,0.6332960018375426,0.059198954833894035,3.4962333383669524,-0.026816763586733128
12288040100,11.29876608604185,3.470003480993149,0.6333247880704461,0.028786232903521558,3.4967851698141423,-0.0267816888209933
12289040100,11.299572150306256,3.4705839522163764,0.6333797795309054,0.05499146045925496,3.497337035105197,-0.0267530828888205
12290040100,11.300378182023957,3.471138516687989,0.6334169261781919,0.037146647286481205,3.4978889465613143,-0.02675042987332521
12291040100,11.301184191755029,3.4717983810433255,0.6334572562833267,0.040330105134918526,3.4984408935629077,-0.026642512519582162
12292040100,11.301990177613964,3.4724118549741076,0.633510552302067,0.05329601874013967,3.4989928833411454,-0.026581028367037796
12293040100,11.302796131923987,3.473060651495469,0.6335110040181133,0.0004517160463404224,3.4995449146056146,-0.026484263110145623
12294040100,11.303602085966604,3.473525108556621,0.6335345488042199,0.023544786106500126,3.500096982098224,-0.026571873541603175
12295040100,11.304408026071,3.473992371466833,0.6335402569510495,0.005708146829667804,3.5006491072487513,-0.026656735781918517
12296040100,11.305213962796175,3.4746788699222124,0.6336383389931214,0.09808204207181248,3.501201280696172,-0.02652241077395967
12297040100,11.306019841452741,3.475256271988208,0.6337352120801846,0.09687308706314735,3.5017535096787213,-0.026497237690513487
12298040100,11.306825662748837,3.47592517636265,0.6337222266232824,-0.012985456902157466,3.502305756722336,-0.026380580359686157
12299040100,11.307631491734318,3.476573522259477,0.6337637480815603,0.041521458277930634,3.5028580223056736,-0.026284500046196424
12300040100,11.308437296132242,3.477140869045229,0.633759294377894,-0.004453703666294828,3.5034103510107784,-0.026269481965549346
12301040100,11.30924310316756,3.477778151423526,0.6337649594395355,0.0056650616414204436,3.5039627207184907,-0.02618456929496471
12302040100,11.31004890684814,3.478267219043057,0.6338111146038622,0.04615516432675015,3.504515150094651,-0.026247931051594175
12303040100,11.310854683195569,3.478871346678223,0.6338221621001361,0.011047496273912216,3.505067635037019,-0.02619628835879606
12304040100,11.3116604530004,3.479453198842746,0.6339074715935425,0.08530949340647442,3.5056201591077425,-0.02616696026499632
12305040100,11.312466172279555,3.479966499522082,0.6339351674361804,0.027695842637815105,3.506172736565148,-0.026206237043065794
12306040100,11.31327187515422,3.480588776992197,0.6339739691580661,0.038801721885803886,3.5067253372463725,-0.026136560254175656
12307040100,11.314077555045246,3.4811608030774326,0.6340471368344591,0.07316767639297428,3.5072779845519584,-0.026117181474525797
12308040100,11.314883191593157,3.481810154043496,0.6340657001673142,0.01856333285508427,3.5078306739707124,-0.026020519927216323
12309040100,11.315688817143823,3.48243580738391,0.6341093715758599,0.04367140854566198,3.5083833915348777,-0.02594758415096754
12310040100,11.316494416821682,3.4830948904885997,0.6341142013498936,0.004829774033694001,3.5089361594357342,-0.025841268947134566
12311040100,11.317300013638082,3.483638058141579,0.6341307593342185,0.0165579843248862,3.5094889674684815,-0.02585090932690237
12312040100,11.31810560064436,3.4841238060764983,0.6341304099522072,-0.00034938201137357794,3.510041831426392,-0.025918025349893625
12313040100,11.318911187857639,3.484689669785908,0.6341880656512423,0.05765569903511203,3.5105947465451983,-0.025905076759290324
12314040100,11.319716740909891,3.4852918528249957,0.6342745911241233,0.08652547288100898,3.5111477197049545,-0.02585586687995889
12315040100,11.320522242690739,3.485902165540732,0.6343210619491346,0.04647082501135458,3.511700727316832,-0.02579856177609985
12316040100,11.321327716932416,3.4865269125664367,0.6343492919845132,0.028230035378532747,3.5122537576312673,-0.025726845064830695
12317040100,11.322133174443783,3.487145014693298,0.6343733539680437,0.024061983530578424,3.5128068269393466,-0.025661812246048576
12318040100,11.322938617694497,3.487753829026716,0.6343900749379769,0.01672096993317762,3.5133599426638895,-0.02560611363717369
12319040100,11.323744051035034,3.488343902894636,0.634410011592759,0.01993665478190465,3.513913106503331,-0.02556920360869519
12320040100,11.324549472559227,3.48898881581698,0.6344345049007242,0.02449330796515259,3.5144663214487117,-0.025477505631731567
12321040100,11.325354879565936,3.4895037952194525,0.6344683202765626,0.033815375838420536,3.5150195861942706,-0.025515790974818042
12322040100,11.32616026652906,3.490026211779677,0.6344745577289245,0.006237452361871121,3.515572898887509,-0.02554668710783181
12323040100,11.326965649794923,3.490656729472423,0.6345458625816436,0.07130485271915266,3.516126255734111,-0.02546952626168819
12324040100,11.327770990792473,3.491307480336764,0.6346135328127411,0.06767023109756831,3.5166796679684147,-0.02537218763165061
12325040100,11.328576291672466,3.4919333865098805,0.6346270259605121,0.013493147770941682,3.517233109087524,-0.025299722577643458
12326040100,11.32938158455275,3.492496424425706,0.6346302223453977,0.003196384885558956,3.5177865805664155,-0.025290156140709286
12327040100,11.330186875537969,3.4930115501000323,0.6346457113863982,0.01548904100061499,3.518340104479858,-0.02532855437982562
12328040100,11.330992157339951,3.493620085801859,0.6346926417453149,0.04693035891667918,3.51889368502869,-0.025273599226831145
12329040100,11.3317974113164,3.4941736215460875,0.6347636334524253,0.07099170711033764,3.5194473172074545,-0.025273695661367057
12330040100,11.332602623197703,3.49490733133199,0.6347878361537054,0.024202701280119143,3.520000988201396,-0.02509365686940601
12331040100,11.33340782072688,3.4955198969585277,0.6348395585118723,0.051722358166998106,3.5205546881974037,-0.025034791238875975
12332040100,11.334212987583275,3.4960931899828473,0.6348008483306559,-0.038710181216432105,3.521108436272577,-0.02501524628972973
12333040100,11.335018177396075,3.4967193425289085,0.6348226166336017,0.021768302945849527,3.521662221203904,-0.024942878674995672
12334040100,11.335823354299706,3.4973307536381393,0.6348640006495476,0.04138401594583385,3.522216079881961,-0.02488532624382156
12335040100,11.33662850666049,3.4978657448250456,0.6348788471902514,0.01484654070388114,3.522769987643148,-0.02490424281810233
12336040100,11.337433650216179,3.4984634934566965,0.6349009739842396,0.02212679398818551,3.523323936486076,-0.024860443029379287
12337040100,11.33823878064871,3.4990420009716776,0.6349613691955724,0.06039521133278303,3.5238779372406377,-0.02483593626896008
12338040100,11.339043875259508,3.499587429316348,0.6349903241445959,0.028954949023412446,3.524431986939156,-0.02484455762280824
12339040100,11.339848952695444,3.5002651374716254,0.6350288752082994,0.03855106370357486,3.524986069962189,-0.02472093249056373
12340040100,11.340654007263458,3.5008016326079283,0.6350839998287725,0.05512462047311395,3.5255401991430375,-0.024738566535109197
12341040100,11.34145902913028,3.501382746858254,0.6350727604649008,-0.011239363871756503,3.5260943705647243,-0.024711623706470398
12342040100,11.342264057664751,3.5019915016579235,0.6351321840835064,0.059423618605516815,3.5266485774582215,-0.024657075800297967
12343040100,11.343069050945566,3.502576438946356,0.6351692620662922,0.03707798278572483,3.527202846929537,-0.024626407983181053
12344040100,11.343874022228055,3.503117193317817,0.6351924420926585,0.02318002636625316,3.527757150118237,-0.024639956800420304
12345040100,11.3446789797573,3.50381203808579,0.6352274864651359,0.03504437247752534,3.5283114961513604,-0.024499458065570412
12346040100,11.345483916493087,3.5043837040915955,0.6352846709016342,0.05718443649827254,3.528865890708893,-0.024482186617297508
12347040100,11.346288819296564,3.5049688392693206,0.6352645535016601,-0.020117399974050265,3.5294203289441946,-0.024451489674873983
12348040100,11.347093734037678,3.5055067409689387,0.6353060128661133,0.04145936445322462,3.5299748018071995,-0.024468060838260808
12349040100,11.347898624176509,3.506054347663519,0.6353406936338291,0.03468076771568107,3.5305293408997827,-0.024474993236263565
12350040100,11.34870349373446,3.5067208090817945,0.6353990575301735,0.058363896344233446,3.531083921052577,-0.02436311197078256
12351040100,11.349508328654883,3.5073475918852797,0.6354526034060586,0.05354587588510995,3.5316385450373566,-0.024290953152076966
12352040100,11.350313131794742,3.5079962057835834,0.6354465201612219,-0.00608324483680267,3.532193203167779,-0.024196997384195562
12353040100,11.351117938545247,3.5086182243140343,0.6354601490472556,0.013628886033581367,3.5327478974114257,-0.024129673097391446
12354040100,11.351922737206431,3.5092132958462767,0.6354626926031828,0.0025435559271880237,3.5333026521637834,-0.02408935631750664
12355040100,11.35272753435789,3.509831769214652,0.6354784295698357,0.015736966652905693,3.533857459365425,-0.024025690150772938
12356040100,11.353532322168572,3.510460041187963,0.6355075857315736,0.02915616173790614,3.5344123235569818,-0.023952282369018807
12357040100,11.354337092672905,3.5111060267492546,0.635524942251849,0.01735652027531387,3.5349672393440557,-0.023861212594801007
12358040100,11.355141852874528,3.511654757263216,0.6355372785550427,0.012336303193715814,3.535522201237228,-0.02386744397401186
12359040100,11.35594660575326,3.512188018614046,0.6355405990699589,0.0033205149162940373,3.5360772140690244,-0.023889195454978474
12360040100,11.356751356660897,3.5128387872096822,0.6355925851424878,0.05198607252903553,3.5366322798984697,-0.0237934926887875
12361040100,11.357556076707857,3.5134385529443724,0.6356523759043645,0.05979076187662269,3.5371874024217576,-0.023748849477385203
12362040100,11.358360761258323,3.5140685202606767,0.6356532500986145,0.00087419424991797,3.537742561712978,-0.023674041452301342
12363040100,11.359165445289777,3.514761459840445,0.635679554894417,0.02630479580241296,3.5382977545726675,-0.02353629473222263
12364040100,11.35997011370371,3.515255737464358,0.6356906261347335,0.011071240316497644,3.538853005135554,-0.023597267671195965
12365040100,11.360774775544327,3.5158884303522067,0.6356699647168828,-0.020661417850694974,3.53940830298745,-0.023519872635243466
12366040100,11.361579449652146,3.5164355179378517,0.6357487799619205,0.07881524503787318,3.539963654373185,-0.02352813643533347
12367040100,11.362384076963533,3.517026899921919,0.6357582596589055,0.009479696985055241,3.54051907230237,-0.02349217238045087
12368040100,11.363188698646029,3.517671433205917,0.6358105919394045,0.052332280498968764,3.541074516009086,-0.023403082803169273
12369040100,11.363993289253154,3.5182512701149666,0.635840718032903,0.030126093498645368,3.5416300139119734,-0.023378743797006774
12370040100,11.364797861970137,3.5188637845052133,0.6358441175037598,0.003399470856867204,3.542185548445101,-0.023321763939887497
12371040100,11.365602432668327,3.5195794759796937,0.6358798348724589,0.03571736869910591,3.542741128712869,-0.023161652733175497
12372040100,11.366406982154999,3.520183516866944,0.6358991224996351,0.019287627176154842,3.543296765678619,-0.023113248811674758
12373040100,11.367211520186876,3.5207279200741755,0.6358665298246676,-0.03259267496743856,3.543852446091215,-0.023124526017039404
12374040100,11.368016077575152,3.5212760958696125,0.6358896874457889,0.023157621121232097,3.5444081766917073,-0.023132080822094725
12375040100,11.368820621210483,3.5219694122477856,0.6359427116556545,0.05302420986563927,3.5449639787695126,-0.022994566521727045
12376040100,11.369625133353948,3.522607838058734,0.6359939005626385,0.0511889069839393,3.5455198294586268,-0.022911991399892973
12377040100,11.370429615093412,3.5232091252674116,0.6359722685525306,-0.02163201010777982,3.546075716504401,-0.022866591236989198
12378040100,11.371234109681614,3.5238893905325774,0.6359779349268349,0.005666374304250432,3.54663164065769,-0.022742250125112662
12379040100,11.372038600904203,3.5245280058534787,0.6360020984299212,0.02416350308631099,3.5471876318115925,-0.02265962595811377
12380040100,11.372843077774293,3.5251753750204076,0.6359865578568473,-0.01554057307370904,3.547743678767194,-0.022568303746786533
12381040100,11.373647563875137,3.525736530659452,0.6359917050200249,0.005147163177616321,3.54829977393457,-0.022563243275117717
12382040100,11.374452046918703,3.5262892110271027,0.6359923168180767,0.0006117980517696964,3.5488559336209953,-0.022566722593892585
12383040100,11.375256529598875,3.5268323249490345,0.6360360576476902,0.04374082961350734,3.549412149338039,-0.02257982438900452
12384040100,11.37606098629727,3.5273828319556504,0.6360840711990086,0.0480135513184905,3.549968422953768,-0.02258559099811741
12385040100,11.376865414474146,3.5279819531188097,0.6361369232419165,0.052852042907913344,3.5505247367569446,-0.02254278363813489
12386040100,11.377669811253147,3.528517594493395,0.6361861104497996,0.04918720788305109,3.5510810889912285,-0.02256349449783368
12387040100,11.378474178809427,3.529126424837948,0.6362109242571067,0.024813807307169533,3.551637477666695,-0.02251105282874688
12388040100,11.37927853162278,3.529751866359113,0.6362675376738939,0.05661341678725407,3.5521939042872006,-0.022442037928087633
12389040100,11.380082850797875,3.530403078847653,0.6362874707707686,0.019933096874660272,3.552750378870364,-0.022347300022711014
12390040100,11.380887158128612,3.530975694640732,0.6362989843267904,0.01151355602180093,3.553306888344512,-0.022331193703780006
12391040100,11.381691458617786,3.5316130225158413,0.6362974404385882,-0.0015438882024296774,3.553863447789837,-0.022250425273995678
12392040100,11.382495760024371,3.532197740875173,0.6363351877710095,0.03774733242141526,3.554420060672019,-0.02222231979684608
12393040100,11.383300039000105,3.532781108422554,0.636340444350858,0.0052565798485497695,3.5549767323658905,-0.022195623943336518
12394040100,11.384104314852095,3.5333707663715574,0.6363719790011095,0.03153465025150659,3.5555334467152697,-0.02216268034371227
12395040100,11.384908571964028,3.5339920708449926,0.636404157078694,0.032178077584435805,3.556090217087487,-0.022098146242494288
12396040100,11.385712809952706,3.534548543838163,0.6364331521917327,0.028995113038697617,3.5566470326754818,-0.022098488837318797
12397040100,11.386517030709037,3.5351594227290017,0.6364462176726736,0.013065480940881002,3.557203893215764,-0.02204447048676217
12398040100,11.387321243700082,3.535794461281325,0.6364917221449846,0.04550447231106958,3.5577608000195724,-0.021966338738247604
12399040100,11.388125429645113,3.5363495914417404,0.6365099388560506,0.01821671106599876,3.558317759645856,-0.021968168204115734
12400040100,11.388929604762401,3.536966136524375,0.63651594598976,0.00600713370942163,3.558874758743844,-0.0219086222194691
12401040100,11.38973377630908,3.537575987881045,0.6365619307931503,0.04598480339033628,3.55943180854851,-0.021855820667465053
12402040100,11.390537920521668,3.5380761397126226,0.6365771144982142,0.015183705063935626,3.5599889140912033,-0.021912774378580746
12403040100,11.391342055708447,3.5387019152270134,0.6365955674436462,0.018452945432057888,3.560546058911875,-0.02184414368486154
12404040100,11.392146179925803,3.539263871447925,0.6366690037765916,0.0734363329454526,3.5611032556972333,-0.021839384249308313
12405040100,11.39295026048593,3.5398960124025107,0.6366795170930158,0.01051331642422415,3.561660503104278,-0.021764490701767336
12406040100,11.393754334795634,3.5405023057043805,0.6367219559493952,0.04243885637929257,3.562217778480772,-0.021715472776391298
12407040100,11.394558383873491,3.541026969628513,0.6367291666925057,0.007210743110523055,3.5627751077523513,-0.021748138123838245
12408040100,11.395362428664086,3.5416827050309037,0.6367492302814565,0.020063588950786304,3.563332477764895,-0.02164977273399149
12409040100,11.396166461525336,3.5422949181125873,0.6368101943419349,0.06096406047842784,3.5638899030399855,-0.021594984927398198
12410040100,11.396970458136785,3.54290778515056,0.636805453674303,-0.004740667631944362,3.564447378283713,-0.021539593133153012
12411040100,11.397774457567186,3.543446507731502,0.6368223896756672,0.016936001364219244,3.5650048866342097,-0.02155837890270762
12412040100,11.398578446926816,3.5440065353912082,0.6368389045348963,0.016514859229147305,3.5655624551848746,-0.021555919793666334
12413040100,11.39938242646588,3.5445825346154676,0.6368925594146646,0.053654879768251895,3.566120075001905,-0.021537540386437293
12414040100,11.40018637409754,3.5451631101093732,0.636935582572548,0.04302315788343769,3.5666777462626023,-0.021514636153229016
12415040100,11.400990296142579,3.545773436960349,0.6369706090140613,0.03502644151330081,3.567235453648074,-0.021462016687725072
12416040100,11.401794197355686,3.5464380906595547,0.6370033196469217,0.032710632860404765,3.567793201542809,-0.02135511088325437
12417040100,11.402598079113293,3.547069635506654,0.6370210696979663,0.017750051044697734,3.568350993246412,-0.021281357739757922
12418040100,11.403401950313237,3.5476529389090556,0.6370114645053385,-0.009605192627814674,3.5689088297154825,-0.02125589080642687
12419040100,11.404205827226344,3.5482263469618722,0.6370182887047419,0.00682419940332224,3.569466717127156,-0.021240370165283906
12420040100,11.405009700080427,3.5488362931751207,0.637049208265814,0.030919561072186852,3.5700246667788136,-0.021188373603692856
12421040100,11.405813554543135,3.5494112311116766,0.6370850757048684,0.035867439054317884,3.5705826718939484,-0.021171440782271844
12422040100,11.40661738767044,3.5499243691181617,0.6371025979132492,0.01752220838081353,3.5711407225273213,-0.021216353409159616
12423040100,11.407421210374451,3.550507048532674,0.637137613244489,0.03501533123981737,3.571698816636747,-0.021191768104073194
12424040100,11.408225012248437,3.551088351959828,0.6372036401909967,0.06602694650754692,3.572256961800896,-0.021168609841068164
12425040100,11.409028774841431,3.551737607317011,0.6372348728923515,0.03123270135479128,3.5728151507962522,-0.02107754347924118
12426040100,11.409832518852133,3.552318544258746,0.6372667692741253,0.03189638177388776,3.573373370809204,-0.02105482655045776
12427040100,11.410636243884868,3.552833990525193,0.637264523128994,-0.0022461451313056102,3.5739316362148195,-0.021097645689626354
12428040100,11.41143997025406,3.5535999679298453,0.6372964135448463,0.03189041585236296,3.5744899467401297,-0.020889978810284315
12429040100,11.412243677648075,3.554306546448144,0.6373611575867079,0.06474404186149307,3.5750483165006557,-0.020741770052511654
12430040100,11.413047346516098,3.554853256355894,0.6373002504617864,-0.060907124921476985,3.5756067313893887,-0.020753475033494784
12431040100,11.413851051627047,3.55544711629759,0.637268769016886,-0.03148144490036664,3.5761651778221477,-0.020718061524557907
12432040100,11.414654775469932,3.555993921301813,0.6373172611223231,0.04849210543710125,3.576723707759399,-0.02072978645758594
12433040100,11.415458470458947,3.5566909712605894,0.6373421493030244,0.024888180701284845,3.5772823090439303,-0.02059133778334088
12434040100,11.416262150638214,3.557322927157105,0.6373906242186627,0.04847491563829376,3.577840948607669,-0.020518021450564028
12435040100,11.417065801970981,3.5578841033358146,0.637363718975838,-0.02690524282469209,3.5783996362137316,-0.020515532877916964
12436040100,11.417869469314779,3.5584635653075214,0.6373692382487247,0.0055192728867758944,3.578958362105503,-0.020494796797981607
12437040100,11.418673133374162,3.559101905102445,0.637410161622795,0.0409233740702577,3.57951715747404,-0.020415252371595027
12438040100,11.419476773080058,3.5596748902639828,0.6374419355055432,0.0317738827481957,3.580076008910421,-0.02040111864643812
12439040100,11.420280393876398,3.560261805572475,0.6374441395338877,0.0022040283445123876,3.580634901766601,-0.02037309619412575
12440040100,11.421084013361027,3.5608467631447205,0.637479013404214,0.03487387032635603,3.5811938398298153,-0.020347076685094834
12441040100,11.421887612090211,3.5612837023504484,0.6375068888500898,0.027875445875775284,3.5817528353435613,-0.020469132993112815
12442040100,11.422691194228413,3.561897281624528,0.6375357199652377,0.028831115147944786,3.5823118747863845,-0.020414593161856676
12443040100,11.423494759206179,3.562503775119187,0.6376388264286571,0.10310646341949514,3.5828709610572673,-0.02036718593808029
12444040100,11.424298262808948,3.563095286846264,0.6376535272859243,0.014700857267235357,3.58343009376231,-0.02033480691604561
12445040100,11.425101757660212,3.5636572381743337,0.6376716995284022,0.018172242477866973,3.5839892421337503,-0.02033200395941659
12446040100,11.425905241693195,3.564213262676862,0.6376973057611588,0.025606232756611114,3.584548442789959,-0.020335180113097096
12447040100,11.42670871048185,3.5648113875503005,0.6377377128344598,0.040407073300997354,3.5851076942963793,-0.02029630674607885
12448040100,11.427512155213625,3.565440211266426,0.6377811151996446,0.04340236518486407,3.5856669935754546,-0.020226782309028746
12449040100,11.428315574103772,3.566080633806125,0.6378034136145134,0.022298414868768823,3.586226334494409,-0.02014570068828414
12450040100,11.429118979716925,3.566745265051503,0.6378102444623839,0.006830847870463508,3.5867857158112635,-0.020040450759760464
12451040100,11.429922381262754,3.5673720219180196,0.6378111340149719,0.0008895525880427968,3.587345146275865,-0.019973124357845595
12452040100,11.430725782278909,3.568002467062562,0.6377997333870326,-0.011400627939511132,3.587904632305211,-0.019902165242648984
12453040100,11.431529190083383,3.5686245342216267,0.6378071631892215,0.007429802188906542,3.5884641763683724,-0.019839642146745717
12454040100,11.432332593463913,3.5692198458208924,0.6378126360671428,0.00547287792130291,3.58902378356877,-0.019803937747877587
12455040100,11.433135993585688,3.569771385321198,0.6378222045865034,0.009568519360595218,3.589583446102818,-0.019812060781620122
12456040100,11.433939388009952,3.570268385730863,0.6378451072544584,0.02290266795506124,3.5901431647873494,-0.019874779056486602
12457040100,11.434742768796674,3.5708137661202737,0.6378899404055037,0.04483315104525776,3.5907029379283095,-0.019889171808035844
12458040100,11.435546122885988,3.5714297117297105,0.6379621958755463,0.07225547004248334,3.591262759997278,-0.019833048267567488
12459040100,11.436349433944955,3.572050372863146,0.638010314703079,0.04811882753278507,3.5918226218952896,-0.019772249032143474
12460040100,11.437152716345357,3.5726482108595206,0.6380230586676976,0.012743964618567638,3.5923825122381956,-0.019734301378675045
12461040100,11.43795599115541,3.573183989119158,0.6380333375511827,0.01027888348531203,3.5929424410409894,-0.019758451921831455
12462040100,11.43875925984323,3.573721563064519,0.6380549714147553,0.02163386357258279,3.5935024229913104,-0.01978085992679146
12463040100,11.439562515645369,3.5743292589213187,0.6381077101278414,0.05273871308614364,3.5940624591171044,-0.019733200195785727
12464040100,11.440365740033407,3.5748574423349675,0.638159623010163,0.05191288232167235,3.59462254470683,-0.019765102371862575
12465040100,11.441168933497076,3.5755524535446543,0.638176404448197,0.01678143803396459,3.5951826668423443,-0.01963021329768999
12466040100,11.441972116963623,3.576173086164685,0.6382330242581445,0.05661980994748639,3.5957428258643382,-0.019569739699653255
12467040100,11.442775266698662,3.576786644152505,0.6382059789089375,-0.02704534920709989,3.596303036369303,-0.019516392216798018
12468040100,11.443578432546412,3.577330225538736,0.6382160277518137,0.010048842876255293,3.5968632818040156,-0.01953305626527957
12469040100,11.444381592407467,3.5778548994892354,0.6382295247505632,0.013496998749394251,3.597423596941894,-0.019568697452658768
12470040100,11.44518474422743,3.5784481580102594,0.6382780783691933,0.04855361863004504,3.597983966372759,-0.019535808362499463
12471040100,11.445987867119442,3.579076285714142,0.638336184243143,0.05810587394969957,3.598544388667701,-0.019468102953559274
12472040100,11.446790955389838,3.5796834771493593,0.638359958591417,0.023774348274010926,3.599104849254278,-0.019421372104918788
12473040100,11.447594029493823,3.5802794454569606,0.6383661821598445,0.006223568427554227,3.599665344158204,-0.01938589870124341
12474040100,11.448397099889299,3.5809247528702803,0.6383827976282165,0.016615468371927733,3.600225887656336,-0.019301134786055663
12475040100,11.449200160383768,3.581476275282259,0.6384049781078805,0.02218047966405745,3.6007864870523036,-0.01931021177004455
12476040100,11.450003207660748,3.582086083608155,0.6384023475675685,-0.0026305403119799564,3.6013471380278226,-0.019261054419667634
12477040100,11.450806256505304,3.582786993950756,0.6384466535748298,0.044306007261218916,3.6019078382709857,-0.019120844320229757
12478040100,11.451609278946536,3.583417925967269,0.638461743042789,0.015089467959296776,3.6024685981096845,-0.019050672142415515
12479040100,11.452412292395127,3.5840119150126197,0.6384310309991558,-0.0307120436332724,3.6030293980154475,-0.019017483002827795
12480040100,11.453215324146518,3.5845906857900096,0.6384351878878771,0.0041568887214022965,3.603590250149363,-0.01899956435935346
12481040100,11.45401835342066,3.5852509147812195,0.6384577761024329,0.022588214555861796,3.6041511735825225,-0.01890025880130297
12482040100,11.454821369233386,3.585845953515351,0.6384879734059027,0.030197303469779335,3.6047121538076468,-0.018866200292295687
12483040100,11.45562436704943,3.5865228960722186,0.6384772715009127,-0.010701904989935507,3.605273183155685,-0.018750287083466155
12484040100,11.45642737124357,3.5872006772683087,0.6384991212671466,0.021849766233893675,3.6058342584606216,-0.018633581192312842
12485040100,11.457230362415642,3.5878583118178335,0.638479810365958,-0.019310901188594798,3.6063953967584936,-0.018537084940660087
12486040100,11.458033365096684,3.5885384620027923,0.6384598783558294,-0.019932010128630218,3.606956584497766,-0.018418122494973765
12487040100,11.458836379656555,3.589145229200071,0.638449851496063,-0.010026859766359308,3.6075178388283398,-0.018372609628268588
12488040100,11.459639400191987,3.589726676992046,0.6384283623225216,-0.021489173541384687,3.60807916001729,-0.01835248302524395
12489040100,11.460442433533736,3.590324431357319,0.6384435071799918,0.015144857470155593,3.6086405439461053,-0.018316112588786293
12490040100,11.461245457850055,3.590981587378453,0.63847130298232,0.027795802328228092,3.6092019953981698,-0.018220408019716583
12491040100,11.462048465601258,3.591630425579295,0.6384909066537975,0.019603671477480766,3.60976349911596,-0.01813307353666538
12492040100,11.462851461669135,3.592259583687905,0.6384806443256007,-0.010262328196856352,3.6103250498306743,-0.01806546614276927
12493040100,11.463654463853159,3.592862551909097,0.6384743898310397,-0.006254494561000357,3.6108866509591273,-0.01802409905003044
12494040100,11.464457469764694,3.5933552838892355,0.6384778654755036,0.0034756444638714967,3.611448314955357,-0.01809303106612159
12495040100,11.465260473604841,3.593976834449036,0.638494384889115,0.016519413611486122,3.612010040155731,-0.018033205706694755
12496040100,11.46606346759974,3.5946646014774015,0.6385661910117656,0.0718061226505533,3.6125718225099597,-0.01790722103255815
12497040100,11.466866418797045,3.595267079829286,0.6385734968851015,0.007305873335920587,3.613133656584168,-0.01786657675488179
12498040100,11.4676693656397,3.5958944371070336,0.6385474685182364,-0.026028366865063823,3.613695519322711,-0.017801082215677333
12499040100,11.46847232799631,3.5964769200946463,0.6385640175905525,0.01654907231612235,3.6142574376267973,-0.01778051753215104
12500040100,11.46927528048907,3.5970831633759874,0.6385680241047614,0.004006514208937162,3.6148194254081254,-0.01773626203213796
12501040100,11.470078230593769,3.597690762442257,0.6385944615122461,0.026437407484681152,3.6153814649116,-0.017690702469343123
12502040100,11.47088116494027,3.5982697735942075,0.6386089562263841,0.014494714137968323,3.6159435613747064,-0.017673787780498884
12503040100,11.471684090646859,3.5989345132665473,0.6386227105226676,0.013754296283318368,3.6165057054418774,-0.017571192175330097
12504040100,11.472487008154722,3.5995720751695877,0.6386507488439732,0.028038321305565717,3.6170679021000716,-0.017495826930483904
12505040100,11.473289908948903,3.6001882199848003,0.6386357441145674,-0.015004729405799111,3.617630151662393,-0.01744193167759267
12506040100,11.474092818687502,3.600846275121929,0.6386342040971935,-0.0015400173738351342,3.6181924481694843,-0.017346173047555258
12507040100,11.474895729344107,3.6014911965538596,0.6386432883995022,0.009084302308675518,3.6187548095957034,-0.01726361304184376
12508040100,11.47569863458553,3.6020881632937143,0.638631258612995,-0.012029786507231854,3.6193172303264376,-0.01722906703272331
12509040100,11.476501546997932,3.602710154048172,0.638625660329942,-0.005598283053053876,3.619879705930977,-0.01716955188280478
12510040100,11.47730446274744,3.603365906697067,0.6386439978475588,0.018337517616827448,3.6204422452328053,-0.017076338535738422
12511040100,11.478107367565958,3.604028964744044,0.6386497363036133,0.005738456054610985,3.6210048455530206,-0.016975880808976385
12512040100,11.478910268963725,3.6045621385064144,0.6386384380169855,-0.011298286627877019,3.621567496899221,-0.017005358392806702
12513040100,11.479713177096485,3.605106662968614,0.6386233117309075,-0.01512628607805766,3.622130204538834,-0.017023541570220235
12514040100,11.480516094245974,3.605721736585571,0.6386732148015938,0.04990307068629729,3.6226929755958572,-0.016971239010286077
12515040100,11.48131898164771,3.606274193871825,0.63871751072426,0.044295922666248266,3.623255811677364,-0.016981617805539084
12516040100,11.4821218426425,3.606809283155945,0.6387264601067183,0.008949382458293798,3.6238186856136707,-0.017009402457725642
12517040100,11.482924698301936,3.607316533554491,0.6387667574152286,0.040297308510287344,3.6243815997467728,-0.017065066192281986
12518040100,11.483727529936536,3.6079126443772918,0.6388158144729011,0.04905705767254709,3.624944568853291,-0.017031924475999105
12519040100,11.484530332322066,3.6085613545241153,0.638878929897485,0.06311542458379282,3.625507579830824,-0.01694622530670875
12520040100,11.48533309707373,3.6091366495763944,0.6388975698457582,0.018639948273174056,3.626070629015942,-0.016933979439547553
12521040100,11.486135850710328,3.6097426647202333,0.638889757913889,-0.007811931869198041,3.6266337105266366,-0.016891045806403326
12522040100,11.486938609005241,3.610353292676398,0.6389186452649973,0.02888735110832652,3.6271968429646435,-0.016843550288245357
12523040100,11.487741350074161,3.6109646942043168,0.63893211226857,0.013467003572779745,3.627760037400357,-0.016795343196040147
12524040100,11.488544083112261,3.6115738229743277,0.6389432089977921,0.011096729222194845,3.628323278484995,-0.01674945551066731
12525040100,11.489346809532904,3.612175467441899,0.6389538459447133,0.010636946921112944,3.628886572673615,-0.016711105231715706
12526040100,11.490149529610186,3.6128813779387374,0.6389655541534163,0.01170820870298428,3.6294499209624576,-0.016568543023720128
12527040100,11.49095224270515,3.613419564732248,0.6389809549710931,0.015400817676798795,3.630013323548525,-0.016593758816276782
12528040100,11.491754946615506,3.614020135319234,0.6389439649069271,-0.03699006416596706,3.6305767799879582,-0.016556644668724196
12529040100,11.492557672585365,3.6146290833629036,0.6389909141603999,0.04694925347285306,3.631140288739168,-0.016511205376264382
12530040100,11.49336037055624,3.6152091113335585,0.6390066235493516,0.015709388951696823,3.6317038717434222,-0.01649476040986375
12531040100,11.494163059158163,3.6157436231783158,0.639018090606405,0.011467057053430985,3.6322674938607555,-0.016523870682439767
12532040100,11.494965740921097,3.6163680813645835,0.6390440044447986,0.02591383839357775,3.632831168174384,-0.016463086809800576
12533040100,11.495768407228553,3.616900510216535,0.6390927607692264,0.04875632442778777,3.6333948964652336,-0.01649438624869859
12534040100,11.4965710444554,3.617471230475814,0.6390964494517185,0.00368868249216181,3.633958672685509,-0.01648744220969478
12535040100,11.497373679482063,3.61801873546997,0.6391462394608184,0.04979000909983533,3.634522487266384,-0.016503751796414168
12536040100,11.49817628480946,3.6185778233634927,0.6391768891351977,0.03064967437925059,3.6350863590927247,-0.016508535729232054
12537040100,11.49897887185363,3.619184542977578,0.6392192077985355,0.04231866333783163,3.6356502688482806,-0.016465725870702386
12538040100,11.499781433652517,3.619796294784883,0.6392557636205216,0.036555821986181236,3.6362142245547666,-0.016417929769883433
12539040100,11.500583973642797,3.6203983183156874,0.6392684410298762,0.012677409354628466,3.636778221321425,-0.01637990300573744
12540040100,11.501386506069693,3.6210046625494803,0.6392785273626259,0.010086332749682292,3.637342261564278,-0.01633759901479781
12541040100,11.502189032478956,3.621581049988062,0.6392934236051475,0.014896242521729164,3.637906355297986,-0.01632530530992371
12542040100,11.502991550000784,3.6221322926872435,0.6393061017406019,0.01267813545440255,3.638470503613643,-0.016338210926399643
12543040100,11.50379405995841,3.6226837095049897,0.6393337610863908,0.02765934578892537,3.6390347044983145,-0.016350994993324708
12544040100,11.504596553413093,3.6232631236653283,0.6393740450027579,0.04028391636712403,3.6395989588865625,-0.016335835221234163
12545040100,11.505399022831284,3.6238418479373244,0.6394142942867719,0.04024928401401784,3.6401632604968945,-0.016321412559570092
12546040100,11.50620146823235,3.624371805405101,0.6394405382854318,0.02624399865987037,3.640727604033458,-0.01635579862835712
12547040100,11.507003897972675,3.625043269699947,0.6394671194299077,0.026581144475919416,3.6412919895106732,-0.016248719810726175
12548040100,11.507806311850509,3.6256914192657987,0.6395181738028384,0.05105437293057946,3.641856422807578,-0.0161650035417793
12549040100,11.508608695259685,3.626271153911438,0.639498284610083,-0.0198891927554401,3.6424209037848883,-0.016149749873450414
12550040100,11.50941109053875,3.626798411218807,0.6394899092848504,-0.00837532523255824,3.642985422168472,-0.016187010949665126
12551040100,11.51021349081612,3.62744958634135,0.6395157296903369,0.025820405486443043,3.643550007749738,-0.016100421408387966
12552040100,11.511015875683961,3.628026893498247,0.6395678970203471,0.05216733001026075,3.6441146557016175,-0.01608776220337038
12553040100,11.511818229416887,3.6286153431848995,0.6395579635737358,-0.009933446611263719,3.644679351668099,-0.016064008483199554
12554040100,11.512620589078539,3.6292400408546683,0.6395849628948678,0.026999321131947696,3.645244084583073,-0.016004043728404582
12555040100,11.5134229326256,3.6298257187054026,0.6396063619918249,0.0213990969570661,3.6458088805369258,-0.01598316183152315
12556040100,11.51422526340016,3.6304360333952066,0.6396095488132314,0.0031868214065315925,3.6463737240179377,-0.015937690622731093
12557040100,11.515027592272567,3.630990487833982,0.6396322276389953,0.022678825763903454,3.646938617381835,-0.015948129547853185
12558040100,11.515829907608179,3.6316233841715397,0.6396425221440152,0.010294505019916578,3.6475035682865418,-0.015880184115002027
12559040100,11.516632216798955,3.632216361965546,0.6396807965378861,0.03827439387089093,3.6480685685440513,-0.015852206578505168
12560040100,11.517434503142825,3.6327837936813436,0.6396797388666069,-0.0010576712791889875,3.648633623363814,-0.015849829682470506
12561040100,11.51823679011806,3.633409854230494,0.6396986119022817,0.018873035674797478,3.649198720985712,-0.0157888667552184
12562040100,11.51903906582711,3.6339516411809343,0.6397302747099407,0.0316628076589911,3.6497638779505444,-0.015812236769610077
12563040100,11.519841322634528,3.6346501571469885,0.6397325309652219,0.0022562552811091763,3.6503290858822197,-0.015678928735231246
12564040100,11.520643578095008,3.6351747825283494,0.6397769963452419,0.04446538002000455,3.6508943394043136,-0.01571955687596427
12565040100,11.521445807009712,3.6359436851962994,0.6397428534877764,-0.03414285746548984,3.6514596508893717,-0.015515965693072342
12566040100,11.5222480563078,3.636534937624106,0.639795766276347,0.05291278857065951,3.6520250025840113,-0.015490064959905236
12567040100,11.523050274016404,3.637112662581694,0.6397261534244673,-0.06961285187981847,3.652590427565869,-0.015477764984174858
12568040100,11.523852533284137,3.63773952190888,0.6397453506813763,0.019197256909008864,3.6531558892093656,-0.015416367300485678
12569040100,11.524654781091424,3.638352566428486,0.639771305477586,0.025954796209682662,3.6537214390822044,-0.015368872653718224
12570040100,11.525457013403658,3.6389381666242984,0.6397726145847591,0.0013091071730864101,3.654287039817852,-0.015348873193553825
12571040100,11.526259244934339,3.6395920577865812,0.6397807616395587,0.008147054799542808,3.6548526885749837,-0.015260630788402452
12572040100,11.527061471601096,3.6402272108945604,0.6398026149641197,0.02185332456101019,3.655418395732312,-0.015191184837751504
12573040100,11.527863685220797,3.6409180436423676,0.6397901756375338,-0.01243932658588598,3.6559841584165866,-0.015066114774219042
12574040100,11.528665906267177,3.641518808239656,0.6397869943207257,-0.003181316808123391,3.656549970860876,-0.015031162621220062
12575040100,11.529468129212885,3.6420098507078698,0.6397557480234038,-0.031246297321826155,3.6571158475111005,-0.01510599680323077
12576040100,11.530270370813009,3.6425810518629156,0.6397694981284147,0.013750105010794655,3.6576817844754856,-0.015100732612570056
12577040100,11.531072604204251,3.643214647328425,0.6398382892440356,0.06879111562097417,3.658247793582486,-0.015033146254061158
12578040100,11.531874796524574,3.643690123173504,0.6398670267034521,0.02873745941650263,3.658813855886404,-0.015123732712899685
12579040100,11.532676971686413,3.6442459337787163,0.6398644585397721,-0.0025681636799443908,3.659379948200211,-0.015134014421494868
12580040100,11.533479148381671,3.644907147453063,0.6399411464241896,0.07668788441751939,3.659946087398186,-0.015038939945123175
12581040100,11.534281279285253,3.6453942235415275,0.63997771102781,0.03656460362036107,3.660512286676635,-0.015118063135107551
12582040100,11.53508338835381,3.645989260818157,0.6399614141083082,-0.016296919501737506,3.661078512633406,-0.015089251815248783
12583040100,11.535885507154415,3.646578898730759,0.6400323576206451,0.07094351233683138,3.661644782178225,-0.015065883447466177
12584040100,11.536687583588055,3.647201454797589,0.6400492847974603,0.016927176815115352,3.6622111176014798,-0.015009662803890933
12585040100,11.537489649912308,3.647803716826458,0.640068897990528,0.019613193067714363,3.6627774821212284,-0.014973765294770569
12586040100,11.538291704522722,3.648389361012408,0.6400719542716348,0.003056281106708525,3.6633438985156346,-0.014954537503226728
12587040100,11.539093757307766,3.648968204765198,0.6400851118177817,0.013157546146900678,3.6639103656553687,-0.01494216089017053
12588040100,11.539895802234355,3.6496798208819494,0.6401065653039596,0.021453486177970937,3.664476890529002,-0.01479706964705274
12589040100,11.540697834347371,3.650292471220694,0.6401314232359088,0.024857931949228806,3.665043468880185,-0.014750997659491283
12590040100,11.541499851612972,3.650958210775448,0.6400896316491211,-0.041791586787673474,3.6656100972123866,-0.01465188643693871
12591040100,11.542301893840023,3.6515572462906243,0.6400972558978331,0.00762424871187406,3.666176774091813,-0.014619527801188692
12592040100,11.543103931513334,3.6520232760954605,0.640078161686802,-0.01909421103110276,3.6667435276532494,-0.014720251557788888
12593040100,11.543905980590965,3.652667326798772,0.6400923932726572,0.014231585855278617,3.6673103370485407,-0.014643010249768551
12594040100,11.544708021168585,3.653345938216315,0.640173357189791,0.08096391713369488,3.667877213562342,-0.014531275346026717
12595040100,11.545510013386293,3.653936870760941,0.6401651898685629,-0.0081673212280986,3.6684441431330335,-0.014507272372092483
12596040100,11.546312010482598,3.6544516616756253,0.6401395453549706,-0.02564451359226183,3.6690110975851553,-0.014559435909530016
12597040100,11.547114022896823,3.6551417615364494,0.6401577047623671,0.0181594073964364,3.6695781145560957,-0.014436353019646297
12598040100,11.547916024464168,3.655787796218623,0.6402140706962561,0.05636593388899058,3.6701452014349023,-0.014357405216279151
12599040100,11.548717992361631,3.656492855891251,0.6401825710850443,-0.03149961121187239,3.670712339727622,-0.014219483836371172
12600040100,11.549519979075528,3.6570661284590207,0.6401729719773352,-0.009599107709012067,3.6712795132961276,-0.01421338483710688
12601040100,11.550321971523339,3.6577495337402564,0.640133602240084,-0.03936973725131221,3.6718467592646853,-0.014097225524428936
12602040100,11.551123987487415,3.658326106389778,0.6401601502020893,0.026547962005270875,3.6724140683888855,-0.014087961999107446
12603040100,11.551925987594043,3.6588720890035846,0.6401314311928689,-0.028719009220466774,3.6729814532569094,-0.014109364253324763
12604040100,11.55272800485489,3.6596051590132177,0.6401561479958542,0.024716802985346398,3.6735488860208996,-0.013943727007681872
12605040100,11.553530007352125,3.6601757930632615,0.6401962266649807,0.04007866912644076,3.6741163900436433,-0.013940596980381859
12606040100,11.554331985908897,3.6608232421607654,0.6401424661335968,-0.053760531383812094,3.6746839427466504,-0.013860700585885066
12607040100,11.555133996578515,3.6613780117053327,0.6401699417594453,0.027475625848459195,3.675251537637628,-0.013873525932295294
12608040100,11.555935990836375,3.662005973168323,0.640158871247136,-0.011070512309445668,3.675819214395002,-0.01381324122667893
12609040100,11.556737991706953,3.662585419108061,0.6401942072589186,0.035336011782616694,3.6763869386801318,-0.013801519572070653
12610040100,11.557539971470023,3.663171701750985,0.640192850601012,-0.0013566579065882323,3.6769547267969287,-0.013783025045943642
12611040100,11.558341952043493,3.663747432952332,0.6402157603049192,0.02290970390712843,3.6775225591250162,-0.013775126172684171
12612040100,11.559143918931639,3.664326405448475,0.6402352368622491,0.01947655732987119,3.6780904511870496,-0.01376404573857437
12613040100,11.559945874184951,3.664913889625282,0.6402600033290617,0.024766466812594423,3.6786583927231753,-0.013744503097893102
12614040100,11.560747814642923,3.6654856884238436,0.6402831518236024,0.023148494540689235,3.6792263851888976,-0.013740696765053961
12615040100,11.561549741271678,3.666082084885877,0.6403020309591873,0.01887913558486609,3.6797944263490088,-0.013712341463131938
12616040100,11.562351656621468,3.666755401887356,0.6403287696158125,0.026738656625242996,3.6803625168908596,-0.013607115003503534
12617040100,11.56315355599629,3.667431341373846,0.6403431775197312,0.014407903918747245,3.6809306586244688,-0.013499317250622589
12618040100,11.563955446762897,3.6680034011420943,0.6403189403992705,-0.024237120460782968,3.6814988482259707,-0.0134954470838764
12619040100,11.564757352010236,3.668505800595824,0.6402932004704807,-0.025739928789842992,3.682067090918572,-0.01356129032274822
12620040100,11.565559272635662,3.6691645758856595,0.6403194193122103,0.026218841729619413,3.682635403070595,-0.01347082718493553
12621040100,11.566361177596875,3.669777472440146,0.6403806348663064,0.061215554096115454,3.6832037853274855,-0.013426312887339531
12622040100,11.567163045983252,3.6703633314491246,0.6403635167687175,-0.01711809758884897,3.683772215693363,-0.013408884244238362
12623040100,11.567964924597588,3.6709025391569123,0.6403692731609194,0.005756392201942795,3.684340679346132,-0.013438140189219627
12624040100,11.568766799772542,3.6714831113306388,0.6403885301786085,0.01925701768916266,3.684909209468678,-0.01342609813803941
12625040100,11.569568663441439,3.67199493127537,0.6404312047266113,0.042674548002783474,3.685477796377839,-0.013482865102468988
12626040100,11.570370501611265,3.67265951935544,0.6404532014644229,0.02199673781155287,3.686046434358289,-0.013386915002849165
12627040100,11.571172326636939,3.673202198351422,0.6405097134884482,0.05651202402533695,3.6866151134890472,-0.013412915137625436
12628040100,11.571974117892069,3.6737553066366853,0.6404896702020595,-0.020043286388672144,3.6871838425343775,-0.013428535897692218
12629040100,11.57277592112499,3.6742942119591904,0.6405306585150995,0.040988313040062785,3.687752606865107,-0.013458394905916826
12630040100,11.573577699863108,3.674837256596057,0.6405664811382895,0.035822623189980085,3.6883214389373897,-0.013484182341332751
12631040100,11.57437945719236,3.67544240274534,0.6406094989671346,0.04301782884510885,3.6888903128808757,-0.01344791013553559
12632040100,11.575181188811278,3.6760016443512766,0.6406505197330139,0.041020765879296484,3.6894592308861967,-0.013457586534920019
12633040100,11.575982895912057,3.6765794274438903,0.6406604393173144,0.009919584300667417,3.6900281899020584,-0.013448762458168062
12634040100,11.576784597083691,3.6771600156098248,0.6406933511133786,0.03291179606414829,3.6905971907751507,-0.013437175165325943
12635040100,11.577586278582686,3.6777705020428493,0.6407169955302804,0.023644416901827725,3.691166246701581,-0.013395744658731612
12636040100,11.578387945947973,3.678311566066025,0.6407392418727119,0.022246342431397004,3.691735347929445,-0.013423781863419748
12637040100,11.579189600014857,3.6788810907081055,0.6407464789619048,0.007237089192883239,3.6923044983931987,-0.013423407685093203
12638040100,11.579991249755473,3.679526347822479,0.6407885080468483,0.04202908494343127,3.692873698689038,-0.013347350866558916
12639040100,11.580792874370646,3.6800439128636824,0.6408163310896894,0.027823042841154333,3.693442955191717,-0.013399042328034572
12640040100,11.581594482352122,3.6806330799175546,0.6408061639985807,-0.010167091108631787,3.694012253134556,-0.013379173217001217
12641040100,11.582396096411951,3.681209636783339,0.6408599671299402,0.05380313135944892,3.6945815985497994,-0.013371961766460494
12642040100,11.583197678304858,3.6817616414923835,0.6408779533478903,0.017986217950149097,3.6951510075738128,-0.013389366081429266
12643040100,11.583999249443943,3.682304775271454,0.6409022621685858,0.024308820695489786,3.6957204530432257,-0.013415677771771772
12644040100,11.584800806048563,3.682840535530747,0.6409389001718717,0.036638003285863974,3.6962899501713977,-0.013449414640650748
12645040100,11.585602340746089,3.6834180753079924,0.6409800521962223,0.041152024350664895,3.6968594962756782,-0.013441420967685858
12646040100,11.586403850836156,3.684003797290474,0.641024983040206,0.04493084398360114,3.697429086119616,-0.013425288829142179
12647040100,11.58720533405761,3.6845421922929824,0.6410490300951754,0.024047054969416948,3.697998717785321,-0.013456525492338667
12648040100,11.588006802898281,3.6852221823977183,0.641068974777777,0.01994468260154658,3.698568389666299,-0.013346207268580823
12649040100,11.588808259811143,3.685798136093305,0.6411126656117584,0.04369083398132201,3.699138110640188,-0.01333997454688296
12650040100,11.589609690593827,3.686426202718554,0.6410853629028199,-0.027302708938447218,3.6997078824539784,-0.01328167973542449
12651040100,11.59041113770562,3.6870363542761146,0.6411100914546429,0.02472855182300382,3.700277695012911,-0.013241340736796392
12652040100,11.591212570027873,3.687691134811313,0.6411086674060736,-0.0014240485693353122,3.700847578510423,-0.013156443699110287
12653040100,11.592014003201827,3.6882500325807372,0.641116155824518,0.007488418444295597,3.701417510825433,-0.013167478244695552
12654040100,11.592815431897053,3.68884174280881,0.6411011844664519,-0.014971358066012463,3.7019875030857605,-0.013145760276950469
12655040100,11.593616869546413,3.689465455932451,0.6411342066529137,0.03302218646170019,3.702557551506139,-0.013092095573687956
12656040100,11.594418287445482,3.6900640274461227,0.6411508073664612,0.016600713547532564,3.703127665647962,-0.0130636382018392
12657040100,11.595219695415475,3.69058290560707,0.6411513322949831,0.000524928521908663,3.7036978250969526,-0.013114919489882748
12658040100,11.596021103071497,3.6912376614549456,0.6411643938579443,0.01306156296117944,3.704268036843235,-0.013030375388289439
12659040100,11.596822502915089,3.691757589980107,0.6412174309130844,0.05303705514001944,3.7048383077331657,-0.013080717753058746
12660040100,11.597623871034553,3.6922919818603086,0.6412023897266682,-0.015041186416113739,3.705408632436278,-0.013116650575969224
12661040100,11.598425248151136,3.692856811545672,0.6412548899005559,0.05250017388772843,3.705978993937393,-0.013122182391720916
12662040100,11.59922659386314,3.693431375246377,0.6413002487351668,0.045358834610841114,3.706549421222949,-0.013118045976571846
12663040100,11.600027912440595,3.693966437865594,0.6413304327546177,0.030184019450902433,3.707119885538404,-0.013153447672809904
12664040100,11.600829212960463,3.6945422544696993,0.6413557600825768,0.02532732795909265,3.707690389923254,-0.013148135453554755
12665040100,11.601630498327694,3.6951042607007296,0.6414009288695086,0.04516878693180537,3.708260940841118,-0.0131566801403884
12666040100,11.60243175667042,3.695727901682046,0.6414257333991308,0.02480452962220614,3.708831540362958,-0.0131036386809118
12667040100,11.60323300017189,3.696358693667452,0.64145748460386,0.03175120472925652,3.7094021800363066,-0.013043486368854662
12668040100,11.604034224674992,3.697010222101437,0.6414583325065846,0.0008479027246135473,3.7099728685394133,-0.0129626464379764
12669040100,11.604835448670737,3.697713667199934,0.6414555091151789,-0.0028233914056388087,3.710543602913834,-0.012829935713899676
12670040100,11.605636674355898,3.698277726935966,0.6414421788470215,-0.01333026815740812,3.711114396335301,-0.0128366693993347
12671040100,11.606437908017316,3.6988666617476285,0.6414026544667771,-0.03952438024444671,3.711685250375183,-0.012818588627554472
12672040100,11.607239165327584,3.699405004287111,0.6414328666655806,0.03021219880353332,3.712256169520021,-0.012851165232909967
12673040100,11.608040404560926,3.7000038582323342,0.6414506378477134,0.017771182132718444,3.7128271649470896,-0.0128233067147554
12674040100,11.608841633160859,3.7006569124734936,0.6414938086128262,0.04317076511285922,3.7133982069284635,-0.012741294454969854
12675040100,11.609642835928458,3.7012831455133353,0.6415066913282937,0.012882715467624983,3.7139693007721775,-0.012686155258842202
12676040100,11.610444030987065,3.7019335176384636,0.6414923359061684,-0.014355422125305495,3.7145404356470486,-0.012606918008585044
12677040100,11.61124523463592,3.7025440558130964,0.6414913014039506,-0.001034502217829747,3.715111624474769,-0.012567568661672635
12678040100,11.612046438903812,3.703203101014961,0.6414780659689193,-0.01323543503131841,3.7156828788817613,-0.012479777866800212
12679040100,11.612847651091599,3.7037780308087505,0.6414847017312364,0.006635762317020344,3.7162541931918724,-0.012476162383121991
12680040100,11.613648859308658,3.704387086472015,0.6414669384697135,-0.017763261522933504,3.7168255726183332,-0.012438486146318262
12681040100,11.61445007815487,3.7049807916450233,0.6414912583696684,0.024319899954877933,3.717397008688117,-0.012416217043093702
12682040100,11.615251282448513,3.705571945520333,0.6414984684173601,0.007210047691799559,3.7179685118211268,-0.012396566300793666
12683040100,11.616052482427708,3.7061655644585025,0.6415133428377131,0.014874420352969153,3.7185400640612656,-0.012374499602763045
12684040100,11.61685367350601,3.706729311965158,0.6415294782572095,0.016135419496361436,3.7191116727162274,-0.012382360751069577
12685040100,11.617654854928636,3.7074028704192963,0.6415443653321212,0.014887074911657194,3.7196833345186455,-0.012280464099349242
12686040100,11.618456027442427,3.707981537255274,0.6415742305251095,0.029865192988348,3.7202550489341775,-0.01227351167890367
12687040100,11.61925718208353,3.7086300922998587,0.641549012862836,-0.025217662273472108,3.7208268164999616,-0.01219672420010287
12688040100,11.620058351816073,3.709167512734294,0.6415712537862287,0.02224092339268946,3.721398630822108,-0.012231118087814075
12689040100,11.620859508238624,3.709643889949973,0.6415584205020539,-0.012833284174732285,3.7219705154343217,-0.012326625484348597
12690040100,11.621660672341251,3.710203703547825,0.6416012585963431,0.04283809428920726,3.722542450069792,-0.012338746521967092
12691040100,11.622461810806913,3.710793748626657,0.6416748344264783,0.07357583013522273,3.723114449718686,-0.012320701092029207
12692040100,11.623262905236812,3.711458099921818,0.6417067489443413,0.03191451786295918,3.7236864905982188,-0.012228390676400913
12693040100,11.624063980564253,3.712060305800685,0.6417235323286348,0.01678338429341064,3.724258559569524,-0.012198253768838985
12694040100,11.62486504584566,3.7126288943194004,0.6417029920860022,-0.02054024263250298,3.724830674436941,-0.012201780117540473
12695040100,11.625666123421814,3.7132623075619424,0.6417134873175497,0.010495231547447581,3.725402841671446,-0.012140534109503776
12696040100,11.626467194715893,3.7138239900277776,0.6417408245701488,0.027337252599057393,3.725975077236658,-0.012151087208880362
12697040100,11.627268249646441,3.714428414965615,0.6417356612708331,-0.005163299315704251,3.7265473678694967,-0.012118952903881652
12698040100,11.628069307667683,3.7150437665669735,0.6417664121100183,0.030750839185182954,3.727119706371468,-0.012075939804494507
12699040100,11.628870347281502,3.715624474354464,0.6417757514748968,0.009339364878679923,3.727692106647048,-0.012067632292583674
12700040100,11.629671381304636,3.7162130600152854,0.6417795724921677,0.003821017270801086,3.7282645533392156,-0.012051493323930185
12701040100,11.630472413040431,3.7168470682486556,0.6418007221024757,0.021149610308039968,3.7288370556108106,-0.011989987362154952
12702040100,11.631273432115428,3.717430239154116,0.6418179283990537,0.017206296577946922,3.72940961582815,-0.011979376674033926
12703040100,11.63207444088995,3.7180689952580566,0.6418123294861972,-0.005598912856526361,3.729982226581132,-0.011913231323075646
12704040100,11.632875453016263,3.7186286200088707,0.6418321533848123,0.01982389861513223,3.730554889560775,-0.011926269551904234
12705040100,11.633676453274878,3.71929720639922,0.6418240786112687,-0.00807477354353825,3.7311276145329693,-0.011830408133749248
12706040100,11.634477458367543,3.7198773476413267,0.6418556267110069,0.03154809973825934,3.7317003906211035,-0.011823042979776766
12707040100,11.635278444573302,3.7204310486942047,0.6418325279283432,-0.023098782663763195,3.7322732297736962,-0.011842181079491532
12708040100,11.636079444607692,3.720923211707192,0.641853668647851,0.021140719507769745,3.7328461150314354,-0.011922903324243173
12709040100,11.636880431985709,3.7215041491157805,0.6418880908829561,0.034422235105028065,3.7334190697990124,-0.011914920683231855
12710040100,11.637681398755305,3.7220863846250087,0.6419534784764345,0.06538759347840362,3.7339920751381612,-0.01190569051315249
12711040100,11.63848232637506,3.722731715365057,0.6419744882937595,0.021009817325012392,3.734565125362778,-0.011833409997720867
12712040100,11.639283241414777,3.7233356557898887,0.6419948531329293,0.020364839169748628,3.735138207207065,-0.011802551417176232
12713040100,11.640084144260308,3.724008495645256,0.6419835416687327,-0.01131146419657636,3.7357113396828474,-0.011702844037591476
12714040100,11.64088505387903,3.724630224299781,0.641992889061994,0.009347393261320391,3.7362845230697737,-0.011654298769992799
12715040100,11.641685957900636,3.725265720414735,0.6419676128826225,-0.02527617937147042,3.7368577709479602,-0.011592050533225429
12716040100,11.642486877057179,3.725859051298425,0.6419678275877497,0.0002147051271865763,3.737431074469839,-0.011572023171414259
12717040100,11.643287796085161,3.7264120549518887,0.6419610619993225,-0.006765588427316338,3.738004448483224,-0.011592393531335343
12718040100,11.644088719164175,3.7270347226135137,0.6419753743585395,0.014312359216996029,3.738577882069034,-0.011543159455520424
12719040100,11.644889633673335,3.7276061415300212,0.6420099209789469,0.03454662040744072,3.739151378226488,-0.011545236696466787
12720040100,11.645690527496235,3.728316672486766,0.6420095685380873,-0.0003524408595776407,3.7397249279242715,-0.011408255437505677
12721040100,11.646491421530179,3.7289194710553417,0.6420348715015137,0.025302963426433678,3.7402985224886613,-0.011379051433319631
12722040100,11.647292300412298,3.729556004423619,0.6419903670053402,-0.044504496173549235,3.740872176890175,-0.01131617246655603
12723040100,11.64809320594409,3.730110798924847,0.6419997003334786,0.009333328138493968,3.7414458801295503,-0.011335081204703279
12724040100,11.648894105887136,3.730771158342471,0.6419920650204396,-0.007635313039060954,3.742019662158551,-0.011248503816080113
12725040100,11.649695010402171,3.7313618300409384,0.6420253765107934,0.03331149035377834,3.742593499889722,-0.011231669848783543
12726040100,11.650495894970105,3.7320326661606016,0.6420057603506613,-0.019616160132087224,3.7431674006093445,-0.011134734448742911
12727040100,11.651296791284409,3.7326670974818565,0.6420209860023757,0.01522565171442114,3.7437413467524827,-0.011074249270626169
12728040100,11.652097678481454,3.733248820661709,0.6419959583752969,-0.02502762707874595,3.744315361037369,-0.011066540375660239
12729040100,11.652898580665173,3.7338431345023038,0.6419890463842236,-0.006911991073224044,3.7448894285173466,-0.011046294015042868
12730040100,11.65369948698774,3.7345438430533715,0.6420084997499974,0.01945336577380985,3.7454635664768468,-0.010919723423475247
12731040100,11.65450038166168,3.735197537630755,0.6420216526733992,0.013152923401731798,3.7460377671479215,-0.010840229517166566
12732040100,11.655301268459512,3.7357282226761996,0.6419813865815918,-0.040266091807410476,3.746612019217416,-0.010883796541216295
12733040100,11.656102179368666,3.7363234101954914,0.6419644942908206,-0.016892290771147067,3.74718632539442,-0.010862915198928569
12734040100,11.656903100392531,3.7369181360232493,0.6420092210620367,0.04472677121609703,3.747760708624888,-0.010842572601638789
12735040100,11.657703994634547,3.737438852991622,0.6420216935144837,0.01247245244695705,3.7483351588811367,-0.010896305889514846
12736040100,11.658504881407923,3.7380633602904796,0.6420343897744448,0.012696259961125556,3.748909649704064,-0.010846289413584564
12737040100,11.659305760578514,3.7385669396157373,0.6420842182951472,0.04982852070236543,3.749484194949762,-0.010917255334024656
12738040100,11.660106609909496,3.739082196280395,0.6420820789378857,-0.0021393572614307743,3.750058794526648,-0.0109765982462533
12739040100,11.660907460521665,3.739666739355214,0.6421405727735218,0.05849383563608601,3.750633432482825,-0.010966693127611116
12740040100,11.661708276102601,3.740180242422744,0.6421933658916864,0.05279311816461085,3.7512081311517136,-0.011027888728969426
12741040100,11.662509060064043,3.7408008452202965,0.6422115264723139,0.01816058062755843,3.751782864477711,-0.0109820192574146
12742040100,11.663309833148011,3.741430875417578,0.6422653468456576,0.053820373343680394,3.752357634908254,-0.010926759490676119
12743040100,11.664110573994147,3.7420646120210685,0.6422655442415287,0.00019739587110834123,3.752932457332708,-0.010867845311639535
12744040100,11.664911314722042,3.742632724816318,0.6422609435189455,-0.004600722583280259,3.7535073164194017,-0.010874591603083683
12745040100,11.665712058205813,3.7432086503397444,0.6422543901693436,-0.006553349601892577,3.754082235229994,-0.010873584890249699
12746040100,11.66651280561507,3.74375802716366,0.6422806921978422,0.026302028498784047,3.754657215834701,-0.010899188671041227
12747040100,11.667313537269079,3.7443416676849064,0.6423031168694725,0.022424671630278503,3.7552322590804756,-0.010890591395569249
12748040100,11.668114255489987,3.744882339346658,0.6423388985442356,0.035781674763117444,3.755807350838957,-0.010925011492298964
12749040100,11.668914952275687,3.7454604944798375,0.6423575555291612,0.01865698492548251,3.7563824927810074,-0.01092199830116991
12750040100,11.66971563788441,3.7460521675654492,0.6423977909761794,0.04023544701820647,3.756957679161303,-0.010905511595853845
12751040100,11.670516299388042,3.7466010149968705,0.6424193009691005,0.021509992920946353,3.757532917351625,-0.010931902354754719
12752040100,11.671316948004486,3.7472163859595162,0.6424340450210281,0.014744051927564783,3.7581081980663953,-0.010891812106879062
12753040100,11.672117587787179,3.747900969903145,0.6424702760288415,0.036231007813468,3.7586835293679712,-0.010782559464826313
12754040100,11.672918205861682,3.7484670473353234,0.6424731904851235,0.002914456282009148,3.7592589141729995,-0.010791866837676078
12755040100,11.673718822189912,3.7490761489533746,0.6424413068043631,-0.03188368076049741,3.7598343432321215,-0.010758194278746913
12756040100,11.674519457621715,3.7496137043669293,0.6424687172096284,0.02741040526534011,3.760409830896318,-0.010796126529388772
12757040100,11.675320076630221,3.7502239379644595,0.642474577596587,0.005860386958589814,3.7609853921608902,-0.010761454196430709
12758040100,11.676120692127325,3.7508442552209695,0.6425163238976836,0.04174630109663724,3.7615610014929324,-0.01071674627196284
12759040100,11.676921282610246,3.7514775013555948,0.6425216858919965,0.005361994312916174,3.762136668179643,-0.010659166824048327
12760040100,11.677721869880186,3.75210595159747,0.6425219454330142,0.000259541017697984,3.762712376763048,-0.01060642516557797
12761040100,11.678522456994603,3.75266734370027,0.6425156464082189,-0.006299024795293207,3.7632881429237024,-0.010620799223432176
12762040100,11.679323047883484,3.75330037748213,0.642511668750261,-0.003977657957896064,3.7638639688664632,-0.010563591384333382
12763040100,11.680123641155816,3.7539904919509186,0.6425412789205737,0.029610170312676765,3.7644398574247617,-0.01044936547384312
12764040100,11.680924216685142,3.7546283483819116,0.6425349852686784,-0.006293651895311392,3.765015807605078,-0.010387459223166307
12765040100,11.681724795985808,3.7552704569145323,0.6424999537557504,-0.03503151292795703,3.765591804932999,-0.010321348018466736
12766040100,11.682525396277805,3.755892526482053,0.6424909511173167,-0.00900263843376603,3.7661678648924557,-0.010275338410402846
12767040100,11.68332600196414,3.7565379473843765,0.6424797216466905,-0.011229470626181737,3.766743999883321,-0.010206052498944462
12768040100,11.684126614379029,3.7572035241190154,0.6424784573051654,-0.0012643415250881418,3.767320198690893,-0.010116674571877482
12769040100,11.684927227551489,3.7578063093303333,0.6424654107604025,-0.013046544762866041,3.7678964622831543,-0.010090152952821008
12770040100,11.685727848541129,3.7584297504210804,0.6424421400655421,-0.023270694860405783,3.76847278636955,-0.010043035948469559
12771040100,11.686528483473682,3.758961314418892,0.6424502424571594,0.008102391617269333,3.7690491760393066,-0.010087861620414529
12772040100,11.68732911355164,3.7596026131520417,0.6424479555979007,-0.0022868592587901304,3.7696256357113462,-0.01002302255930454
12773040100,11.688129744999786,3.7602244900885187,0.6424917320775996,0.04377647969893417,3.7702021518588147,-0.00997766177029602
12774040100,11.688930350218177,3.7608261017125404,0.6424805398621725,-0.011192215427059615,3.7707787289700434,-0.00995262725750301
12775040100,11.689730962142805,3.761524502221887,0.6424789984273114,-0.0015414348610791606,3.7713553471724452,-0.009830844950558415
12776040100,11.690531574991034,3.7621094466967206,0.6424875602074213,0.008561780109870298,3.771932030191646,-0.009822583494925485
12777040100,11.69133218270917,3.762739393799871,0.642447516518288,-0.04004368913325962,3.772508773869646,-0.00976938006977468
12778040100,11.692132814420395,3.763273216415506,0.6424642147742169,0.016698255928822014,3.7730855738514215,-0.009812357435915686
12779040100,11.692933436126635,3.7638493594671205,0.6424583335736325,-0.005881200584370028,3.773662451127368,-0.009813091660247686
12780040100,11.693734061356702,3.7643604633770145,0.6425006393732122,0.04230579957975955,3.7742393812089112,-0.00987891783189676
12781040100,11.694534661237878,3.7650249895728556,0.64252181293166,0.02117355844775126,3.7748163738506157,-0.009791384277760162
12782040100,11.695335248431693,3.7655614986024335,0.6425756691185125,0.05385618685248783,3.7753934082485117,-0.009831909646078163
12783040100,11.696135803352844,3.766178953307364,0.6425526600568912,-0.02300906162129035,3.7759704935305543,-0.009791540223190065
12784040100,11.696936372062178,3.7667214040710353,0.6425937661729797,0.04110611608857884,3.776547615580469,-0.009826211509433858
12785040100,11.697736916138366,3.7672873958206514,0.642594337170018,0.0005709970383120933,3.777124807607965,-0.009837411787313677
12786040100,11.698537459872371,3.767839290140911,0.6426325146090044,0.03817743898628745,3.777702041917312,-0.009862751776401169
12787040100,11.699337980727034,3.768367175595309,0.6426589651810631,0.026450572058685395,3.778279336027179,-0.009912160431869932
12788040100,11.70013848572946,3.768975344459562,0.6426925451676395,0.03357998657632777,3.7788566736891838,-0.009881329229621816
12789040100,11.700938970606071,3.7695990719773853,0.6427382502676307,0.0457050999910793,3.779434059973358,-0.00983498799597271
12790040100,11.701739428088361,3.7702064520395298,0.6427437764086189,0.0055261409882350065,3.7800114917996304,-0.009805039760100609
12791040100,11.702539882258328,3.770813731240975,0.6427414534024879,-0.0023230061310162142,3.7805889639259007,-0.00977523268492586
12792040100,11.703340337820688,3.771453599746933,0.6427472644583236,0.005811055835693857,3.7811664937285556,-0.00971289398162245
12793040100,11.704140789899933,3.7720468089029597,0.6427530952839037,0.00583082558006609,3.7817440846082597,-0.00969727570529999
12794040100,11.704941238484187,3.772623024651126,0.6427425374404993,-0.010557843404454204,3.782321733053138,-0.009698708402011924
12795040100,11.705741693396783,3.7732383247148884,0.6427553069332254,0.012769492726106613,3.7828994390602517,-0.00966111434536332
12796040100,11.706542140655369,3.7737483501255316,0.6427766048915176,0.021297958292151975,3.7834772097261187,-0.009728859600587114
12797040100,11.70734257514771,3.7743475624642664,0.6427783179625922,0.0017130710746675604,3.7840550349645063,-0.009707472500239955
12798040100,11.708143008613199,3.7748743009911103,0.6428328312461424,0.054513283550209124,3.7846329110891297,-0.009758610098019371
12799040100,11.708943409401058,3.7755160297986525,0.6428427338363364,0.009902590193981986,3.785210846580153,-0.009694816781500304
12800040100,11.709743804252621,3.7761253726295103,0.6428890054096039,0.046271573267691046,3.7857888185874593,-0.00966344595794899
12801040100,11.710544171364761,3.776841592167234,0.6428776725870636,-0.011332822540254917,3.786366846423121,-0.009525254255887017
12802040100,11.711344545270991,3.777325527495157,0.6428824980370529,0.0048254499892008695,3.7869449143440335,-0.00961938684887631
12803040100,11.71214491628435,3.7778825511340948,0.6428336288730009,-0.048869164052050884,3.787523047296215,-0.009640496162120371
12804040100,11.71294531659406,3.778537851647791,0.6429011227247323,0.06749385173139189,3.7881012382893715,-0.009563386641580518
12805040100,11.713745676441686,3.7791462413667123,0.6429321437761523,0.0310210514199305,3.7886795105865225,-0.009533269219810236
12806040100,11.71454601769119,3.7796900913532525,0.6429139129857572,-0.01823079039513953,3.7892578137938493,-0.009567722440596782
12807040100,11.715346369870733,3.780290788624165,0.6429190928748142,0.00517988905700939,3.7898361637090296,-0.009545375084864638
12808040100,11.716146718944767,3.780909702557736,0.6429566349838458,0.037542109031619475,3.790414581675549,-0.009504879117812948
12809040100,11.716947045510455,3.781493473618491,0.6429657429177519,0.009107933906088661,3.7909930575571735,-0.009499583938682665
12810040100,11.717747366615319,3.7820393006489095,0.6429656906017777,-5.231597416965883e-05,3.7915715773334817,-0.009532276684572238
12811040100,11.718547687751549,3.7826281313008026,0.6429832211669841,0.017530565206562265,3.792150153330649,-0.009522022029846422
12812040100,11.719347998376827,3.7832723444790903,0.643019817355722,0.036596188737805235,3.7927287895249684,-0.009456445045878059
12813040100,11.720148287059022,3.7839065966192886,0.6430349214433835,0.015104087661499399,3.7933074782995604,-0.009400881680271755
12814040100,11.72094856668449,3.784472512706717,0.6430222295091765,-0.012691934206951139,3.7938862113908556,-0.009413698684138438
12815040100,11.72174885392032,3.785069075761352,0.6430144292142681,-0.007800294908419936,3.794464998120649,-0.009395922359296982
12816040100,11.722549145833312,3.785721838891114,0.6430408495062784,0.026420292010248758,3.795043850549373,-0.009322011658258855
12817040100,11.723349421904139,3.7862354440451047,0.6430519437428991,0.011094236620683873,3.795622766563266,-0.009387322518161323
12818040100,11.724149691322461,3.786843148914412,0.6430348220403089,-0.01712170259019441,3.7962017313242313,-0.009358582409819238
12819040100,11.724949971007533,3.7875155107383263,0.6430874344183544,0.0526123780455654,3.7967807514844942,-0.009265240746167969
12820040100,11.7257502191437,3.788131765585615,0.6430929672689722,0.005532850617918861,3.7973598392925325,-0.009228073706917694
12821040100,11.726550463961976,3.788743391658972,0.6430660189181427,-0.02694835082953162,3.7979389644943176,-0.009195572835345445
12822040100,11.727350724940171,3.7893655800519803,0.6430670684932084,0.001049575065651176,3.7985181475226426,-0.009152567470662287
12823040100,11.728150985288988,3.7899076122449644,0.6430703964824196,0.0033279892112165754,3.799097402482623,-0.009189790237658535
12824040100,11.728951243642161,3.790423531660263,0.6430683934107669,-0.0020030716526440173,3.79967671722984,-0.009253185569576772
12825040100,11.729751503196486,3.7909930929528577,0.6431065728978531,0.038179487086122066,3.800256090781403,-0.009262997828545227
12826040100,11.730551739855754,3.791549961086111,0.6431579650842276,0.051392186374538795,3.800835525458119,-0.009285564372008004
12827040100,11.731351945694875,3.7922132237335573,0.6431825866412988,0.024621557071220046,3.801415003816931,-0.009201780083373912
12828040100,11.732152136767581,3.79284102757746,0.6432136218395399,0.031035198241109896,3.8019945201194254,-0.009153492541965402
12829040100,11.732952309226691,3.7934313967475757,0.6431913112598355,-0.02231057970432282,3.8025740859931716,-0.009142689245595914
12830040100,11.733752495066819,3.7940080879805,0.6431866583915887,-0.004652868246835418,3.8031536986544197,-0.009145610673919613
12831040100,11.734552683697505,3.7946471485104007,0.6432007247409686,0.014066349379880272,3.8037333812846477,-0.009086232774246916
12832040100,11.73535286389184,3.795246614842177,0.6432216710262287,0.020946285260116326,3.804313126220066,-0.009066511377889164
12833040100,11.736153031523264,3.795916039887484,0.6432113451844069,-0.010325841821847703,3.804892925332492,-0.008976885445008076
12834040100,11.736953205347842,3.7965019150169534,0.6432208041957126,0.009459011305638754,3.805472775635984,-0.008970860619030407
12835040100,11.737753373499169,3.797063510524075,0.6431951302963018,-0.025673899410739942,3.8060526907280874,-0.008989180204012293
12836040100,11.738553557048816,3.797750776145982,0.6432112518290412,0.01612153273933803,3.806632662015325,-0.00888188586934291
12837040100,11.739353730929384,3.7982978473642897,0.6432395780220816,0.028326193040381753,3.8072127047781983,-0.008914857413908628
12838040100,11.740153887820485,3.798849447982004,0.6432048904498294,-0.03468757225222063,3.807792800852802,-0.008943352870797838
12839040100,11.74095406551639,3.799403075611015,0.6432403927849544,0.0355023351249546,3.808372944935595,-0.008969869324579882
12840040100,11.741754221918805,3.799961930978641,0.6432737115114009,0.033318726446498914,3.8089531644357812,-0.008991233457140257
12841040100,11.74255435833649,3.800622010399279,0.6433061076246379,0.03239611323716396,3.809533428833749,-0.008911418434470075
12842040100,11.74335447532198,3.801144092017811,0.6433359551355191,0.029847510881150008,3.8101137390804176,-0.008969647062606612
12843040100,11.744154574403263,3.8017424764284007,0.6433150540058967,-0.020901129622395764,3.8106940955785475,-0.008951619150146861
12844040100,11.744954686022288,3.8024035940288328,0.6433632914528171,0.04823744692040499,3.811274499438724,-0.008870905409891439
12845040100,11.745754768705094,3.803101421553827,0.6433733652236313,0.010073770814136296,3.8118549727498703,-0.008753551196043485
12846040100,11.746554845344708,3.8036667458640654,0.6433519458364304,-0.021419387200926288,3.812435485427663,-0.008768739563597805
12847040100,11.74735493483358,3.8042667833901236,0.6433119565405775,-0.03998929585288824,3.813016054085036,-0.008749270694912603
12848040100,11.74815504831062,3.80490836527684,0.6433382773305867,0.02632079000914267,3.8135966924383986,-0.00868832716155854
12849040100,11.748955145998892,3.8055330320826877,0.6433472375623354,0.00896023174866123,3.814177408582111,-0.008644376499423512
12850040100,11.74975523831216,3.806108473547275,0.643335342777444,-0.011894784891408605,3.8147581736538108,-0.00864970010653554
12851040100,11.750555337760778,3.806687695476527,0.6433318421935124,-0.003500583931770329,3.8153389952166137,-0.008651299740086493
12852040100,11.751355439309277,3.8071908575320412,0.6433529932859587,0.021151092446366704,3.815919882359033,-0.008729024826991783
12853040100,11.752155528169807,3.8077430594078234,0.6433722902663074,0.019296980348689985,3.8165008314327693,-0.008757772024945876
12854040100,11.752955605454286,3.8083981471307635,0.64342980372322,0.05751345691258258,3.81708183170576,-0.008683684574996686
12855040100,11.753755648235295,3.8089996820875984,0.6434628804664202,0.03307674320022702,3.817662883989204,-0.008663201901605522
12856040100,11.754555671171707,3.809677135930108,0.6434443922203888,-0.018488246031297173,3.8182439716334606,-0.008566835703352815
12857040100,11.755355705200364,3.810243939396759,0.6434526571431914,0.008264922802614372,3.8188251052859243,-0.008581165889165465
12858040100,11.756155734270415,3.8107972390865816,0.6434227929868802,-0.0298641563112092,3.8194063074245257,-0.008609068337944059
12859040100,11.756955781257446,3.8113827338451203,0.6434483170589109,0.02552407203068352,3.8199875663959766,-0.008604832550856312
12860040100,11.757755812931372,3.811982280795814,0.6434806773543438,0.03236029543285568,3.8205688988284514,-0.008586618032637272
12861040100,11.758555825190069,3.812714408806143,0.6434969685212786,0.016291166934753853,3.82115028058303,-0.008435871776887094
12862040100,11.759355827674225,3.8133563838089564,0.6435062219227954,0.009253401516779114,3.8217317086812805,-0.008375324872324175
12863040100,11.760155824606338,3.8140730554727678,0.6434489065665064,-0.05731535628880824,3.8223131901330163,-0.008240134660248533
12864040100,11.760955855926584,3.814672128679782,0.6434365734036157,-0.01233316289074704,3.822894728012134,-0.008222599332352143
12865040100,11.761755894646152,3.815317666271435,0.6433866498563475,-0.049923547268149626,3.823476351361947,-0.008158685090511764
12866040100,11.762555963316274,3.8158369889260335,0.6433955333731114,0.008883516763840582,3.8240580405728295,-0.008221051646795985
12867040100,11.763356026657068,3.8164026648503535,0.6433810899313287,-0.014443441782657551,3.8246398120520126,-0.008237147201659134
12868040100,11.764156098662623,3.817020785956401,0.6434299199898731,0.04883005854437705,3.8252216401549752,-0.008200854198574081
12869040100,11.764956141373878,3.81758698613515,0.6434556340298037,0.025714039930539556,3.8258035350655213,-0.008216548930371381
12870040100,11.765756168657909,3.8181780990368166,0.643455086430271,-0.0005475995325534555,3.826385469180085,-0.008207370143268555
12871040100,11.766556196270479,3.8188596093962817,0.6434805503642684,0.025463933997425414,3.8269674525867465,-0.00810784319046487
12872040100,11.767356208605367,3.819476386934172,0.6434935643238656,0.013013959597204305,3.827549496751928,-0.008073109817755775
12873040100,11.768156213132025,3.8201166216992055,0.643461211001435,-0.03235332243055389,3.8281315903264677,-0.008014968627262142
12874040100,11.768956237070064,3.8206802201444416,0.6434611794265442,-3.1574890765107e-05,3.828713738749098,-0.008033518604656287
12875040100,11.769756261027046,3.8213335222509235,0.6434493304894424,-0.011848937101774482,3.829295961834884,-0.007962439583960368
12876040100,11.770556292092957,3.8219726280099144,0.6434758742930982,0.02654380365578568,3.829878245479577,-0.007905617469662563
12877040100,11.771356307233402,3.8225395055815152,0.6434574545086611,-0.018419784437041287,3.8304605948508588,-0.00792108926934354
12878040100,11.77215633342521,3.8232213223308786,0.6434460522484884,-0.011402260172705958,3.831042993187335,-0.007821670856456464
12879040100,11.772956366457924,3.8238359878112904,0.6434708196061378,0.02476735764941118,3.8316254601337008,-0.00778947232241034
12880040100,11.773756384631069,3.8243812848469507,0.6434379529802446,-0.03286662589323086,3.8322079926330765,-0.00782670778612582
12881040100,11.774556422522961,3.824983379533684,0.6434386304993702,0.0006775191255758983,3.8327905748902005,-0.0078071953565164165
12882040100,11.775356460008377,3.8255376379556956,0.6434740916901885,0.03546119081831112,3.8333732320925016,-0.007835594136806012
12883040100,11.776156476218347,3.82608220145547,0.64348115265309,0.0070609629015212505,3.833955949591779,-0.007873748136308922
12884040100,11.776956488191871,3.8266519160321106,0.6435122188149951,0.03106616190511513,3.83453871219195,-0.007886796159839449
12885040100,11.77775648152581,3.8272201637298235,0.6435482313866663,0.036012571671258264,3.835121532308527,-0.007901368578703494
12886040100,11.778556453251365,3.827725692760665,0.6435717233891873,0.023492002521026123,3.835704399452574,-0.007978706691909032
12887040100,11.779356410880613,3.8284135665949512,0.6435960015837998,0.024278194612482373,3.8362873114630425,-0.007873744868091226
12888040100,11.780156353941337,3.829092693323622,0.6436518163110182,0.05581472721836889,3.8368702738162206,-0.007777580492598801
12889040100,11.780956263507742,3.829698767448533,0.6436162739849066,-0.03554232611158614,3.8374532861712787,-0.007754518722745463
12890040100,11.781756194403322,3.8302582879340386,0.6435849379837957,-0.031336001110913614,3.8380363347358752,-0.007778046801836691
12891040100,11.782556144102996,3.830842627266509,0.643590100338213,0.0051623544172541,3.8386194594756553,-0.007776832209146267
12892040100,11.7833560907049,3.8314499311297032,0.6436186248084336,0.0285244702205949,3.8392026585610353,-0.0077527274313320405
12893040100,11.784156020189767,3.8320073413801934,0.6436347747474773,0.016149939043789807,3.839785916032927,-0.007778574652733461
12894040100,11.784955939983048,3.8326225082484124,0.6436394235216325,0.00464877415514664,3.8403692216738676,-0.007746713425455187
12895040100,11.785755856986558,3.833234583233264,0.6436690949774452,0.029671455812655623,3.840952580901984,-0.007717997668720056
12896040100,11.78655575618356,3.83385312647034,0.6436698513027009,0.0007563252557991618,3.8415359987557274,-0.007682872285387443
12897040100,11.787355654926666,3.83444121791128,0.6436721255681919,0.0022742654908709525,3.8421194642869025,-0.007678246375622422
12898040100,11.788155552304902,3.8351171959093495,0.6436711193908746,-0.0010061773172909128,3.842702990157406,-0.007585794248056388
12899040100,11.788955450286982,3.8356711090216407,0.6436853601501484,0.014240759273841164,3.843286575709058,-0.007615466687417527
12900040100,11.78975533972259,3.8363272244338584,0.6436555026865393,-0.029857463609143764,3.843870222384666,-0.007542997950807706
12901040100,11.79055524707672,3.836991118757623,0.6436867676949237,0.03126500838445789,3.844453923513367,-0.007462804755743679
12902040100,11.791355135667592,3.83759324152785,0.6436668139513242,-0.01995374359954294,3.8450376984150267,-0.007444456887176543
12903040100,11.792155036233515,3.8382121302762466,0.6436428473995867,-0.023966551737557573,3.8456215203256576,-0.007409390049410991
12904040100,11.792954951182315,3.8388712426993976,0.6436497535273842,0.006906127797515538,3.846205411686313,-0.0073341689869153015
12905040100,11.793754861986637,3.839405547561826,0.6436482413963337,-0.001512131050444232,3.8467893742641834,-0.007383826702357599
12906040100,11.794554773698415,3.8400356899832473,0.6436265027368231,-0.021738659510655012,3.8473733945414743,-0.007337704558227021
12907040100,11.79535469845576,3.8405860193310626,0.6436672961382137,0.04079340139062193,3.8479574762128657,-0.0073714568818030735
12908040100,11.796154598732306,3.841172368653373,0.6436601093356579,-0.007186802555817273,3.8485416281495617,-0.007369259496188718
12909040100,11.796954503321869,3.8416869881332394,0.6436929318477352,0.03282251207736753,3.8491258229529066,-0.007438834819667228
12910040100,11.797754388213319,3.8422290584040084,0.6437077614968516,0.014829649116338217,3.8497100816563083,-0.007481023252299934
12911040100,11.798554264204615,3.842874594737436,0.6437586272956654,0.05086579881379372,3.850294386726631,-0.007419791989195179
12912040100,11.79935410966699,3.843437581705083,0.6437958753520875,0.037248056422082954,3.8508787460549705,-0.007441164349887508
12913040100,11.800153932772302,3.8439933307635603,0.6437812951521785,-0.01458019990893522,3.8514631438422633,-0.00746981307870298
12914040100,11.800953764629087,3.84467365617295,0.6438080516862758,0.02675653409720269,3.8520475860597614,-0.007373929886811403
12915040100,11.801753580425668,3.8452665878890153,0.6438385067763785,0.030455090102784688,3.8526320954439583,-0.007365507554943029
12916040100,11.802553377941347,3.845751120611141,0.6438065156423242,-0.03199113405433707,3.8532166538684898,-0.007465533257348778
12917040100,11.80335319465993,3.846336659412658,0.6438182291285162,0.011713486191991862,3.8538012597130056,-0.00746460030034779
12918040100,11.804153004347507,3.8469451859542834,0.643884365967915,0.06613683939879511,3.85438594038272,-0.007440754428436502
12919040100,11.804952774334453,3.84764706971864,0.6439000354639538,0.015669496038871245,3.854970676708149,-0.007323606989508846
12920040100,11.8057525349148,3.8483012304641195,0.6439041913373632,0.004155873409438904,3.855555444805997,-0.007254214341877674
12921040100,11.80655229300029,3.8489858061996096,0.6438614502542838,-0.042741083079432585,3.856140266827367,-0.007154460627757597
12922040100,11.80735207674348,3.8495880272007055,0.6438424589649555,-0.01899128932826688,3.856725147831696,-0.007137120630990701
12923040100,11.808151871886773,3.8501757902462184,0.6438080902826391,-0.03436868231638446,3.8573101084168293,-0.007134318170610943
12924040100,11.808951687660187,3.8507529233043862,0.64381490423709,0.006813954450883841,3.8578951381656275,-0.007142214861241225
12925040100,11.809751499343538,3.851299889298876,0.6438289762845714,0.014072047481447747,3.8584802438398746,-0.007180354540998746
12926040100,11.810551302580047,3.8518672252054023,0.6438484172336819,0.01944094911063754,3.8590654073640103,-0.007198182158608013
12927040100,11.811351094146737,3.852553182916477,0.6438830470346352,0.03462980095324664,3.859650625555691,-0.00709744263921408
12928040100,11.812150864925448,3.8531501808271447,0.643907554977913,0.024507943277789934,3.860235896060974,-0.007085715233829504
12929040100,11.812950620991664,3.853675177795899,0.6438725768013062,-0.03497817660680269,3.8608212122103005,-0.0071460344144016474
12930040100,11.813750398055669,3.8542705959359673,0.6438820779834018,0.009501182095629446,3.8614065784526126,-0.007135982516645267
12931040100,11.814550169416105,3.8549127934196137,0.6439277254214942,0.045647438092379033,3.8619920209327105,-0.007079227513096864
12932040100,11.815349913373336,3.855560375717849,0.6439381804415024,0.0104550200082274,3.8625775201133834,-0.007017144395534469
12933040100,11.816149651053943,3.8561585462861983,0.6439251607434032,-0.013019698099211219,3.863163060111539,-0.00700451382534073
12934040100,11.816949396550852,3.856790796399939,0.6439093449621508,-0.015815781252453753,3.8637486563979877,-0.006957859998048654
12935040100,11.817749151542495,3.8572814494916563,0.6439182380414241,0.008893079273278204,3.8643343192988624,-0.007052869807206097
12936040100,11.818548901195355,3.8578854003192853,0.6439100314807888,-0.00820656063520353,3.864920050051918,-0.00703464973263257
12937040100,11.819348655774862,3.8584730185389904,0.6439728475125784,0.0628160317896258,3.8655058378003666,-0.007032819261376222
12938040100,11.820148372642626,3.8590594250778683,0.6439790068479505,0.006159335372045938,3.8660916900698545,-0.007032264991986281
12939040100,11.82094808581245,3.8597267932685067,0.6439933612159037,0.014354367953143488,3.866677575628948,-0.006950782360441554
12940040100,11.821747790364084,3.8603062634472383,0.6440083370271137,0.014975811210058865,3.867263519398609,-0.0069572559513706445
12941040100,11.822547485924245,3.8608999194551297,0.643982698268885,-0.025638758228642367,3.8678495177790424,-0.006949598323912731
12942040100,11.8233471968778,3.861446692011396,0.6440010488783995,0.01835060951454981,3.868435570501344,-0.00698887848994767
12943040100,11.824146896813785,3.861980063978098,0.6440123185376969,0.011269659297418855,3.869021695443209,-0.007041631465110942
12944040100,11.824946589983417,3.862549762985332,0.6440471447373598,0.034826199662925994,3.8696078732546333,-0.007058110269301476
12945040100,11.825746262242605,3.8630747520469604,0.6440888032782742,0.041658540914405684,3.870194107056353,-0.007119355009392425
12946040100,11.82654590948778,3.8636415795425347,0.6441123593636591,0.02355608538484244,3.870780386483201,-0.007138806940666154
12947040100,11.82734554258801,3.8642644070294,0.6441584158151412,0.04605645148223747,3.8713667085280328,-0.00710230149863289
12948040100,11.828145148031004,3.8648044953628324,0.644183613347741,0.02519753259976465,3.8719530811625056,-0.007148585799673146
12949040100,11.828944738341978,3.8653672221487363,0.644180763269811,-0.0028500779299598378,3.8725394944798985,-0.007172272331162244
12950040100,11.829744330364552,3.8659680912594356,0.6442193957600253,0.038632490214332016,3.873125957667689,-0.007157866408253444
12951040100,11.830543899186035,3.8664767043806374,0.6442467814320065,0.027385671981249082,3.8737124830850256,-0.007235778704388185
12952040100,11.831343451560082,3.867043087380778,0.6442550983689763,0.008316936969760214,3.874299052461872,-0.00725596508109394
12953040100,11.832142998938979,3.8676444473284888,0.644309721192961,0.054622823984744606,3.874885670754878,-0.007241223426389443
12954040100,11.83294251351005,3.868260138711877,0.6443355240061421,0.025802813181083906,3.8754723463705965,-0.007212207658719549
12955040100,11.83374201258248,3.868850181285165,0.6443438376382301,0.008313632087921796,3.876059058903543,-0.0072088776183782954
12956040100,11.834541506661155,3.869370942486592,0.6443449460533927,0.0011084151625784244,3.8766458210569503,-0.007274878570358467
12957040100,11.835341000074035,3.8699719239901507,0.6443588971229959,0.013951069603258759,3.87723264054479,-0.007260716554639224
12958040100,11.83614048510678,3.870581674061018,0.6444076496623184,0.048752539322638455,3.877819520549753,-0.007237846488735045
12959040100,11.836939940853606,3.871151733901095,0.6444162941061399,0.008644443821461678,3.8784064554146447,-0.007254721513549889
12960040100,11.83773939140747,3.871763100304563,0.6444205360658591,0.0042419597192413505,3.8789934297940114,-0.0072303294894484615
12961040100,11.838538839413046,3.872449628407793,0.64444467672729,0.024140661430879007,3.8795804613800478,-0.007130832972254808
12962040100,11.83933827291624,3.872996947624096,0.644448144040725,0.003467313435067787,3.8801675521205006,-0.007170604496404387
12963040100,11.840137704336426,3.873575589167427,0.6444138612067618,-0.03428283396317333,3.8807546932413537,-0.007179104073926634
12964040100,11.840937156351806,3.8742028176363124,0.6444492876502712,0.035426443509452454,3.88134189386874,-0.007139076232427488
12965040100,11.841736587084961,3.8748562259384105,0.6444690998017015,0.01981215143026649,3.881929170669114,-0.007072944730703412
12966040100,11.842536005915644,3.8754777195290955,0.6444645766735115,-0.004523128190011327,3.8825164928859515,-0.007038773356855987
12967040100,11.843335427463698,3.876076420189115,0.6444468541647763,-0.017722508735216636,3.883103867413194,-0.007027447224078998
12968040100,11.844134859658785,3.8767054485274337,0.6444450469288231,-0.0018072359530671989,3.883691304998429,-0.006985856470995255
12969040100,11.84493429293958,3.8773004206800565,0.6444546451610496,0.009598232226435854,3.8842788114768005,-0.006978390796744005
12970040100,11.845733720454154,3.8779344940104608,0.6444490309569747,-0.005614204074873008,3.884866379829674,-0.006931885819213335
12971040100,11.846533151341518,3.87857815315808,0.6444604609753993,0.011430018424593236,3.8854540050271567,-0.006875851869076577
12972040100,11.847332575362154,3.879151769777827,0.6444522759309719,-0.008185044427433397,3.886041693793345,-0.006889924015518023
12973040100,11.84813200430007,3.8797153337211783,0.6444392178215269,-0.013058109444921584,3.8866294386071196,-0.006914104885941352
12974040100,11.848931441082716,3.880329030480017,0.6444612372561993,0.022019434672372107,3.8872172481386578,-0.006888217658640894
12975040100,11.849730864636987,3.8808637893182745,0.6444883638791278,0.02712662292841994,3.8878051245486276,-0.006941335230353118
12976040100,11.850530271894163,3.881537151084757,0.6444904058928306,0.0020420137028329677,3.8883930523467143,-0.006855901261957342
12977040100,11.851329677924516,3.882145318155876,0.644532048898802,0.04164300597142834,3.888981029279371,-0.006835711123495347
12978040100,11.852129058935427,3.882722314265081,0.6445042442382785,-0.02780466052356445,3.8895690664356977,-0.00684675217061681
12979040100,11.852928456651748,3.8833776651635366,0.6445090267774419,0.004782539163449506,3.8901571463177085,-0.006779481154171929
12980040100,11.8537278514947,3.883983427781501,0.6445294383279501,0.02041155050814858,3.8907452996268255,-0.0067618718453243964
12981040100,11.854527234074103,3.8845092457713046,0.6445105748022072,-0.018863525742776055,3.8913335119663337,-0.006824266195029072
12982040100,11.855326627986992,3.8850146824909553,0.6445164998313487,0.005925029141519822,3.8919217764316976,-0.006907093940742293
12983040100,11.856126018340067,3.8856278010492717,0.6445625481304497,0.04604829910093944,3.892510110394525,-0.006882309345253468
12984040100,11.856925381025922,3.8862449844804647,0.6446189876078453,0.05643947739564226,3.8930985029013208,-0.00685351842085602
12985040100,11.857724709798912,3.8868481066103833,0.6446215659857889,0.0025783779436334697,3.893686936210905,-0.006838829600521734
12986040100,11.858524037022567,3.887478820792394,0.6446220748284454,0.0005088426565080795,3.8942754057253204,-0.006796584932926564
12987040100,11.859323363940462,3.8879972786164774,0.6446296031189237,0.007528290478298061,3.8948639352733814,-0.006866656656904002
12988040100,11.860122686334611,3.8886637574770986,0.6446232810309109,-0.006322088012804983,3.895452525777202,-0.006788768300103332
12989040100,11.860922012527702,3.889316776241773,0.6446732578651009,0.04997683418994381,3.8960411741369896,-0.006724397895216505
12990040100,11.861721308688846,3.8899494131179613,0.6446490974480039,-0.02416041709698913,3.896629886488487,-0.006680473370525686
12991040100,11.862520619368654,3.8905598051007884,0.6446315704619087,-0.017526986095131036,3.8972186379185736,-0.006658832817785232
12992040100,11.86331994058062,3.8911444585018895,0.6446241661884591,-0.007404273449558296,3.8978074612475986,-0.006663002745709079
12993040100,11.864119266241822,3.8917555625939415,0.6446278771738516,0.003710985392572752,3.8983963535484385,-0.006640790954496989
12994040100,11.864918589673094,3.8923324326902873,0.644644500413814,0.016623239962484604,3.898985310347996,-0.006652877657708611
12995040100,11.865717903115334,3.892930016003387,0.6446478862630749,0.0033858492608027646,3.8995743267319227,-0.006644310728535885
12996040100,11.866517214522963,3.893536714320573,0.6446684431949485,0.020556931873801254,3.9001633969878995,-0.006626682667326467
12997040100,11.867316513577412,3.894135288323996,0.6446786534283562,0.010210233407628166,3.9007525269834353,-0.006617238659439195
12998040100,11.86811580649615,3.894750430186519,0.6446843008928568,0.0056474645005542,3.9013417091183413,-0.00659127893182232
12999040100,11.868915096021079,3.8953552559153204,0.6446940178001869,0.009716907330131974,3.9019309479802438,-0.006575692064923366
13000040100,11.86971437970663,3.89597006778857,0.6446954273354641,0.0014095352772285352,3.902520245596115,-0.006550177807544966
13001040100,11.870513662545116,3.8965197744920403,0.6447019932583606,0.006565922896513143,3.9031096001685555,-0.006589825676515115
13002040100,11.871312941437761,3.89705824711676,0.644703543672716,0.0015504143553899397,3.903699015384632,-0.006640768267871966
13003040100,11.872112219398668,3.8976753535982316,0.6447377564108042,0.03421273808820313,3.9042884889653813,-0.006613135367149692
13004040100,11.872911476798567,3.8982716575036656,0.6447777173725164,0.039960961712215415,3.9048780231399043,-0.006606365636238731
13005040100,11.873710710181737,3.898873171452701,0.6447783365581254,0.0006191856089854397,3.9054676034342357,-0.006594431981534754
13006040100,11.874509943192761,3.899465920342417,0.6447893666444353,0.011030086309868459,3.906057227300842,-0.006591306958424692
13007040100,11.875309169574422,3.9001386006428738,0.644797789714917,0.008423070481631711,3.9066469121871243,-0.006508311544250578
13008040100,11.876108390893535,3.900785648634225,0.6448106196968896,0.012829981972594773,3.907236653482361,-0.006451004848135877
13009040100,11.87690760450129,3.9014351860141985,0.6447833462999585,-0.027273396931106753,3.907826452348079,-0.006391266333880541
13010040100,11.877706834501343,3.9019579640011943,0.6447688033445698,-0.014542955388784584,3.908416306834823,-0.006458342833628894
13011040100,11.878506073241995,3.9025932381007316,0.6447529241395964,-0.015879204973415106,3.9090062347398806,-0.006412996639149071
13012040100,11.879305321526168,3.9032164553557323,0.6448005956401045,0.0476715005081525,3.9095962304250094,-0.006379775069277116
13013040100,11.880104541158813,3.9038298183897977,0.6447919624175488,-0.008633222555689102,3.9101862944917833,-0.006356476101985642
13014040100,11.880903765980333,3.9044406736342165,0.6447893255017075,-0.002636915841257803,3.910776398746343,-0.0063357251121263225
13015040100,11.881702992386721,3.9051164885813683,0.6447915892726677,0.0022637709601252,3.9113665681788135,-0.006250079597445168
13016040100,11.882502217432512,3.9056796005067618,0.6447950981557828,0.003508883115068251,3.9119568001354352,-0.006277199628673458
13017040100,11.883301440369348,3.906242117487261,0.644765987283626,-0.029110872156848266,3.9125470924477455,-0.006304974960484433
13018040100,11.884100680802488,3.9068519210342263,0.6447933124609664,0.02732517734033557,3.9131374445693794,-0.006285523535153104
13019040100,11.884899904812587,3.9074202902738104,0.644821020685698,0.027708224731582298,3.9137278709904386,-0.0063075807166281805
13020040100,11.885699112168814,3.908019967028015,0.6448250840226574,0.004063336959399422,3.9143183466604157,-0.0062983796324007635
13021040100,11.886498317082744,3.908573770320804,0.644849933350627,0.024849327969665325,3.9149088714117184,-0.006335101090914286
13022040100,11.887297507060524,3.9091823010993534,0.6448591351579436,0.009201807316533639,3.9154994557496714,-0.006317154650318013
13023040100,11.888096691507261,3.9098278705201395,0.6448913770513832,0.032241893439636016,3.91609009044652,-0.006262219926380652
13024040100,11.888895856573438,3.9104716893614224,0.6448962445892272,0.004867537844057246,3.91668078245743,-0.006209093096007479
13025040100,11.88969501871367,3.911127817556394,0.6448825117081637,-0.013732881063573288,3.9172715215498677,-0.006143703993473526
13026040100,11.890494189108875,3.911714268161165,0.644869571498118,-0.012940210045691458,3.9178623198911993,-0.0061480517300340765
13027040100,11.891293367282431,3.912401992152184,0.6448503755759675,-0.0191959221504705,3.9184531857545473,-0.006051193602363281
13028040100,11.892092556994399,3.9129976004948968,0.6448660610404428,0.015685464475250654,3.919044118796144,-0.00604651830124725
13029040100,11.892891737278067,3.913650775587298,0.6448309498190197,-0.035111221423107075,3.9196351218052747,-0.0059843462179767215
13030040100,11.893690938666296,3.914184781206719,0.6448419221948494,0.010972375829735093,3.9202261792840147,-0.0060413980772957565
13031040100,11.894490133459383,3.914765711867256,0.6448240141954121,-0.01790799943719712,3.920817313821974,-0.006051601954718322
13032040100,11.895289339016342,3.915301363642489,0.6448658437199118,0.04182952449975286,3.9214085049393255,-0.006107141296836538
13033040100,11.89608851943064,3.91590091145405,0.6448842595344632,0.018415814551341114,3.9219997654843866,-0.006098854030336387
13034040100,11.896887688775218,3.916521345068769,0.644925460723061,0.04120118859780497,3.9225910688982424,-0.00606972382947335
13035040100,11.897686833352838,3.9170552410179456,0.6449347188390967,0.009258116035677055,3.923182425595897,-0.006127184577951361
13036040100,11.898485972365009,3.9176869058904087,0.6449335025416187,-0.0012162974779093005,3.9237738254445276,-0.006086919554118886
13037040100,11.899285112108354,3.9183329337213317,0.644975691660199,0.04218911858023233,3.9243652826573268,-0.006032348935995024
13038040100,11.900084226489197,3.918989810020878,0.6449689445839009,-0.00674707629813831,3.924956801900766,-0.005966991879887917
13039040100,11.900883344926221,3.919528169436658,0.644954938026518,-0.014006557382971963,3.925548363864383,-0.006020194427724945
13040040100,11.901682471783541,3.9201740314350126,0.6449353979662403,-0.019540060277734916,3.9261399903303342,-0.005965958895321588
13041040100,11.902481610387458,3.920735678667892,0.6449752551331133,0.03985716687293639,3.9267316845378204,-0.0059960058699282115
13042040100,11.903280725030731,3.9213690397661107,0.6449612865438846,-0.013968589228539052,3.9273234489588376,-0.005954409192726828
13043040100,11.904079848071545,3.9219916333498688,0.6449895206785353,0.02823413465069713,3.927915257157462,-0.005923623807593259
13044040100,11.904878954138596,3.9225815053702964,0.644981836663521,-0.00768401501433047,3.9285071331025065,-0.00592562773221017
13045040100,11.905678064825176,3.9231557600748497,0.6449795088436695,-0.0023278198514944393,3.9290990580083545,-0.0059432979335047875
13046040100,11.906477176911203,3.9237281926746577,0.6449935703916558,0.014061547986277567,3.929691047875256,-0.005962855200598138
13047040100,11.9072762805436,3.924244755035781,0.6450155085484307,0.021938156774833573,3.930283100325237,-0.006038345289456348
13048040100,11.908075370986731,3.924885096854681,0.6450384282888185,0.022919740387860266,3.9308752080642613,-0.005990111209580373
13049040100,11.908874447650057,3.9255776138302574,0.6450894618838259,0.051033595007404564,3.931467367587693,-0.005889753757435834
13050040100,11.909673493629457,3.926195934092262,0.6450785352775579,-0.01092660626802644,3.932059578461601,-0.0058636443693389495
13051040100,11.91047254617865,3.9268424586725987,0.6450413461559862,-0.037189121571646666,3.9326518281596954,-0.0058093694870966495
13052040100,11.911271621087664,3.9273906873975353,0.6450412226621659,-0.00012349382030940603,3.933244144298307,-0.005853456900771548
13053040100,11.912070696070929,3.9280245554540785,0.6450269218125547,-0.014300849611189825,3.933836538592306,-0.005811983138227728
13054040100,11.912869779652231,3.9285169874482544,0.6450618962994756,0.0349744869209605,3.934428994529693,-0.005912007081438464
13055040100,11.913668842205684,3.9290693258761413,0.6450539991180486,-0.007897181427039435,3.935021518438049,-0.005952192561907488
13056040100,11.914467909507277,3.9296618189634844,0.6451170541371182,0.06305501906960576,3.9356140883550275,-0.00595226939154303
13057040100,11.91526693889598,3.930261419012011,0.6451502594066219,0.0332052695036289,3.936206723400563,-0.0059453043885517864
13058040100,11.916065948318183,3.9308478199629713,0.6451634201945922,0.01316078797031306,3.9367993919377184,-0.005951571974747161
13059040100,11.91686494982649,3.931441886576038,0.645173030384758,0.00961019016586473,3.9373921072781,-0.005950220702062303
13060040100,11.917663945555875,3.932184355437872,0.645189276154099,0.01624576934103672,3.9379848783660734,-0.005800522928201435
13061040100,11.918462931515975,3.932820008359745,0.6452017143751324,0.012438221033358232,3.938577706790795,-0.00575769843105034
13062040100,11.919261909996294,3.9334179636646582,0.6451396808592822,-0.06203351585024652,3.939170589596575,-0.005752625931916722
13063040100,11.920060925779527,3.9340580039962316,0.6451309969637092,-0.008683895572947797,3.939763528487152,-0.005705524490920322
13064040100,11.920859946784445,3.934617941257244,0.645141179886186,0.010182922476803746,3.940356556706991,-0.005738615449747186
13065040100,11.921658961666298,3.9352522902377904,0.6451302709357405,-0.01090895044557616,3.9409496504572097,-0.005697360219419245
13066040100,11.922457983107776,3.9359031760901937,0.6451595125987435,0.029241663003036322,3.9415428013236067,-0.005639625233412993
13067040100,11.923256986965828,3.9365764013618754,0.6451514945638404,-0.00801803490311137,3.9421360187280925,-0.005559617366217129
13068040100,11.924055995645306,3.9371930605837746,0.6451351260251574,-0.01636853868292043,3.942729284751703,-0.005536224167928427
13069040100,11.924855014167399,3.937757559175282,0.6451074521679016,-0.027673857255913425,3.9433226160355552,-0.005565056860273199
13070040100,11.925654049329653,3.9383355022322855,0.6451080473097816,0.0005951418800380637,3.943916016316848,-0.0055805140845626156
13071040100,11.926453084134058,3.9389490289068387,0.6451348150689575,0.02676775917584262,3.9445094906537577,-0.005560461746918932
13072040100,11.92725210284313,3.939616782565337,0.6451549286857535,0.020113616796027856,3.945103026429937,-0.005486243864599949
13073040100,11.9280511094576,3.9401534002798306,0.6451572412316127,0.0023125458591906067,3.9456966119602654,-0.005543211680434812
13074040100,11.928850114681483,3.940761944847897,0.6451323168263177,-0.024924405295012164,3.9462902502204393,-0.0055283053725423414
13075040100,11.929649134892761,3.941374755543636,0.645173100799039,0.04078397272133838,3.9468839491685124,-0.005509193624876563
13076040100,11.930448130579803,3.9419470959363196,0.6451779219976834,0.004821198644570757,3.9474777209825263,-0.005530625046206605
13077040100,11.93124712336767,3.9425890252234654,0.6451806084876988,0.0026864900153098503,3.9480715363061485,-0.00548251108268305
13078040100,11.932046114540041,3.9431667958644576,0.6452035948339077,0.02298634620885931,3.9486654112148436,-0.0054986153503859825
13079040100,11.932845091889527,3.9438153740029795,0.6451917204166651,-0.011874417242583313,3.9492593466690806,-0.005443972666101082
13080040100,11.93364407637977,3.9443725553157005,0.6452119879248968,0.020267508231668785,3.9498533335994708,-0.005480778283770249
13081040100,11.934443048681949,3.9449329159888555,0.6451967682400238,-0.015219684872908701,3.9504473875971833,-0.005514471608327742
13082040100,11.935242030136665,3.945526623458654,0.6452273542470826,0.030586007058730047,3.9510414942973,-0.00551487083864588
13083040100,11.936040993197938,3.94606801187361,0.6452564444171803,0.02909017009774484,3.9516356695749444,-0.005567657701334383
13084040100,11.936839938764624,3.946722722170549,0.6452688964133358,0.012451996155477651,3.952229892950907,-0.005507170780358006
13085040100,11.937638876842575,3.9472677607917652,0.6453076376559937,0.03874124265795409,3.952824165096409,-0.0055564043046438805
13086040100,11.938437791620428,3.947886347569651,0.645289621466127,-0.018016189866709276,3.953418493457967,-0.005532145888316187
13087040100,11.939236717233886,3.948579823273486,0.6453265678016302,0.036946335503246,3.954012866276841,-0.00543304300335512
13088040100,11.940035620626169,3.949207172923199,0.6453267138595388,0.0001460579085588165,3.9546073089545644,-0.005400136031365577
13089040100,11.940834523930604,3.949841184281398,0.6452892523178451,-0.037461541693690315,3.955201796900706,-0.005360612619308203
13090040100,11.941633449766078,3.9503789101318056,0.6452848107140144,-0.004441603830583674,3.955796346589622,-0.00541743645781656
13091040100,11.942432378272857,3.9510415476532184,0.6452769902039894,-0.007820510025013938,3.9563909748639183,-0.005349427210699975
13092040100,11.94323131148307,3.9517039748697025,0.6453174655453978,0.040475341408394705,3.9569856669521073,-0.00528169208240481
13093040100,11.944030220349957,3.9523954802347667,0.6452953810673837,-0.022084478014096298,3.957580424374555,-0.005184944139788428
13094040100,11.944829142499405,3.953103844438507,0.6452732990693753,-0.02208199800843147,3.9581752255123135,-0.005071381073806336
13095040100,11.945628077929532,3.953776822139557,0.6452365064462774,-0.036792623097856136,3.958770098384072,-0.004993276244515066
13096040100,11.946427035486822,3.954321423770801,0.6451910932881775,-0.04541315809987978,3.959365042998403,-0.005043619227602214
13097040100,11.94722602035419,3.9549425115714367,0.6451632531865359,-0.027840101641556814,3.9599600659540286,-0.005017554382591882
13098040100,11.948025021962923,3.955512719961522,0.6451997411330931,0.03648794655719989,3.9605551711235414,-0.00504245116201929
13099040100,11.94882400162987,3.9561734041872265,0.6451979751366358,-0.001765996457329777,3.9611503506470918,-0.004976946459865239
13100040100,11.949622982358811,3.9568416551225365,0.6452217359647394,0.023760828103640108,3.961745575715728,-0.0049039205931915575
13101040100,11.950421948798795,3.9573847274696985,0.6452001507292624,-0.02158523547706004,3.9623408634713115,-0.004956136001613043
13102040100,11.951220928219426,3.957983386716952,0.6451746675560968,-0.02548317316569637,3.9629362024818278,-0.00495281576487594
13103040100,11.952019922964318,3.9585017162793124,0.6452119038377983,0.0372362817013725,3.9635316130735916,-0.005029896794279232
13104040100,11.952818895317066,3.959077435183055,0.6452213759627667,0.009472124968525897,3.964127097003292,-0.005049661820236917
13105040100,11.953617861973546,3.959676083814812,0.6452712039078846,0.049827945117911554,3.964722626167287,-0.005046542352475036
13106040100,11.954416798663738,3.960207264164104,0.6452923994199792,0.0211955120945726,3.9653182130137985,-0.005110948849694541
13107040100,11.955215722606448,3.960745140885273,0.6453021527857545,0.00975336577530328,3.965913839453581,-0.005168698568307928
13108040100,11.956014640683133,3.961285486318384,0.6453457889815787,0.04363619582414824,3.9665095183256014,-0.005224032007217438
13109040100,11.95681353251451,3.9619085176636233,0.6453862188118851,0.04042983030640368,3.9671052547654213,-0.005196737101798021
13110040100,11.957612400027713,3.962516236782971,0.6454255538521336,0.03933504024853818,3.967701033579811,-0.005184796796839919
13111040100,11.958411243879995,3.9631334957883464,0.645423512618541,-0.0020412335925179548,3.9682968562069654,-0.0051633604186189785
13112040100,11.959210088960157,3.9637181447373115,0.6454291256112924,0.005612992751423462,3.9688927231384135,-0.005174578401101915
13113040100,11.960008930663884,3.9643218298307055,0.6454299480290289,0.0008224177364475338,3.9694886529433013,-0.005166823112595864
13114040100,11.960807771872892,3.9649127361924146,0.6454471294734022,0.01718144437334157,3.970084642193516,-0.005171906001101512
13115040100,11.961606602746423,3.965574088627305,0.6454548071765382,0.00767770313603755,3.9706806930454768,-0.0051066044181715675
13116040100,11.962405429001365,3.9661771641551193,0.6454689153353702,0.01410815883191141,3.971276798162208,-0.0050996340070885715
13117040100,11.963204246769298,3.9667057878901852,0.6454476970953603,-0.021218240009939215,3.971872961814949,-0.005167173924763624
13118040100,11.964003077301372,3.9673246598422294,0.6454556327531434,0.007935657783069594,3.972469181122097,-0.005144521279867753
13119040100,11.964801903059678,3.968008051724151,0.6455009573256486,0.045324572505002436,3.9730654719524345,-0.005057420228283593
13120040100,11.965600701551601,3.9686810943572577,0.6455011483890156,0.00019106336704943772,3.9736618212225565,-0.0049807268652988235
13121040100,11.966399499928581,3.969202881677142,0.6454689346221126,-0.032213766902985164,3.9742582121441927,-0.005055330467050645
13122040100,11.967198317684911,3.969850255062962,0.6454417630019512,-0.02717162016139607,3.9748546649926126,-0.005004409929650677
13123040100,11.967997151786662,3.970304283382622,0.6454903993328499,0.04863633089870234,3.9754511943331323,-0.005146910950510453
13124040100,11.968795956630215,3.970857532878266,0.6454761791887401,-0.014220144109760469,3.9760477979112068,-0.005190265032940733
13125040100,11.969594770028388,3.9715019790112813,0.6455589538470046,0.08277465826444264,3.9766444416735176,-0.00514246266223628
13126040100,11.970393533628338,3.9720933008546866,0.6455922247979284,0.0332709509238347,3.9772411538677552,-0.005147853013068637
13127040100,11.971192277210543,3.972763059532133,0.6455798361782524,-0.012388619675882673,3.9778378909065815,-0.005074831374448419
13128040100,11.971991028246567,3.973316691078891,0.6455940329560667,0.014196777814272643,3.9784346750370645,-0.005117983958173422
13129040100,11.972789770740855,3.9740559329478393,0.6455688889135948,-0.025144042471848316,3.9790315267901555,-0.004975593842316162
13130040100,11.973588528363381,3.9746964618346383,0.6456019286881838,0.03303977458900942,3.979628434220288,-0.0049319723856497966
13131040100,11.974387266106994,3.9752384261887808,0.6455419064713208,-0.06002221686291076,3.9802254150239413,-0.004986988835160577
13132040100,11.975186039963296,3.975829913276652,0.6455311903361265,-0.010716135194280163,3.9808224430436283,-0.004992529766976173
13133040100,11.975984820266715,3.9764208827558063,0.6455698902026085,0.03869986648196022,3.981419560139912,-0.004998677384105754
13134040100,11.976783577286813,3.9771165113703693,0.6455838845005412,0.013994297932700128,3.9820167441484315,-0.004900232778062286
13135040100,11.977582325887111,3.9776951933153604,0.6455981834880091,0.014298987467917357,3.9826139728471013,-0.004918779531740913
13136040100,11.978381065884129,3.978338798348358,0.6455599784530159,-0.03820503499314665,3.9832112573525933,-0.0048724590042352744
13137040100,11.979179828867629,3.9788980807013856,0.6455803118613409,0.020333408324916924,3.983808597532665,-0.004910516831279299
13138040100,11.979978579617454,3.979542694331059,0.6455681190332466,-0.012192828094399033,3.984406017020447,-0.004863322689388383
13139040100,11.98077733770318,3.9802008509832056,0.645598203473262,0.030084440015445857,3.9850034894818975,-0.004802638498691891
13140040100,11.981576077688173,3.980752735364307,0.6455855544794523,-0.012648993809721176,3.985601029561618,-0.004848294197310921
13141040100,11.982374825283701,3.98135547885236,0.645566046550396,-0.019507929056373996,3.9861986182365037,-0.004843139384143491
13142040100,11.98317358461634,3.981968061839683,0.6455997904630325,0.033743912636520434,3.986796274748535,-0.004828212908852159
13143040100,11.983972323646478,3.9825687477661456,0.6456081285668139,0.00833810378147426,3.987394002194609,-0.004825254428463488
13144040100,11.984771057659737,3.98314575831521,0.6456115526768994,0.003424110085505916,3.987991776604808,-0.004846018289597964
13145040100,11.985569789612757,3.98376030628411,0.6456209429764449,0.009390299545506409,3.9885896094228634,-0.004829303138753627
13146040100,11.986368515915721,3.9843334010118157,0.6456422418131557,0.021298836710709423,3.989187502867882,-0.004854101856066162
13147040100,11.987167229403111,3.984979718483357,0.6456447689443825,0.0025271312268779766,3.9897854542587616,-0.004805735775404774
13148040100,11.987965941369895,3.985666031528663,0.6456681013824633,0.023332438080880813,3.9903834582359785,-0.004717426707315564
13149040100,11.988764639297017,3.986295961071069,0.6456547521148064,-0.013349267656919572,3.9909815232614783,-0.004685562190409165
13150040100,11.989563345256752,3.986916571070522,0.6456212590883689,-0.03349302643753749,3.9915796399663,-0.004663068895778277
13151040100,11.990362071369514,3.987526840821055,0.6456159200273672,-0.005339061001659928,3.992177824885868,-0.004650984064813013
13152040100,11.99116080069475,3.988030591849613,0.6456152299950554,-0.000690032311825739,3.992776087107938,-0.0047454952583247945
13153040100,11.991959530435171,3.988615860537776,0.6456197247233975,0.0044947283422223094,3.9933744139534006,-0.0047585534156247
13154040100,11.99275825747115,3.9892599671326243,0.6456777002760573,0.05797555265989551,3.9939728033342057,-0.004712836201581361
13155040100,11.993556949622272,3.989838664290084,0.6456949745079712,0.017274231913931182,3.994571252919915,-0.004732588629830836
13156040100,11.994355631378681,3.9904494650622864,0.6456827685749762,-0.012205932995001945,3.9951697386018097,-0.004720273539523312
13157040100,11.995154320479996,3.9910780215817345,0.6457033249858172,0.020556410840987027,3.9957682787328253,-0.0046902571510907265
13158040100,11.995952997211447,3.991636242938134,0.6457078322925649,0.004507306747699502,3.9963668866138384,-0.004730643675704638
13159040100,11.996751671230571,3.992207578376766,0.6457034357034117,-0.004396589153278896,3.996965547475263,-0.004757969098496684
13160040100,11.997550347895396,3.9928394831303122,0.6457343140649985,0.030878361586798242,3.997564268561284,-0.004724785430971767
13161040100,11.998349005978465,3.9934581406923457,0.645758720269062,0.024406204063491366,3.9981630538954995,-0.004704913203153804
13162040100,11.999147649374008,3.994063397175083,0.6457528077009271,-0.005912568134923468,3.998761887568339,-0.00469849039325565
13163040100,11.999946296327746,3.994712910530899,0.645753503250082,0.0006955491548898962,3.999360772502797,-0.004647861971898148
13164040100,12.000744942862903,3.9953924735527293,0.6457609122265978,0.007408976515825394,3.9999597223866346,-0.004567248833905246
13165040100,12.001543584939313,3.995956337430593,0.6457461241143201,-0.014788112277675403,4.000558734244796,-0.004602396814203491
13166040100,12.002342235915215,3.996569677552322,0.64571618105387,-0.029943060450147385,4.001157805053454,-0.004588127501132355
13167040100,12.003140904910328,3.997229091177753,0.6457441874545129,0.02800640064286508,4.001756944840293,-0.004527853662540604
13168040100,12.0039395570517,3.997716429759274,0.645747461821644,0.0032743671310697664,4.002356160456989,-0.004639730697714839
13169040100,12.004738207222577,3.998270136303045,0.6457276169558346,-0.019844865809317547,4.002955425746622,-0.004685289443576934
13170040100,12.005536869335849,3.998907529374793,0.6457940583018653,0.06644134603069496,4.003554751881577,-0.0046472225067839545
13171040100,12.006335491464304,3.999503896445007,0.6458274373286143,0.03337902674894622,4.00415414931059,-0.004650252865583404
13172040100,12.007134093503721,4.000045842282132,0.6458189327471187,-0.008504581495566654,4.004753579065916,-0.004707736783784
13173040100,12.007932700661671,4.000595029651535,0.6458309634549163,0.012030707797689999,4.005353056080901,-0.004758026429366069
13174040100,12.008731300578852,4.001170895341734,0.6458703434714438,0.039380016527484685,4.0059525992830665,-0.00478170394133226
13175040100,12.009529876794067,4.001820859152095,0.645906236527088,0.035893055644187655,4.006552199400602,-0.004731340248507188
13176040100,12.010328431404963,4.002408534591326,0.6459288663488739,0.022629821785928428,4.007151844077594,-0.00474330948626811
13177040100,12.011126972394258,4.002964633577864,0.6459143687520407,-0.014497596833253468,4.007751534890861,-0.004786901312996861
13178040100,12.011925522110161,4.003605215287549,0.6459310624396578,0.016693687617154396,4.008351277838075,-0.004746062550526453
13179040100,12.01272406177754,4.004190298297306,0.645963657708516,0.032595268858266024,4.008951089710264,-0.004760791412957488
13180040100,12.013522581824027,4.004798504908263,0.6459539645386133,-0.00969316990268787,4.009550956411795,-0.004752451503532207
13181040100,12.014321107705456,4.005410974466799,0.6459720777007292,0.018113162115916737,4.010150870755403,-0.004739896288604051
13182040100,12.015119622683347,4.00590711213547,0.6459786362987493,0.006558598020115269,4.010750851871025,-0.004843739735554742
13183040100,12.01591813371311,4.0065423776374365,0.6459830718321006,0.004435533351221821,4.011350887188449,-0.004808509551012641
13184040100,12.01671664207276,4.007190760399176,0.6460459082065829,0.06283637448238188,4.011950981939526,-0.004760221540349718
13185040100,12.01751511260436,4.00776164738385,0.6460391400397424,-0.006768166840538825,4.012551137090959,-0.00478948970710924
13186040100,12.018313587210606,4.008452783794503,0.6460257469879729,-0.013393051769536868,4.013151326220486,-0.004698542425982666
13187040100,12.019112069879782,4.009042723650596,0.6460511774180725,0.025430430099646628,4.013751580828323,-0.004708857177726955
13188040100,12.019910537239127,4.009680984856244,0.6460163341107322,-0.03484330734026031,4.014351903921126,-0.004670919064881929
13189040100,12.020709025574986,4.01030849841326,0.6460321440896281,0.015809978895831023,4.014952277932737,-0.0046437795194771425
13190040100,12.021507504392975,4.010954036818214,0.6460237430787629,-0.008401010865163983,4.01555273015485,-0.004598693336635762
13191040100,12.022305988268537,4.0115928387359405,0.6460207008747942,-0.003042203968620427,4.01615323766449,-0.004560398928549425
13192040100,12.02310447397555,4.012197668978918,0.6460085838288298,-0.012117045964416207,4.016753811429842,-0.00455614245092395
13193040100,12.023902966977134,4.012768393615998,0.6459997916980303,-0.008792130799351483,4.017354449032252,-0.004586055416254453
13194040100,12.024701465271587,4.013491682449482,0.6460080089378536,0.0082172398230842,4.017955154589309,-0.004463472139827118
13195040100,12.025499958619257,4.0141473792734885,0.6460333729197887,0.025363981935051072,4.018555926603648,-0.004408547330159607
13196040100,12.026298436697461,4.01472194962458,0.6459822429985245,-0.05112992126416316,4.019156757378282,-0.004434807753701975
13197040100,12.027096945556055,4.015348456970601,0.6459648287300473,-0.01741426847696559,4.019757639150519,-0.004409182179918147
13198040100,12.027895464897624,4.015987200075245,0.6459880558196726,0.023227089625244446,4.020358606583306,-0.004371406508060893
13199040100,12.028693970256985,4.016596418856897,0.6459853061622804,-0.002749657392065785,4.020959644412461,-0.004363225555563233
13200040100,12.029492477271603,4.017254378177595,0.6459763984132102,-0.008907749070273141,4.021560734229915,-0.004306356052319771
13201040100,12.030290989648526,4.017830290011329,0.6459822625618573,0.0058641486471486814,4.022161887812672,-0.004331597801343179
13202040100,12.031089498495344,4.0184403701861715,0.6459636747121569,-0.018587849700391956,4.022763107959452,-0.004322737773280849
13203040100,12.031888018531594,4.0191001300229665,0.6459861945045766,0.02251979241976443,4.023364387982211,-0.004264257959244233
13204040100,12.032686525011442,4.0197262567944705,0.6459916424641265,0.005447959549890413,4.02396573897277,-0.00423948217829917
13205040100,12.033485028211683,4.020301991935887,0.6459721692589081,-0.019473205218439205,4.024567142302276,-0.004265150366388859
13206040100,12.034283543134457,4.0208931605956355,0.6459694893089248,-0.002679949983221519,4.025168605715887,-0.004275445120251575
13207040100,12.035082059670492,4.02148240419727,0.6459920866725821,0.02259736365724585,4.025770140521853,-0.004287736324583236
13208040100,12.035880562603323,4.0220471590972835,0.6460070237055435,0.014937032961363172,4.0263717391133245,-0.004324580016040969
13209040100,12.036679056544106,4.022655845718388,0.6460229798702939,0.015956164750377866,4.026973390031946,-0.00431754431355813
13210040100,12.03747754087913,4.023213469335527,0.6460512803414674,0.02830047117349821,4.02757509675652,-0.004361627420992775
13211040100,12.038276008176512,4.023773652789362,0.6460576288952782,0.006348553810774149,4.028176858829468,-0.0044032060401058
13212040100,12.039074471651805,4.024380348771433,0.6460896249021708,0.031996006892590856,4.028778670653837,-0.00439832188240441
13213040100,12.03987291586371,4.025030992130193,0.6461204491231667,0.03082422099584292,4.029380542194934,-0.004349550064740804
13214040100,12.040671341516932,4.0256426038386595,0.6461280372895267,0.007588166360088522,4.029982461817662,-0.004339857979002382
13215040100,12.041469762601347,4.026270895819391,0.6461135783608856,-0.01445892864130549,4.030584430055907,-0.00431353423651526
13216040100,12.042268192391392,4.026910154692122,0.6461186402782093,0.005061917323756049,4.03118645746161,-0.00427630276948765
13217040100,12.043066619133707,4.027520113250051,0.6461153391139794,-0.003301164229879916,4.031788554051566,-0.0042684408015150055
13218040100,12.043865047863623,4.028150035250095,0.646106514771311,-0.00882434266842047,4.032390710970304,-0.00424067572020892
13219040100,12.04466348190655,4.028678375314382,0.6461123551471561,0.005840375845169277,4.032992932022326,-0.004314556707943673
13220040100,12.045461912433076,4.029355740500301,0.6461081904666893,-0.00416468046679519,4.033595219723798,-0.004239479223497433
13221040100,12.046260345467095,4.029988029410235,0.6461549979741007,0.04680750741141004,4.034197567421671,-0.004209538011436642
13222040100,12.047058750318206,4.030583927383322,0.6461271728839207,-0.027825090180011003,4.034799979667433,-0.004216052284110816
13223040100,12.047857171923079,4.031179598750542,0.6461218584523492,-0.005314431571592948,4.035402433309459,-0.004222834558916588
13224040100,12.048655596727754,4.031826644866508,0.6461347732986706,0.012914846321457674,4.036004962261432,-0.004178317394923248
13225040100,12.049454013756403,4.0323918308056745,0.6461478528180686,0.013079519398026207,4.0366075563043005,-0.004215725498625922
13226040100,12.050252422909743,4.032973782095247,0.6461351886043958,-0.01266421367297177,4.037210207160852,-0.004236425065604621
13227040100,12.051050839688335,4.033556685416788,0.6461635578157988,0.028369211403015626,4.037812914761403,-0.0042562293446151145
13228040100,12.051849239385357,4.0341361450241155,0.6461836142366203,0.020056420821521925,4.038415690814176,-0.004279545790060624
13229040100,12.052647627005689,4.0347523033026755,0.6462032686130311,0.01965437641085721,4.039018516672398,-0.004266213369722216
13230040100,12.053446002791105,4.035351253770273,0.6462247164817748,0.021447868743646126,4.039621396118632,-0.004270142348358874
13231040100,12.0542443656613,4.035924401203873,0.6462278152512436,0.00309876946883314,4.0402243293397415,-0.004299928135868214
13232040100,12.055042726665482,4.036494991362903,0.6462395527791389,0.011737527895320454,4.040827315524066,-0.004332324161162582
13233040100,12.055841080601516,4.037044337398422,0.6462642779831411,0.024725204002184142,4.041430363022203,-0.004386025623780654
13234040100,12.056639419648072,4.037597067460472,0.6462903773960132,0.02609941287212969,4.042033467910741,-0.004436400450269495
13235040100,12.057437742977074,4.0381530694677,0.6463272350835478,0.03685768753455676,4.042636624285695,-0.004483554817994673
13236040100,12.058236044108764,4.038769320331739,0.6463625273536503,0.035292270102432965,4.04323983152495,-0.0044705111932108466
13237040100,12.059034323984886,4.039400389950964,0.646396303493778,0.0337761401276957,4.043843084735089,-0.0044426947841254005
13238040100,12.059832583517634,4.039992805627112,0.6463999521956348,0.0036487018567807894,4.044446384629758,-0.004453579002645647
13239040100,12.060630840852713,4.040592057928481,0.6463961593227148,-0.003792872920124424,4.04504973190056,-0.004457673972079412
13240040100,12.061429100472298,4.0412077324088616,0.6464117389725884,0.015579649873638246,4.045653140266996,-0.004445407858134409
13241040100,12.062227350707952,4.041852690360544,0.646423939169799,0.01220019721063359,4.046256613124303,-0.004403922763758672
13242040100,12.06302559359505,4.042536457540332,0.6464279361196931,0.003996949894036206,4.046860141657598,-0.004323684117266247
13243040100,12.063823834074636,4.043117874799643,0.6464172363130934,-0.010699806599628658,4.0474637274109035,-0.004345852611260526
13244040100,12.064622080999087,4.043726505363213,0.6463870001395934,-0.030236173500037822,4.048067374126333,-0.00434086876312012
13245040100,12.065420346135337,4.04436494259968,0.646408013866306,0.02101372671263846,4.048671088505847,-0.004306145906166847
13246040100,12.066218598614713,4.044950594906252,0.6464154449405631,0.00743107425712175,4.049274879458819,-0.004324284552566837
13247040100,12.06701684661816,4.045609738186601,0.6464079416725341,-0.007503268029015686,4.049878723644625,-0.004268985458023344
13248040100,12.06781509914102,4.046185333432079,0.6464268938696275,0.018952197093366152,4.050482627256914,-0.004297293824834902
13249040100,12.068613340248394,4.046792376255694,0.646409019813738,-0.017874055889476992,4.051086597108128,-0.0042942208524339165
13250040100,12.069411592121865,4.047338453989853,0.6464330096439586,0.023989830220605413,4.051690621148005,-0.00435216715815212
13251040100,12.07020982954546,4.047977563336218,0.6464412967418739,0.008287097915351538,4.052294716168273,-0.004317152832054916
13252040100,12.071008061977354,4.048547937863226,0.6464802179092856,0.038921167411613666,4.052898863092887,-0.004350925229660518
13253040100,12.071806270964494,4.049168417129313,0.6464725792979231,-0.00763861136240962,4.053503069085119,-0.004334651955805846
13254040100,12.072604484552963,4.049754993094638,0.6464994052929789,0.026825995055762775,4.054107320181089,-0.004352327086451169
13255040100,12.073402681981849,4.050390657376071,0.6465011690140239,0.001763721045032085,4.054711637616844,-0.004320980240772876
13256040100,12.074200878348275,4.051083064868256,0.6465199530382836,0.018784024259684173,4.055316005680341,-0.00423294081208514
13257040100,12.074999063399114,4.051727749950698,0.646514155625924,-0.005797412359607179,4.0559204358077245,-0.004192685857026923
13258040100,12.075797251942372,4.052365363859104,0.6464798416854023,-0.03431394052169345,4.056524920240552,-0.0041595563814480485
13259040100,12.076595461156144,4.0529534354213625,0.6464693357011747,-0.010505984227551224,4.0571294701995075,-0.004176034778144988
13260040100,12.077393676698469,4.053585051575939,0.6464623319391304,-0.007003762044368145,4.057734098705328,-0.004149047129389238
13261040100,12.078191896459643,4.054274607914345,0.6464801717374793,0.017839798348907365,4.058338794904596,-0.0040641869902513506
13262040100,12.078990105474597,4.054844208701539,0.6464762192464824,-0.003952490996914193,4.05894355720749,-0.0040993485059512835
13263040100,12.079788316870449,4.055317168306307,0.6464431601273125,-0.033059119169811524,4.0595483742822775,-0.004231205975970376
13264040100,12.08058654817993,4.05584909202798,0.6464701766022708,0.027016474958287517,4.060153256081781,-0.004304164053801074
13265040100,12.08138476321572,4.056548710119577,0.6465458098751894,0.07563327291862088,4.060758215902046,-0.004209505782469591
13266040100,12.082182932689815,4.057164771073107,0.6465921461722335,0.04633629704418496,4.061363226325186,-0.004198455252079292
13267040100,12.082981074248538,4.057782119380524,0.6465544713704163,-0.037674801817132675,4.061968265152094,-0.004186145771570615
13268040100,12.083779238504633,4.058416131019257,0.6465585672952633,0.004095924846938104,4.062573345757739,-0.0041572147384822955
13269040100,12.084577400293172,4.058950708324638,0.6465620158971318,0.0034486018685502273,4.063178506518799,-0.004227798194160748
13270040100,12.08537556000412,4.059447774737874,0.646557115209294,-0.004900687837700701,4.063783728365019,-0.004335953627144562
13271040100,12.086173722667457,4.060018663034331,0.6466021035197941,0.044988310500007955,4.0643890115987364,-0.004370348564405546
13272040100,12.08697185822714,4.06064492337926,0.6466660944037566,0.06399088396250718,4.064994360041705,-0.00434943666244525
13273040100,12.087769955232092,4.061182869453109,0.6466932758710274,0.027181467270906978,4.065599750902917,-0.00441688144980823
13274040100,12.08856803585913,4.061794092345014,0.6466927507842163,-0.0005250868112636198,4.066205175496066,-0.0044110831510515425
13275040100,12.089366116802559,4.062403075067519,0.6467365346559518,0.04378387173558096,4.0668106506448325,-0.004407575577313416
13276040100,12.09016417136324,4.062977593441662,0.6467436939009824,0.00715924503047205,4.067416189019866,-0.00443859557820403
13277040100,12.090962221609844,4.06356975018796,0.6467519979551515,0.008304054169075314,4.068021770367478,-0.004452020179518179
13278040100,12.091760266852475,4.06414620478112,0.6467776177957376,0.025619840586131204,4.068627411437408,-0.004481206656287817
13279040100,12.09255829665639,4.064678194548002,0.6467944752800525,0.016857484314849458,4.069233111712174,-0.00455491716417189
13280040100,12.09335631630157,4.065330430365428,0.6468192719347178,0.02479665466522185,4.069838863276784,-0.004508432911356053
13281040100,12.09415432100326,4.065914320943117,0.6468664741710392,0.04720223632134157,4.070444670143209,-0.004530349200091877
13282040100,12.094952297257574,4.066529987602917,0.6468534881750941,-0.012985995945015816,4.071050528683376,-0.004520541080458962
13283040100,12.095750281338338,4.0671757128152946,0.646874744571814,0.021256396719739,4.071656428646959,-0.004480715831664206
13284040100,12.096548252608148,4.067788883963352,0.6468801141057936,0.005369533979530772,4.072262397581271,-0.0044735136179197
13285040100,12.097346220641752,4.068388878045381,0.6468704093362928,-0.009704769500638477,4.07286841982139,-0.004479541776008844
13286040100,12.09814419452438,4.069004050910182,0.6468769939540396,0.006584617746819177,4.07347450264419,-0.004470451734007952
13287040100,12.098942164438496,4.069622251101725,0.6468902095736229,0.013215619583181848,4.074080652957706,-0.004458401855981009
13288040100,12.099740126387523,4.07027292430398,0.6468958515020751,0.005641928452220668,4.074686863311845,-0.004413939007864798
13289040100,12.100538084936103,4.070916726415952,0.6468999858077934,0.0041343057183382825,4.075293130676231,-0.0043764042602791875
13290040100,12.101336040992878,4.07152451135247,0.6468878233016034,-0.012162506190009026,4.075899458524795,-0.0043749471723248945
13291040100,12.102134004380128,4.072035618843375,0.6468790516341172,-0.008771667486286105,4.0765058475544755,-0.004470228711100255
13292040100,12.102931973054083,4.072621066082186,0.6468883163531026,0.009264718985395604,4.077112305237275,-0.0044912391550893105
13293040100,12.103729936144168,4.073215252557863,0.6469461448218374,0.05782846873485248,4.077718830028619,-0.004503577470756248
13294040100,12.104527864379335,4.073856245177028,0.646966879125997,0.020734304159644168,4.078325413673111,-0.004469168496083142
13295040100,12.105325780116678,4.074523444380466,0.6469832980326351,0.016418906638032027,4.078932033922339,-0.004408589541872843
13296040100,12.106123685957105,4.07507848979765,0.6469762634251568,-0.007034607478310306,4.0795387077747485,-0.004460217977098502
13297040100,12.106921596037846,4.075679425975246,0.6469560312764314,-0.02023214872541601,4.080145437212424,-0.004466011237178158
13298040100,12.107719518313889,4.076301031613385,0.6469920071815067,0.03597590507546222,4.0807522329919,-0.004451201378515179
13299040100,12.108517418904567,4.076903432128152,0.6470050825964797,0.01307541497294018,4.081359101171957,-0.004455669043805344
13300040100,12.109315311613459,4.077444547223021,0.6470078300065562,0.002747410076420209,4.081966015990396,-0.004521468767374692
13301040100,12.110113202666211,4.077994321357673,0.6470202123261167,0.012382319560593658,4.082572987950476,-0.004578666592802705
13302040100,12.110911086254818,4.0785819815355255,0.6470633976401767,0.04318531405995962,4.083180021794256,-0.004598040258730229
13303040100,12.111708943810076,4.079176813263568,0.6471023988956138,0.03900125543714239,4.083787113109157,-0.004610299845588806
13304040100,12.112506777852975,4.079709220710764,0.6471225247272855,0.020125831671622407,4.0843942477695485,-0.004685027058784819
13305040100,12.113304599762309,4.080239588907251,0.6471391110624721,0.016586335186625334,4.08500142769514,-0.004761838787889161
13306040100,12.114102411671743,4.080848942173566,0.6471870817156387,0.047970653166553134,4.085608661548589,-0.00475971937502262
13307040100,12.114900194658444,4.081506909624149,0.6472362526894023,0.04917097376371515,4.086215950958463,-0.004709041334313824
13308040100,12.115697947996804,4.082121490025629,0.6472459547787515,0.009702089349142184,4.086823281523429,-0.004701791497800478
13309040100,12.116495695484922,4.082733813764927,0.6472312690797415,-0.01468569900994865,4.087430652691376,-0.004696838926449232
13310040100,12.117293451828308,4.0833230983797,0.6472382827883065,0.007013708565088095,4.088038082584054,-0.004714984204354344
13311040100,12.11809120394255,4.083973870163534,0.647246444402635,0.00816161432850393,4.088645582406292,-0.004671712242757309
13312040100,12.118888951135428,4.08462250066406,0.6472661969744202,0.019752571785256023,4.08925314220196,-0.004630641537899827
13313040100,12.119686686417507,4.085177211645654,0.6472551495244139,-0.011047450006334003,4.089860761450023,-0.004683549804369136
13314040100,12.120484428361237,4.08585271208441,0.6472451204197546,-0.010029104659311727,4.090468434832086,-0.0046157227476761875
13315040100,12.121282176352468,4.086425096182221,0.6472821840663623,0.03706364660771655,4.0910761765022965,-0.004651080320075884
13316040100,12.122079901994104,4.0870688040512,0.6472587516109249,-0.02343245543735506,4.091683986001536,-0.004615181950335945
13317040100,12.122877641765774,4.087710924564638,0.6472869820912782,0.028230480353231613,4.092291841699176,-0.0045809171345378985
13318040100,12.123675364514094,4.0882596554960084,0.6472795020809041,-0.007480010374132817,4.09289977139845,-0.004640115902441622
13319040100,12.12447309177302,4.088784691774698,0.6472727843674903,-0.006717713413877391,4.093507751365355,-0.00472305959065622
13320040100,12.125270823082833,4.089362153772505,0.6473129050769958,0.04012070950558311,4.094115798017642,-0.004753644245136357
13321040100,12.126068530198692,4.090011815118579,0.6473650724762803,0.05216739928446046,4.094723911013171,-0.004712095894591428
13322040100,12.126866205854173,4.0905802861737435,0.6473911214896226,0.026049013342404947,4.095332068825677,-0.004751782651933212
13323040100,12.127663865799569,4.091133138833064,0.6473810102302527,-0.010111259369871561,4.095940265916001,-0.004807127082936624
13324040100,12.1284615318431,4.091667217917946,0.6474115932073173,0.030582977064572248,4.096548514294783,-0.0048812963768369855
13325040100,12.129259179441684,4.092265649203154,0.6474501218179715,0.03852861065410629,4.097156830597804,-0.004891181394650168
13326040100,12.130056803802153,4.092919781102551,0.6474982196524007,0.04809783442923532,4.097765196113798,-0.004845415011247134
13327040100,12.130854399151275,4.093545643296517,0.6475141858616152,0.015966209214505866,4.098373607189323,-0.004827963892806153
13328040100,12.13165198486959,4.094162916787941,0.647502233101853,-0.01195275976234278,4.098982059421726,-0.004819142633784246
13329040100,12.132449577797821,4.094757645384679,0.6475044009533214,0.0021678514684353445,4.099590567598275,-0.004832922213596547
13330040100,12.13324716941841,4.095456446037208,0.6475108735975047,0.006472644183260101,4.100199144574374,-0.0047426985371661345
13331040100,12.134044757134697,4.096085237071062,0.6475286807855648,0.017807188060125156,4.100807783858951,-0.004722546787888859
13332040100,12.134842334109509,4.09677266691133,0.6474943027772323,-0.03437800833253135,4.101416483477154,-0.0046438165658235775
13333040100,12.135639931821254,4.097318136766372,0.6474949195622189,0.000616784986593899,4.102025238216546,-0.004707101450174278
13334040100,12.136437529160961,4.097976897162053,0.6474660871543915,-0.028832407827513507,4.10263407211165,-0.004657174949596943
13335040100,12.137235143891765,4.098614587100324,0.647508401045113,0.04231389072156588,4.103242969058961,-0.004628381958636574
13336040100,12.1380327330995,4.099292422728464,0.6474940014647216,-0.01439958039134659,4.103851942628408,-0.0045595198999439646
13337040100,12.138830330992995,4.099927486818101,0.6474901179913657,-0.0038834733559216517,4.104460960061623,-0.004533473243522046
13338040100,12.139627931228954,4.100497525725725,0.6474660459685695,-0.02407202279612264,4.105070047484812,-0.004572521759087067
13339040100,12.1404255459846,4.101101924259175,0.6474633427566793,-0.0027032118901839652,4.1056792000625,-0.0045772758033253425
13340040100,12.141223162370732,4.101646123669623,0.6474932629403847,0.029920183705403502,4.106288427104117,-0.004642303434494011
13341040100,12.142020760709697,4.102335182957835,0.6475060502001578,0.012787259773199722,4.106897718773958,-0.004562535816122981
13342040100,12.142818351335462,4.102967371196445,0.647549099520063,0.04304931990527905,4.10750706004578,-0.0045396888493351994
13343040100,12.143615915993177,4.10357072351413,0.647519584266044,-0.02951525401902977,4.108116458818648,-0.004545735304517962
13344040100,12.144413498455133,4.104088470087826,0.6475184877084174,-0.0010965576266332988,4.108725901148228,-0.004637431060401376
13345040100,12.145211081578543,4.104738040414065,0.647531843069633,0.013355361215584338,4.10933542048852,-0.004597380074454982
13346040100,12.146008656645806,4.105348069971806,0.6475882233537323,0.05638028409933149,4.109945003748358,-0.0045969337765514595
13347040100,12.146806197702105,4.105942322766566,0.6475786437472003,-0.009579606532005513,4.110554644271401,-0.0046123215048350374
13348040100,12.147603744537404,4.106602513232381,0.6475888623784506,0.010218631250294763,4.11116432222091,-0.0045618089885293145
13349040100,12.148401285208202,4.107246676972715,0.6476070189547338,0.018156576283217873,4.111774068018141,-0.004527391045425766
13350040100,12.149198814925636,4.1078641354207,0.6475921397300135,-0.014879224720287354,4.112383872539224,-0.004519737118524603
13351040100,12.149996353619317,4.10842128674509,0.647585234511521,-0.006905218492532228,4.112993732127833,-0.004572445382743595
13352040100,12.150793896478675,4.1089682709409825,0.6475916942752474,0.006459763726510914,4.113603662030924,-0.004635391089941265
13353040100,12.151591435441084,4.109522812693403,0.6476284483151693,0.036754039921838455,4.114213658578416,-0.004690845885012784
13354040100,12.152388952230439,4.110112813101229,0.647670445266244,0.04199695107470092,4.114823715610994,-0.004710902509764914
13355040100,12.153186443682467,4.11079569587563,0.6477088047121576,0.03835944591363294,4.11543381915302,-0.004638123277389994
13356040100,12.153983911990494,4.1113968959098015,0.6477294982913616,0.020693579204015933,4.116043966785455,-0.004647070875653192
13357040100,12.154781367812655,4.111963432825114,0.6477036272621978,-0.025871029163926806,4.1166541601879025,-0.004690727362788749
13358040100,12.15557883924454,4.112559226089229,0.6477186384748923,0.015011212694579612,4.117264407518636,-0.004705181429407013
13359040100,12.156376301619222,4.11312808585708,0.6477510956319901,0.032457157097741884,4.117874730285296,-0.004746644428215596
13360040100,12.157173744409851,4.113798087370728,0.6477689913916543,0.017895759664240174,4.118485109617831,-0.0046870222471033784
13361040100,12.157971176402148,4.114404868447224,0.6478004652215179,0.03147382986356284,4.119095537462869,-0.004690669015644744
13362040100,12.158768589402463,4.115110158265123,0.6477812732873973,-0.019191934120597054,4.119706020549414,-0.00459586228429032
13363040100,12.159566013983696,4.115699032154388,0.647793726596626,0.012453309228746434,4.120316552608486,-0.004617520454098134
13364040100,12.160363431050309,4.116362309875273,0.6477567605058993,-0.03696609072680346,4.120927157054394,-0.004564847179121756
13365040100,12.161160870422771,4.1170277352368165,0.6477780820340212,0.021321528121960753,4.121537819273103,-0.004510084036286166
13366040100,12.161958296929662,4.117594859864486,0.6477621253017285,-0.015956732292590203,4.122148562110235,-0.004553702245749136
13367040100,12.162755733065,4.118273678167265,0.6477450256932695,-0.017099608458989835,4.122759358637165,-0.004485680469899833
13368040100,12.163553179518182,4.118861590228874,0.6477771906404453,0.03216494717559115,4.123370226090346,-0.004508635861472321
13369040100,12.164350606562953,4.119472480033336,0.6477534083114926,-0.023782328952719922,4.12398116500761,-0.004508684974274146
13370040100,12.165148047958121,4.119993407569988,0.6477751608888777,0.021752577385042215,4.124592152621354,-0.0045987450513651495
13371040100,12.165945476227675,4.120653260170045,0.6477854491386945,0.010288249816817086,4.125203214804269,-0.004549954634224029
13372040100,12.166742898289113,4.121310696502069,0.6478409360762947,0.05548693760014878,4.125814330509568,-0.004503634007499535
13373040100,12.167540286867288,4.121843712563031,0.6478268897695947,-0.014046306700029376,4.126425505043565,-0.0045817924805344745
13374040100,12.168337683921855,4.122419497604103,0.6478139884876646,-0.012901281930075115,4.127036717504147,-0.004617219900044489
13375040100,12.169135088761701,4.123047174984695,0.6478634726973566,0.04948420969197187,4.127648000058489,-0.0046008250737941125
13376040100,12.169932463739585,4.123633558529102,0.6478916784589004,0.028205761543844687,4.128259352186076,-0.004625793656973798
13377040100,12.17072982169542,4.124227505926629,0.6478939401868005,0.002261727900044974,4.128870745028337,-0.004643239101707941
13378040100,12.171527178286286,4.124815898740892,0.647916919208726,0.02297902192546175,4.129482188432107,-0.004666289691214409
13379040100,12.172324521008907,4.1253564996349725,0.6479361765768583,0.019257368132405972,4.130093694408959,-0.004737194773986708
13380040100,12.173121852109043,4.125914210166268,0.647958288749489,0.022112172630725624,4.130705253375458,-0.0047910432091899935
13381040100,12.173919169863355,4.1265298906568955,0.6480044652931793,0.046176543690345184,4.131316867058398,-0.00478697640150294
13382040100,12.174716459746515,4.12708711834218,0.6480422221827858,0.037756889606480826,4.131928534140215,-0.004841415798034987
13383040100,12.175513726839176,4.127626006990329,0.6480510127653472,0.008790582561328364,4.13254024348014,-0.004914236489810264
13384040100,12.176310988625575,4.128167655603924,0.6480891598429431,0.038147077596004664,4.133151998977528,-0.00498434337360365
13385040100,12.177108227384533,4.128777866323456,0.648136645251537,0.04748540859385031,4.133763814052305,-0.00498594772884875
13386040100,12.177905437477355,4.1292893491217315,0.6481829207990246,0.04627554748763174,4.134375675109286,-0.005086325987554652
13387040100,12.178702619632684,4.129836773923831,0.6481949415853212,0.012020786296565333,4.134987577822088,-0.005150803898256839
13388040100,12.17949979453054,4.130453049198989,0.6482565479999849,0.06160641466372674,4.135599522750569,-0.005146473551580044
13389040100,12.180296932232107,4.131045734352656,0.6483003335608294,0.04378556084449059,4.136211525772586,-0.005165791419929455
13390040100,12.181094043495294,4.13171648380246,0.6483097143874058,0.009380826576453671,4.136823563905711,-0.005107080103250894
13391040100,12.181891149094,4.132222050848492,0.648330946536241,0.02123214883515878,4.1374356454095516,-0.005213594561059409
13392040100,12.182688241871706,4.132817533256699,0.6483130508864734,-0.017895649767588395,4.138047786239385,-0.005230252982685535
13393040100,12.183485345455695,4.133360709396251,0.6483779892491559,0.06493836268254682,4.138659980904485,-0.005299271508234504
13394040100,12.184282409825455,4.133952673110596,0.648398030272898,0.020041023742090047,4.139272247558553,-0.005319574447956832
13395040100,12.185079462092393,4.134598385649149,0.648444398606481,0.04636833358292769,4.139884547784085,-0.0052861621349364896
13396040100,12.18587648635616,4.135225369455915,0.6484664306114211,0.022032004940056638,4.140496902409138,-0.005271532953223357
13397040100,12.186673497313562,4.135835176682031,0.6484615486881915,-0.004881923229525853,4.141109299220451,-0.0052741225384203005
13398040100,12.187470511219464,4.136564644765676,0.6484660230499939,0.004474361802415672,4.141721749512804,-0.0051571047471279385
13399040100,12.18826752242302,4.137212352968035,0.648479117728774,0.013094678780039004,4.142334265783127,-0.005121912815091889
13400040100,12.189064525717786,4.137738681452808,0.6484321810641476,-0.04693666462640245,4.142946843696077,-0.005208162243269143
13401040100,12.189861557360244,4.138363542977783,0.6484260849008991,-0.006096163248439979,4.143559479256126,-0.0051959362783433605
13402040100,12.19065859268439,4.13889906319696,0.6484808800341443,0.054795133245033156,4.144172200342522,-0.005273137145562323
13403040100,12.191455594914766,4.1395073442868435,0.6484864271295843,0.005547095440034511,4.144784988004412,-0.005277643717568559
13404040100,12.192252593794816,4.14007157285294,0.6485368327005554,0.050405570971166824,4.145397813971444,-0.005326241118503994
13405040100,12.193049562229856,4.140561796716994,0.6485508860784988,0.014053377943403333,4.146010701116783,-0.005448904399789178
13406040100,12.193846522176283,4.141190484285658,0.6485870936246476,0.03620754614883559,4.146623628608122,-0.005433144322464223
13407040100,12.194643460251665,4.1418413303476385,0.6486605691020726,0.07347547742500815,4.1472366133342735,-0.005395282986635053
13408040100,12.195440353941226,4.142364487537089,0.6486648099389136,0.004240836840976314,4.147849645005845,-0.005485157468756441
13409040100,12.196237245068808,4.143025122539742,0.6486579193730254,-0.0068905658881739384,4.148462706303155,-0.005437583763413301
13410040100,12.197034140359118,4.143631533652392,0.6487150678644874,0.0571484914619802,4.149075829403623,-0.005444295751231287
13411040100,12.197831001123728,4.14429896402518,0.6487034133271227,-0.011654537364734097,4.149689019488795,-0.005390055463615262
13412040100,12.198627868929522,4.144856655762402,0.6487189177850565,0.01550445793380284,4.1503022467926876,-0.005445591030285968
13413040100,12.199424727368145,4.145498754490279,0.6487038228161438,-0.015094968912721995,4.150915543307368,-0.005416788817089291
13414040100,12.200221594926544,4.146095066759069,0.6487437429799632,0.03992016381939223,4.151528896411532,-0.005433829652463196
13415040100,12.201018438366383,4.146714698318469,0.6487414304519491,-0.0023125280141709226,4.152142320342223,-0.005427622023754353
13416040100,12.201815283203414,4.14730969782234,0.6487620807900658,0.02065033811669359,4.15275578951837,-0.005446091696029498
13417040100,12.202612115563673,4.147878257033459,0.6487710817808389,0.009000990773071038,4.153369323588576,-0.005491066555117108
13418040100,12.203408942485495,4.14849342636401,0.6487924683155388,0.021386534699995963,4.153982911876604,-0.005489485512593539
13419040100,12.204205756485228,4.149082339670597,0.6488271921636796,0.03472384814076612,4.1545965598074766,-0.005514220136879189
13420040100,12.205002549503476,4.1497222390666355,0.6488386377307274,0.011445567047813299,4.155210261623134,-0.005488022556498606
13421040100,12.205799335605661,4.1503304649493336,0.6488632878291676,0.024650098440215373,4.155824011119616,-0.005493546170282748
13422040100,12.2065961068125,4.150912650046118,0.6488624164234956,-0.0008714056720187102,4.156437819135231,-0.005525169089112936
13423040100,12.207392878545912,4.151545762750953,0.6488774221983258,0.015005774830191498,4.1570516795278944,-0.005505916776941788
13424040100,12.208189641211538,4.152089278907671,0.6489055379052286,0.02811570690288434,4.1576656041848885,-0.005576325277217187
13425040100,12.208986386886743,4.152699015418746,0.6489081835641763,0.0026456589476708814,4.158279585720011,-0.00558057030126502
13426040100,12.209783130963134,4.153348447183815,0.6489557968670031,0.047613302826816195,4.158893618032414,-0.005545170848598957
13427040100,12.2105798462651,4.153986784988256,0.6489703339728939,0.014537105890886082,4.1595077129892175,-0.005520928000961156
13428040100,12.211376552781411,4.154647168408243,0.6489649841003725,-0.00534987252139274,4.160121849648446,-0.0054746812402033385
13429040100,12.212173262530996,4.155384541404321,0.6489651536570863,0.00016955671379115245,4.160736043421071,-0.005351502016750054
13430040100,12.212969972178106,4.155968558359966,0.6489542365834314,-0.010917073654912457,4.161350303579441,-0.00538174521947532
13431040100,12.213766688423036,4.156599944312003,0.6489046116889274,-0.04962489450395147,4.161964627559518,-0.0053646832475156
13432040100,12.214563434657967,4.157234521711638,0.6489317573395427,0.027145650615253203,4.162579020535956,-0.005344498824317867
13433040100,12.215360164488107,4.157842573100101,0.648935219004191,0.003461664648359175,4.163193500559634,-0.005350927459533139
13434040100,12.216156892226234,4.158437172477249,0.6489370882739084,0.0018692697173889883,4.163808031858256,-0.005370859381007342
13435040100,12.216953618834689,4.159078599024885,0.648952259146504,0.015170872595646756,4.164422625476725,-0.005344026451839845
13436040100,12.217750336274689,4.159648133193489,0.6489742271731636,0.021968026659584083,4.165037282164445,-0.0053891489709556595
13437040100,12.218547040438075,4.1602740445979105,0.6489727596094845,-0.0014675636790517643,4.165651995725883,-0.005377951127972125
13438040100,12.219343745488413,4.1608834060599875,0.6490073570309663,0.03459742148178435,4.166266762996102,-0.0053833569361145805
13439040100,12.220140429628687,4.161459314663096,0.6490137704006617,0.00641336969532702,4.166881594910205,-0.005422280247108446
13440040100,12.22093710989273,4.162100090192596,0.6490285020043749,0.014731603713229902,4.1674964746520775,-0.005396384459481318
13441040100,12.221733781252892,4.1626758947513895,0.6490600618937349,0.03155988935998977,4.1681114153728736,-0.005435520621484002
13442040100,12.222530433537457,4.163239187093464,0.6490591671397435,-0.000894753991387276,4.168726413197772,-0.005487226104308185
13443040100,12.223327086362847,4.163883664161592,0.649090864809689,0.03169766994549761,4.169341460278709,-0.005457796117116942
13444040100,12.224123720028587,4.164403017462798,0.6491289467254904,0.0380819158013157,4.169956571765562,-0.005553554302763608
13445040100,12.224920330674662,4.164936295974724,0.6491264097500612,-0.002536975429158872,4.170571732452418,-0.005635436477693823
13446040100,12.225716942854318,4.165411048451757,0.6491866508728649,0.06024112280371874,4.171186939360952,-0.005775890909195169
13447040100,12.226513518617327,4.165957133450091,0.6492401163579419,0.05346548507702842,4.171802211458031,-0.00584507800794043
13448040100,12.227310062057244,4.166573438290415,0.6493231584939773,0.08304213603539168,4.172417519435644,-0.005844081145228941
13449040100,12.228106555288692,4.167131633853419,0.6493706907555881,0.04753226161078672,4.173032866454999,-0.005901232601580375
13450040100,12.22890301977898,4.167852270373313,0.6493831307014326,0.01243994584456587,4.173648238696774,-0.005795968323461409
13451040100,12.229699476746951,4.16851138217768,0.6494247522505049,0.041621549072281994,4.174263652744605,-0.005752270566924622
13452040100,12.230495908545883,4.16913762652859,0.6493849637792157,-0.03978847128914609,4.174879124997011,-0.005741498468420758
13453040100,12.231292364405402,4.169817635564376,0.6493758794888737,-0.009084290342041612,4.175494641820794,-0.005677006256417982
13454040100,12.232088825758128,4.170487637871776,0.649383229755895,0.007350267021326573,4.176110241270065,-0.0056226033982884616
13455040100,12.232885282666203,4.171132712525387,0.6493636101740484,-0.01961958184656254,4.1767259090047,-0.005593196479313001
13456040100,12.233681751437993,4.171730263590906,0.649348919429932,-0.014690744116453658,4.177341637350295,-0.005611373759389693
13457040100,12.234478229092892,4.1723417506274725,0.649346664125574,-0.00225530435801069,4.177957438922968,-0.005615688295495858
13458040100,12.235274708111499,4.17286804818677,0.6493682437298153,0.021579604241338757,4.178573311428199,-0.005705263241428504
13459040100,12.236071174081465,4.173407134270411,0.6493828995857486,0.014655855933337847,4.179189249060366,-0.005782114789955273
13460040100,12.236867631189192,4.17404548789446,0.6494403620239304,0.057462438181881126,4.179805240680105,-0.005759752785644778
13461040100,12.237664053548354,4.1746020915004225,0.649491611004799,0.051248980868646044,4.180421289530045,-0.005819198029622719
13462040100,12.238460444914121,4.17514988939404,0.6494932102210154,0.0015992162164337742,4.1810373755896855,-0.005887486195645053
13463040100,12.23925683531271,4.175669264944973,0.649535822016033,0.04261179501760104,4.181653501763453,-0.005984236818480149
13464040100,12.240053199939693,4.176311146020426,0.6495829933808466,0.04717136481355766,4.182269691284684,-0.005958545264258319
13465040100,12.240849536035755,4.176912186636492,0.6496446012186757,0.06160783782905277,4.182885924965765,-0.0059737383292732815
13466040100,12.241645834866535,4.177421572851065,0.64964492707938,0.0003258607043186146,4.18350220067245,-0.006080627821384965
13467040100,12.2424421335002,4.177979430093513,0.6496657246527616,0.02079757338156263,4.18411851164486,-0.006139081551346237
13468040100,12.243238419553164,4.1786566947735775,0.6497325809092673,0.06685625650571225,4.184734886575594,-0.006078191802016519
13469040100,12.244034665161644,4.179202550443053,0.6497753506663746,0.042769757107226525,4.185351315885093,-0.006148765442040016
13470040100,12.244830884894826,4.179720806220527,0.6497583222233151,-0.017028443059526666,4.185967778004246,-0.006246971783718358
13471040100,12.24562711493023,4.180321504963702,0.6498071559032761,0.048833679960964105,4.186584284212163,-0.006262779248460859
13472040100,12.246423315420602,4.180921219699168,0.6498700080744809,0.06285217120476183,4.187200862526408,-0.0062796428272404725
13473040100,12.247219477881771,4.181441551265979,0.6498917065751416,0.021698500660672693,4.187817482095564,-0.006375930829585208
13474040100,12.248015627213361,4.181992314183362,0.6499139515167797,0.02224494163789892,4.188434136348375,-0.0064418221650131
13475040100,12.248811763084335,4.182591617577302,0.6499760980299444,0.062146513164689665,4.189050844571749,-0.0064592269944476755
13476040100,12.249607861347805,4.183198497460365,0.6500231877437166,0.047089713772285435,4.189667606513554,-0.00646910905318876
13477040100,12.250403931113233,4.183761304225928,0.6500460689955216,0.02288125180508871,4.190284403468668,-0.006523099242740749
13478040100,12.251199987030608,4.184333299842487,0.6500651993435635,0.019130348041940692,4.190901242494389,-0.006567942651901859
13479040100,12.251996031369709,4.184967933949448,0.6501064953501797,0.0412960066161947,4.191518134944733,-0.006550200995285138
13480040100,12.252792050714206,4.185519043202015,0.6501433134372763,0.03681808709652046,4.192135082583071,-0.006616039381056815
13481040100,12.253588047773235,4.1860210114988625,0.6501488045002325,0.005491062956195947,4.192752075014615,-0.006731063515752922
13482040100,12.25438404150851,4.186615598432816,0.6501962121533463,0.04740765311383477,4.193369114341003,-0.006753515908187069
13483040100,12.255180006546809,4.187262971377625,0.6502684438738005,0.0722317204541163,4.193986215265356,-0.006723243887731378
13484040100,12.255975927858092,4.187824057773773,0.6502944421026655,0.02599822886507397,4.1946033581205135,-0.006779300346740236
13485040100,12.256771833429777,4.188462195360849,0.6502940078313253,-0.00043427134020923575,4.195220531251852,-0.006758335891003497
13486040100,12.25756773926438,4.189085218163834,0.6503368441458767,0.042836314551367494,4.195837756361698,-0.0067525381978637
13487040100,12.258363619164271,4.189769325511372,0.6503411390292634,0.0042948833867448855,4.196455045865655,-0.006685720354282942
13488040100,12.259159496463798,4.190371248133451,0.6503530120351528,0.011873005889430743,4.1970723794497555,-0.006701131316304121
13489040100,12.259955366574664,4.191032650559472,0.6503342312613112,-0.018780773841621468,4.197689775217629,-0.006657124658157265
13490040100,12.260751248056536,4.191598916771751,0.6503566048883765,0.022373627065343626,4.198307229616281,-0.00670831284453044
13491040100,12.261547115992041,4.19228799232437,0.650349180032806,-0.007424855570581812,4.198924757052762,-0.006636764728392031
13492040100,12.262342988423054,4.192967799831731,0.6503894623254687,0.04028229266272376,4.199542338200857,-0.006574538369125804
13493040100,12.263138836463929,4.1935513568766485,0.6503682238149598,-0.021238510508874597,4.200159987067211,-0.006608630190562792
13494040100,12.263934697364466,4.194198027862323,0.6503515288689276,-0.01669494603243038,4.20077768123981,-0.006579653377486672
13495040100,12.26473056837334,4.194787704391632,0.6503830500814944,0.03152121256686158,4.201395449636067,-0.0066077452444348594
13496040100,12.265526420296789,4.195350483275278,0.650382993630333,-5.645116140762241e-05,4.202013290130651,-0.006662806855373127
13497040100,12.266322272254419,4.19605090245988,0.6504115267844488,0.028533154115786274,4.20263118006668,-0.006580277606800244
13498040100,12.267118106935149,4.196691225654544,0.6504536437042231,0.04211691977429588,4.203249134293623,-0.006557908639078569
13499040100,12.267913916112791,4.197327103554861,0.6504268076890611,-0.026836015161991966,4.203867139375415,-0.006540035820553847
13500040100,12.268709741540627,4.197917139324514,0.6504300004600666,0.0031927710055139613,4.204485188926379,-0.006568049601864523
13501040100,12.269505565035153,4.1985359643085305,0.650435402456133,0.005401996066401793,4.205103315379802,-0.006567351071271155
13502040100,12.270301385258604,4.199209030102002,0.6504638201501286,0.02841769399566907,4.205721504621637,-0.006512474519634992
13503040100,12.271097188273883,4.199817241284598,0.6504778733596644,0.01405320953587541,4.206339755619638,-0.0065225143350398085
13504040100,12.271892982779084,4.200347070058378,0.6504647274129639,-0.01314594670049729,4.206958057551521,-0.006610987493143483
13505040100,12.272688785244965,4.200918703896331,0.6504840544201416,0.019327007177698974,4.207576417179741,-0.006657713283409805
13506040100,12.273484576007105,4.201640704806773,0.6505427785416045,0.058724121462862655,4.208194847310125,-0.006554142503351734
13507040100,12.274280331206208,4.202319286991603,0.6505807289746472,0.03795043304280199,4.20881333266826,-0.006494045676657123
13508040100,12.275076063421258,4.202957563036856,0.6505433164542168,-0.03741252043043097,4.209431854712623,-0.006474291675766963
13509040100,12.275871818294592,4.203579304356669,0.6505275115194252,-0.015804934791571412,4.210050423221027,-0.0064711188643578055
13510040100,12.276667582739593,4.204183691364561,0.6505318434713693,0.004331951944013923,4.2106690736814105,-0.006485382316849808
13511040100,12.277463344561129,4.204799743731114,0.6505444775803039,0.01263410893461625,4.211287795931208,-0.006488052200093186
13512040100,12.278259098731263,4.205378670244541,0.6505658534103899,0.02137583008605759,4.2119065804968745,-0.0065279102523332355
13513040100,12.27905483995559,4.2059203738458235,0.650581433183478,0.015579773088107984,4.212525423475009,-0.006605049629185622
13514040100,12.279850571744136,4.206512739583055,0.6506156849222929,0.03425173881483623,4.213144320753319,-0.006631581170263523
13515040100,12.280646282787679,4.207054160881463,0.6506687296546216,0.05304473232869533,4.213763275066626,-0.0067091141851625125
13516040100,12.281441961702157,4.207629456503222,0.6506965250136263,0.027795359004676,4.214382277622038,-0.0067528211188161436
13517040100,12.282237623780162,4.208177466056418,0.6507499718756097,0.05344686198335502,4.215001319564784,-0.006823853508366007
13518040100,12.283033253482088,4.208744904204709,0.6507865887622267,0.0366168866170824,4.215620412794204,-0.0068755085894949275
13519040100,12.283828861001583,4.20939400228828,0.6508370164938135,0.050427731586845326,4.216239545220752,-0.006845542932471638
13520040100,12.28462443797032,4.20991253433954,0.6508778529149747,0.04083642116109587,4.21685872477774,-0.006946190438200439
13521040100,12.285419990197546,4.210512930579267,0.650877823096662,-2.981831272741431e-05,4.217477944953716,-0.0069650143744492965
13522040100,12.286215542442838,4.211180451019077,0.6509432979802484,0.0654748835863952,4.218097210271047,-0.006916759251970106
13523040100,12.287011055016174,4.211787986919961,0.6509679010784342,0.024603098185760786,4.218716540007399,-0.006928553087438338
13524040100,12.287806552681342,4.2123929638434365,0.6509588779046819,-0.009023173752336078,4.2193359032672415,-0.006942939423804972
13525040100,12.28860205581413,4.213073642903805,0.6509798874168555,0.021009512173558065,4.219955319331904,-0.006881676428098338
13526040100,12.289397546216039,4.213724244831834,0.6510022316984259,0.02234428157028745,4.220574804073479,-0.006850559241645016
13527040100,12.290193023077869,4.214346279516825,0.6509866368613684,-0.015594837057447464,4.221194343326895,-0.00684806381006986
13528040100,12.290988509389825,4.2150405059345,0.650986045721052,-0.0005911403163523232,4.221813936466331,-0.006773430531831437
13529040100,12.291783996059994,4.215593151306512,0.6509997602621741,0.013714541121924384,4.222433601405847,-0.0068404500993342054
13530040100,12.292579474419473,4.216271478825294,0.6509772657140368,-0.022494548137132142,4.223053331071839,-0.006781852246544595
13531040100,12.293374966410042,4.216896581554046,0.6510257282205572,0.048462506520348114,4.223673118717365,-0.006776537163318608
13532040100,12.294170429033137,4.217502038250456,0.6510112615637135,-0.014466656843632464,4.224292981446348,-0.006790943195892574
13533040100,12.294965900422982,4.218101413933933,0.6510234343636139,0.012172799900447728,4.224912885759167,-0.006811471825233895
13534040100,12.295761364436158,4.218775375923787,0.6510454798668358,0.022045503221926666,4.225532861378927,-0.006757485455139545
13535040100,12.296556815089549,4.219410486084849,0.6510706427298668,0.025162863031045646,4.226152895731522,-0.006742409646673053
13536040100,12.29735225049353,4.220008214887433,0.6510584339508528,-0.012208779013963778,4.226772984158417,-0.006764769270984239
13537040100,12.29814769329644,4.220625234727372,0.6510656480799171,0.007214129064188057,4.227393125190696,-0.0067678904633243775
13538040100,12.298943131727363,4.221302019658163,0.6510916240153708,0.02597593545369925,4.228013336492214,-0.006711316834051573
13539040100,12.299738554415704,4.221904567611386,0.6511079959496902,0.016371934319412418,4.228633608893098,-0.006729041281712256
13540040100,12.300533967181646,4.222535226451317,0.6510944028632064,-0.013593086483748351,4.229253933531874,-0.006718707080556996
13541040100,12.30132938818585,4.22307882833059,0.6511179899378239,0.023587074617434922,4.229874314952003,-0.006795486621412827
13542040100,12.302124794894715,4.223668797728432,0.6511275294049241,0.009539467100218246,4.230494767325288,-0.006825969596856218
13543040100,12.302920195821901,4.224283596639952,0.6511807865299195,0.053257124995431226,4.231115273081718,-0.006831676441765744
13544040100,12.303715564469687,4.2249435553584815,0.6512109476599203,0.030161130000776026,4.231735838868072,-0.006792283509590824
13545040100,12.304510914835667,4.225460312519949,0.6512287355817935,0.017787921873074097,4.232356444014014,-0.006896131494065649
13546040100,12.305306254419373,4.226056575195518,0.6512238845728109,-0.004851008982599936,4.232977099442968,-0.006920524247449933
13547040100,12.306101596943577,4.226715646401896,0.6512908672804001,0.06698270758921687,4.233597811011306,-0.006882164609409713
13548040100,12.30689689886374,4.227319323769345,0.6513181741984163,0.027306918016066106,4.23421858943545,-0.006899265666104881
13549040100,12.307692184229785,4.227997589601358,0.6513140336933664,-0.004140505049889498,4.234839400731179,-0.006841811129820741
13550040100,12.308487472105941,4.228634623638725,0.6513376408114299,0.023607118063534216,4.235460263672488,-0.006825640033762959
13551040100,12.309282745670487,4.229365088555882,0.6513238647142202,-0.013776097209682092,4.236081193148351,-0.006716104592468852
13552040100,12.310078027586727,4.230041746349289,0.6513307055724875,0.006840858267294081,4.236702176031221,-0.006660429681931923
13553040100,12.310873305355747,4.230665893022549,0.6512906387302946,-0.0400668421929673,4.237323230024462,-0.006657337001912289
13554040100,12.311668607414461,4.231243802178481,0.6512773997975619,-0.01323893273265675,4.237944345375528,-0.0067005431970468265
13555040100,12.312463917498723,4.231856340160951,0.6512904410411708,0.01304124360888359,4.238565544303867,-0.006709204142916647
13556040100,12.31325921967728,4.2324671065937665,0.6513267294116254,0.03628837045459221,4.239186814117362,-0.0067197075235956305
13557040100,12.314054499856823,4.233054127471188,0.6513457562750508,0.019026863425494867,4.239808142378708,-0.00675401490751959
13558040100,12.314849768501338,4.233612477132481,0.6513657192608856,0.019962985834876434,4.24042951808153,-0.0068170409490493356
13559040100,12.31564502504299,4.234231158540203,0.6513976474548065,0.03192819392092616,4.241050949405206,-0.006819790865003839
13560040100,12.316440262227033,4.23481839484337,0.6514440652305437,0.04641777573717398,4.241672435910788,-0.0068540410674176044
13561040100,12.317235471267193,4.2353554805852625,0.6514603503342147,0.016285103671055623,4.242293971932561,-0.006938491347298736
13562040100,12.318030670433012,4.235852210196067,0.651492451347696,0.03210101348128269,4.242915550605268,-0.007063340409200869
13563040100,12.318825850134028,4.236401747531101,0.6515498179531433,0.05736660544730299,4.243537186212395,-0.007135438681293849
13564040100,12.319620995048124,4.236931310785834,0.6516276409033369,0.07782295019364405,4.244158871260803,-0.007227560474968975
13565040100,12.320416092766463,4.237551841930392,0.6516792290074834,0.05158810414653914,4.244780593772441,-0.007228751842049519
13566040100,12.321211159196519,4.238093369819801,0.6517410072019095,0.0617781944261484,4.245402344042512,-0.007308974222711484
13567040100,12.322006188155202,4.238611380451401,0.65175731776889,0.016310566980511254,4.246024134508421,-0.00741275405701991
13568040100,12.322801207220255,4.2392341377105724,0.6518133105865173,0.05599281762710717,4.246645960333879,-0.007411822623306641
13569040100,12.32359619231969,4.239759561208722,0.6518812873432114,0.06797675669414716,4.247267843090487,-0.007508281881764667
13570040100,12.324391136180619,4.2404277737631535,0.6518969175026894,0.015630159477980854,4.247889763950875,-0.007461990187721312
13571040100,12.3251860705589,4.240976511890402,0.6519614265892926,0.06450908660316124,4.248511717223906,-0.007535205333503825
13572040100,12.325980965798157,4.241550830582847,0.651954464835514,-0.00696175377855468,4.249133727756405,-0.007582897173557868
13573040100,12.326775865261418,4.242142961525857,0.6520074154698714,0.05295063435740133,4.24975577234494,-0.007612810819083826
13574040100,12.327570732596234,4.242774378461741,0.6520476883014407,0.040272831569314604,4.250377884926616,-0.007603506464874954
13575040100,12.328365575493526,4.243356820964031,0.6520791489675751,0.03146066613450138,4.251000037055155,-0.007643216091123506
13576040100,12.329160399299612,4.243870679049876,0.6520909678810893,0.011818913514172635,4.251622234751093,-0.007751555701216439
13577040100,12.329955215933449,4.24449712689075,0.6521273763054871,0.036408424397770034,4.252244482201844,-0.007747355311093607
13578040100,12.33075001047232,4.245046009092111,0.6521983185942444,0.07094228875720354,4.252866788742926,-0.007820779650814735
13579040100,12.331544761955833,4.245678435028723,0.6522129872680528,0.014668673808360566,4.253489142694599,-0.007810707665876215
13580040100,12.33233950453633,4.2462857276652946,0.6522666094104138,0.05362214236104457,4.254111527643806,-0.007825799978511405
13581040100,12.333134214569904,4.246912540854364,0.6522784551019414,0.011845691527620161,4.254733970337224,-0.007821429482859799
13582040100,12.333928917413216,4.247445066716023,0.6523029266157084,0.02447151376704859,4.255356452259543,-0.007911385543519778
13583040100,12.334723605402113,4.248135002385924,0.6523176488051435,0.014722189435062205,4.255978993275001,-0.007843990889076835
13584040100,12.335518284454288,4.24867564768681,0.6523797242351611,0.06207543001758076,4.256601587384765,-0.007925939697954298
13585040100,12.336312925823295,4.249201563476026,0.6523629866250903,-0.01673761007086938,4.257224239229794,-0.008022675753768027
13586040100,12.337107577353244,4.249817034235275,0.6524210870802477,0.05810045515742779,4.2578469262884795,-0.008029892053204257
13587040100,12.33790219361105,4.250338974533335,0.6524867634406075,0.06567636035976676,4.258469686056149,-0.008130711522813527
13588040100,12.338696769994236,4.250860826840634,0.6525077132484592,0.02094980785172318,4.259092482932008,-0.00823165609137444
13589040100,12.339491333657273,4.251465475842964,0.6525756485541564,0.06793530569713013,4.2597153133072645,-0.008249837464300747
13590040100,12.34028585606946,4.252102131749597,0.6526438465610687,0.06819800691223499,4.26033819846827,-0.008236066718673385
13591040100,12.341080337067595,4.252729566805925,0.652670710085657,0.026863524588401688,4.260961116049938,-0.00823154924401237
13592040100,12.34187480175152,4.2533737834962775,0.6526815588917749,0.010848806117856213,4.261584065921895,-0.008210282425617166
13593040100,12.342669259846804,4.253957070101302,0.6526970252978211,0.015466406046208192,4.262207067765477,-0.008249997664174558
13594040100,12.343463708548953,4.254516597249997,0.6527040844429746,0.007059145153409219,4.262830129212155,-0.008313531962158116
13595040100,12.344258152963842,4.255129938633529,0.6527417179820229,0.03763353904829714,4.2634532480682115,-0.00832330943468218
13596040100,12.345052574521933,4.255685541849726,0.6527913871373403,0.049669155317500824,4.264076428344421,-0.008390886494694882
13597040100,12.34584696591165,4.2563745653169525,0.6528141995631004,0.022812425760074362,4.264699655478788,-0.008325090161835469
13598040100,12.34664134344475,4.257086914927208,0.652866039749444,0.051840186343596883,4.265322923736562,-0.008236008809354267
13599040100,12.347435689487792,4.257646325832202,0.652851058861557,-0.014980887887036332,4.265946245918034,-0.00829992008583158
13600040100,12.348230044631118,4.258234436563214,0.6528242638091468,-0.026795052410195197,4.266569608188965,-0.008335171625750704
13601040100,12.34902441605091,4.2588806349956965,0.6528740860568284,0.04982224768161281,4.26719304240755,-0.008312407411853684
13602040100,12.349818757206071,4.259590506203376,0.6529096650123041,0.035578955475706664,4.267816554216688,-0.00822604801331206
13603040100,12.350613076747514,4.26021827032772,0.6529161935390738,0.006528526769798759,4.268440107091697,-0.00822183676397703
13604040100,12.351407392322859,4.260825608722532,0.652890733574515,-0.02545996455881827,4.269063707824849,-0.008238099102316987
13605040100,12.352201723365011,4.261352342792612,0.6529063427539129,0.015609179397911177,4.269687370275433,-0.008335027482821111
13606040100,12.352996044924723,4.261945029960502,0.6529322283049052,0.025885550992251538,4.270311109710452,-0.008366079749949407
13607040100,12.353790350758759,4.262540005836621,0.6529986485212104,0.06642021630515593,4.270934906547238,-0.008394900710616326
13608040100,12.35458461623956,4.26317382500573,0.6530321831088314,0.03353458762106598,4.271558755887481,-0.008384930881751629
13609040100,12.355378861345276,4.263720025898057,0.6530646573409954,0.032474232163970385,4.272182638389495,-0.00846261249143776
13610040100,12.356173086719311,4.264351489646248,0.6530777066342157,0.013049293220291247,4.272806569746072,-0.00845508009982332
13611040100,12.356967304164224,4.264962723429722,0.6531347449540363,0.05703831982062546,4.273430550465452,-0.008467827035730124
13612040100,12.357761486949443,4.265567288646289,0.6531491615612693,0.014416607232998757,4.274054589824612,-0.008487301178322859
13613040100,12.35855566097391,4.266254549133801,0.6531737480819022,0.024586520632809084,4.27467866682308,-0.00842411768927942
13614040100,12.359349820057144,4.266860283197616,0.6532017267292064,0.027978647304228943,4.275302801814918,-0.008442518617302497
13615040100,12.360143962137167,4.267428143754234,0.653188260486732,-0.013466242474430956,4.275926989947756,-0.008498846193521814
13616040100,12.360938112400985,4.267987803502624,0.6532156209347434,0.0273604480113967,4.276551229604742,-0.008563426102117688
13617040100,12.361732246036976,4.268578536247271,0.6532620566566283,0.04643572188492584,4.277175540590909,-0.008597004343637416
13618040100,12.362526351451116,4.2692007672771615,0.6533127577496932,0.05070109306489812,4.277799903407615,-0.008599136130453822
13619040100,12.363320426049125,4.269939645495765,0.6533480155200437,0.03525777035048172,4.278424308941652,-0.00848466344588683
13620040100,12.36411447921625,4.2705377464423755,0.653367549855446,0.01953433540224303,4.279048755153635,-0.008511008711259649
13621040100,12.36490852050931,4.271115492657521,0.6533285520714514,-0.0389977839945832,4.279673249425281,-0.00855775676776016
13622040100,12.36570258550711,4.271729288287979,0.6533600197399351,0.031467668483678324,4.28029779927634,-0.00856851098836131
13623040100,12.366496631377434,4.272214162812114,0.6534017861711295,0.04176643119443035,4.280922432700359,-0.008708269888245468
13624040100,12.367290651859012,4.272808577600569,0.653425591356735,0.023805185605390022,4.281547116012639,-0.008738538412070618
13625040100,12.368084657869407,4.273419146860334,0.6535141616572084,0.08857030047344594,4.28217184428966,-0.008752697429326162
13626040100,12.368878610033924,4.273988044629711,0.6535480449348698,0.03388327766139021,4.282796626124117,-0.008808581494406553
13627040100,12.369672541597623,4.274651458099434,0.6535739061807431,0.025861245873247896,4.283421430532496,-0.008769972433061213
13628040100,12.370466457437235,4.275360422914455,0.6536207262720495,0.04682009130646492,4.284046283675757,-0.008685860761302067
13629040100,12.371260344808066,4.276011238125756,0.6536202357599709,-0.0004905120786276029,4.284671189395359,-0.008659951269603283
13630040100,12.37205423247716,4.276665990342452,0.6535968277452239,-0.023408014747012373,4.285296137662046,-0.008630147319593995
13631040100,12.372848134379616,4.2772384264372265,0.6536024640719891,0.005636326765227295,4.28592115112553,-0.008682724688303445
13632040100,12.373642032854915,4.27783310660625,0.6536061050169493,0.003640944960158876,4.286546240766199,-0.00871313415994912
13633040100,12.374435929116332,4.278465677484881,0.6536510474185545,0.04494240160539498,4.287171392687881,-0.008705715202999897
13634040100,12.375229798049574,4.279122363097741,0.6536849598670468,0.033912448492273484,4.2877966078530285,-0.00867424475528722
13635040100,12.376023646360576,4.279692437342972,0.6536999438710412,0.01498400399447064,4.288421866487571,-0.008729429144598733
13636040100,12.37681748555948,4.280250137004028,0.6537028293886622,0.0028855176209177102,4.289047173875041,-0.00879703687101241
13637040100,12.377611323003617,4.280858235151071,0.6537491554328456,0.04632604418340769,4.289672539085981,-0.00881430393490934
13638040100,12.378405132274644,4.281434433532405,0.6538018330119517,0.05267757910597126,4.290297967922731,-0.0088635343903265
13639040100,12.379198909507815,4.2821195848889575,0.6538293778223487,0.027544810396983976,4.290923439575554,-0.008803854686596502
13640040100,12.379992669987695,4.282753270148618,0.6538729924701798,0.04361464783111124,4.2915489509996405,-0.00879568085102278
13641040100,12.380786403939062,4.283363807325852,0.653862031236168,-0.010961234011825027,4.292174514241287,-0.008810706915435063
13642040100,12.381580144557718,4.283905233597381,0.6538768127153465,0.014781479178488155,4.292800121599086,-0.008894888001704793
13643040100,12.382373876185358,4.2844396317936395,0.6539032204341754,0.026407718828863835,4.2934257992427245,-0.00898616744908498
13644040100,12.383167591749748,4.284972996517769,0.6539643872515206,0.06116681734523688,4.294051534836797,-0.009078538319027274
13645040100,12.383961270105546,4.285625927480346,0.6540292797565139,0.0648925049933009,4.294677322810628,-0.009051395330281764
13646040100,12.38475490898312,4.286176425674796,0.6540949000339504,0.06562027743646226,4.295303146493854,-0.009126720819057965
13647040100,12.385548507936322,4.286758698319326,0.654100700832302,0.0058007983515366845,4.295929004095196,-0.009170305775870524
13648040100,12.386342103360066,4.28736856385804,0.654157885692589,0.057184860287058825,4.296554895260838,-0.009186331402798231
13649040100,12.387135663988625,4.287997810342519,0.6541992873470283,0.04140165443919663,4.297180848696954,-0.009183038354434458
13650040100,12.38792919942396,4.288650822890053,0.6542269558654065,0.02766851837829165,4.297806839745567,-0.00915601685551426
13651040100,12.388722718022033,4.289266495559874,0.6542449462062797,0.017990340873211608,4.298432875981479,-0.00916638042160578
13652040100,12.389516225672027,4.289970679767693,0.6542510221566521,0.006075950372371963,4.2990589639994905,-0.009088284231797417
13653040100,12.390309729624425,4.290534150738627,0.6542758147676264,0.024792610974298412,4.299685108450545,-0.009150957711917762
13654040100,12.391103218488661,4.291124771595199,0.6542562237466095,-0.019591021016914567,4.300311315061872,-0.009186543466673136
13655040100,12.391896719275543,4.291794176323529,0.6543071458954529,0.05092214884335,4.300937574849893,-0.00914339852636381
13656040100,12.392690189071743,4.29228319011449,0.6543445909676866,0.03744507223371052,4.301563909140247,-0.009280719025757556
13657040100,12.393483636077955,4.292864008928025,0.654342595214332,-0.0019957533546310913,4.302190284065583,-0.009326275137557793
13658040100,12.394277084298858,4.293397643162846,0.6544310899694219,0.08849475508985982,4.302816706100806,-0.009419062937960021
13659040100,12.395070478655407,4.293998707533049,0.6544737969746114,0.04270700518945425,4.303443194202615,-0.009444486669565322
13660040100,12.395863847015137,4.294618892241784,0.6545403150101846,0.06651803557319624,4.304069704883204,-0.009450812641420114
13661040100,12.3966571748808,4.29525480660156,0.6545731801600784,0.03286514989371625,4.304696260146379,-0.00944145354481929
13662040100,12.39745048273791,4.295828755850215,0.6545965201731073,0.023340013028953166,4.3053228485426835,-0.009494092692468925
13663040100,12.398243776384918,4.2964351328945485,0.6546119932752542,0.015473102146843942,4.305949486252391,-0.009514353357842786
13664040100,12.3990370606112,4.296926948487946,0.654658578966585,0.04658569133074053,4.306576177859318,-0.009649229371372137
13665040100,12.399830316472853,4.297540359073957,0.654689018337811,0.030439371226036016,4.307202927151897,-0.00966256807793986
13666040100,12.400623553799958,4.298136970009774,0.6547770371447295,0.08801880691848218,4.307829719166289,-0.009692749156514857
13667040100,12.401416737528232,4.298773215871844,0.6548043065791048,0.02726943437534679,4.308456561671772,-0.009683345799928134
13668040100,12.402209904649604,4.299378869181945,0.6548400615472615,0.03575496815670398,4.309083426958301,-0.009704557776355927
13669040100,12.403003049995549,4.300026787400038,0.6548559916816642,0.015930134402744045,4.309710344260331,-0.009683556860292875
13670040100,12.403796185639425,4.300632095883116,0.6548872866277855,0.0312949461212888,4.310337309495749,-0.009705213612632768
13671040100,12.404589302222881,4.30125437307272,0.6548974311806389,0.010144552853413202,4.3109643322122295,-0.009709959139509117
13672040100,12.405382412627555,4.301813736266618,0.6549289527699989,0.031521589359906343,4.311591405015687,-0.009777668749069157
13673040100,12.406175503832731,4.302494075527466,0.6549520246408111,0.023071870812279016,4.312218538095614,-0.00972446256814763
13674040100,12.406968580984554,4.303113713148608,0.6550067191874842,0.05469454667303175,4.312845721160874,-0.009732008012266036
13675040100,12.407761624819582,4.303703186304073,0.6550008443809568,-0.005874806527344845,4.3134729582848035,-0.009769771980730368
13676040100,12.40855467223332,4.304313830788262,0.6550253626226228,0.02451824166591976,4.314100234234106,-0.009786403445843916
13677040100,12.40934770471129,4.304924858939696,0.6550650581154015,0.03969549277880091,4.314727578196271,-0.009802719256574832
13678040100,12.410140713006962,4.305512421446158,0.6550942353492057,0.029177233804240643,4.315354975531751,-0.009842554085592425
13679040100,12.410933703527208,4.306140369692432,0.6551232801744128,0.029044825206895553,4.315982418928273,-0.009842049235841088
13680040100,12.411726676352025,4.306820695077702,0.6551641606144073,0.04088043999451685,4.316609913457729,-0.009789218380026554
13681040100,12.412519624269486,4.307429574375401,0.6551848728435286,0.02071222912120163,4.31723745918687,-0.009807884811468881
13682040100,12.413312559567034,4.308054780607709,0.6551793165436828,-0.005556299845796531,4.3178650504108695,-0.009810269803160132
13683040100,12.414105498250056,4.308655688751386,0.6552095434589037,0.03022691522092913,4.3184926968580175,-0.009837008106631906
13684040100,12.414898418515413,4.309243521446479,0.6552316393988243,0.022095939920601992,4.3191204112040396,-0.009876889757560292
13685040100,12.41569132531696,4.309769374422895,0.6552659719449025,0.034332546078234216,4.31974817619489,-0.009978801771995727
13686040100,12.416484211197744,4.310346269482361,0.6553069474022779,0.04097545737540287,4.320375995756493,-0.01002972627413179
13687040100,12.417277072108643,4.310992632404481,0.6553791439375386,0.07219653526064995,4.321003863988066,-0.010011231583584745
13688040100,12.418069889020716,4.311620689388916,0.6554259457126036,0.04680177506502403,4.321631777685377,-0.010011088296461246
13689040100,12.418862677408116,4.312151053614938,0.6554379993907609,0.012053678157190717,4.322259721777598,-0.010108668162660095
13690040100,12.419655458448778,4.312725161039338,0.6554592210094313,0.021221618670464792,4.322887708519795,-0.01016254748045764
13691040100,12.420448226554546,4.313331813804903,0.6555295055773285,0.07028456789713644,4.323515754690931,-0.010183940886027365
13692040100,12.42124095181827,4.313911408971739,0.6555780561379996,0.04855056067106567,4.3241438558693694,-0.010232446897630254
13693040100,12.422033647485653,4.314472709242488,0.6556104044285652,0.032348290565595406,4.324771988360974,-0.010299279118485494
13694040100,12.422826323432536,4.315124477573603,0.6556563942497279,0.04598982116261041,4.325400162660156,-0.010275685086552855
13695040100,12.423618971341199,4.315693585146998,0.6557116861707798,0.05529192105187697,4.326028386594812,-0.01033480144781418
13696040100,12.424411585538289,4.31633339040358,0.6557217217905931,0.010035619813297814,4.326656653574801,-0.010323263171221342
13697040100,12.425204193616386,4.3169094064103195,0.6557732276307456,0.051505840152584526,4.327284959103546,-0.010375552693226098
13698040100,12.425996770288702,4.317520712184083,0.6557893809042268,0.016153273481162245,4.327913325056622,-0.010392612872538898
13699040100,12.426789337111096,4.318092596882514,0.6558375637146878,0.04818281046108552,4.3285417313903185,-0.01044913450780438
13700040100,12.427581874551413,4.318711411660296,0.6558681560330666,0.03059231837873888,4.329170195198278,-0.010458783537982796
13701040100,12.428374393335451,4.319361957848882,0.6559186007844626,0.05044475139605531,4.329798700995536,-0.010436743146653882
13702040100,12.429166881354876,4.320017225584857,0.655945620872871,0.02702008840837422,4.330427257289889,-0.01041003170503263
13703040100,12.429959352894796,4.320581453507355,0.6559567565246367,0.01113565176569864,4.331055854479821,-0.010474400972466213
13704040100,12.430751817642935,4.321191460891883,0.6559654985094052,0.008741984768542821,4.33168450389822,-0.010493043006337466
13705040100,12.431544277059153,4.321858466929546,0.6560199153581372,0.05441684873196451,4.332313213235119,-0.010454746305573082
13706040100,12.432336703284019,4.322391878503518,0.6560515098390095,0.03159448087229144,4.332941983655074,-0.010550105151556188
13707040100,12.433129110236875,4.322910756033114,0.6560545590636059,0.0030492245963920084,4.333570793056349,-0.010660037023235702
13708040100,12.433921515329722,4.3235507411339595,0.6561246158063637,0.070056742757858,4.33419965248566,-0.01064891135170054
13709040100,12.434713877686347,4.324180704039923,0.656202184549126,0.07756874276237369,4.334828575766538,-0.010647871726614966
13710040100,12.43550619271972,4.3248269656846805,0.6562192093084074,0.01702475928137126,4.335457530458331,-0.010630564773650875
13711040100,12.436298497365964,4.325487772219653,0.6562412588541587,0.022049545751407607,4.336086512916719,-0.010598740697065345
13712040100,12.437090788559022,4.326050911845522,0.6562551383554379,0.01387950127920945,4.336715552464321,-0.010664640618799126
13713040100,12.43788307128352,4.326633534213617,0.656261710422242,0.006572066804137577,4.337344646671806,-0.01071111245818912
13714040100,12.438675349998029,4.327264725021076,0.6563172751827024,0.05556476046043457,4.337973799502224,-0.010709074481148662
13715040100,12.439467594807954,4.327802758061138,0.6563632209444417,0.04594576173924381,4.3386030145024606,-0.010800256441322986
13716040100,12.440259811580786,4.3284557546475115,0.6563849096197931,0.021688675351409614,4.3392322679339,-0.0107765132863884
13717040100,12.441052015118139,4.329003020113831,0.6564533788352274,0.06846921543424145,4.339861564457101,-0.010858544343269827
13718040100,12.44184417686982,4.329593331710085,0.6564643404232599,0.010961588032520453,4.340490915832486,-0.01089758412240105
13719040100,12.442636331931473,4.330184972383972,0.6565283591692304,0.06401874597053236,4.341120299379954,-0.010935326995982209
13720040100,12.443428447919588,4.330718981139526,0.6565709490801767,0.042589910946292164,4.341749742985364,-0.011030761845837844
13721040100,12.444220537911358,4.331426310118167,0.6566129800871412,0.04203100696467388,4.342379220919115,-0.010952910800948068
13722040100,12.445012602246518,4.332005016208606,0.6566840351557988,0.07105506865752531,4.343008743573204,-0.011003727364598426
13723040100,12.44580462320499,4.332573436223301,0.6566682968604328,-0.015738295365986588,4.343638311219131,-0.011064874995829754
13724040100,12.446596653771499,4.333231356743375,0.656716994228198,0.04869736776513456,4.344267909771537,-0.011036553028161755
13725040100,12.447388654608229,4.333880463885487,0.6567709724441497,0.05397821595171237,4.344897581353097,-0.011017117467609694
13726040100,12.448180622489026,4.334556694454276,0.6567801804241123,0.009207979962583934,4.345527294695284,-0.010970600241007489
13727040100,12.44897258474774,4.335119997437903,0.6567937771857694,0.013596761657041156,4.34615704723314,-0.01103704979523723
13728040100,12.449764538704605,4.335781750176945,0.6567937388758605,-3.830990890918429e-05,4.346786860704951,-0.011005110528005346
13729040100,12.45055649268486,4.33631581655101,0.6568503278464869,0.056588970626352264,4.347416732985787,-0.011100916434776842
13730040100,12.451348412111711,4.336906207834965,0.6568576575830012,0.00732973651434321,4.348046670703912,-0.011140462868946877
13731040100,12.452140327062816,4.337590112224789,0.6569290549633374,0.07139738033623466,4.348676646359799,-0.011086534135009707
13732040100,12.45293219841442,4.338173425448385,0.6569723880263528,0.043333063015372986,4.3493066838834284,-0.011133258435043203
13733040100,12.4537240433023,4.338777282668463,0.656968887736573,-0.0035002897798417365,4.349936752150381,-0.011159469481917483
13734040100,12.45451589032788,4.33938674145238,0.657015791911655,0.04690417508201605,4.350566864794297,-0.011180123341917536
13735040100,12.455307708707295,4.339992891191925,0.657052498787826,0.036706876170971015,4.351197044579724,-0.011204153387798677
13736040100,12.45609950466721,4.340566822722999,0.6570864798948359,0.03398110700977952,4.3518272670124,-0.011260444289400873
13737040100,12.456891279871494,4.3412144884070605,0.6571221849930421,0.0357050982061633,4.35245753704981,-0.01124304864274972
13738040100,12.457683033266148,4.34181182710262,0.657174135674864,0.05195068182190887,4.353087856018954,-0.011276028916333836
13739040100,12.458474754926137,4.3425447803922905,0.6571892090526289,0.015073377764876383,4.353718223083391,-0.0111734426911001
13740040100,12.45926646737798,4.343207992714345,0.657229536029029,0.040326976400139714,4.35434863034242,-0.011140637628074934
13741040100,12.460058155193673,4.3438391096218965,0.6572018707136087,-0.027665315420337677,4.354979095735581,-0.011139986113684941
13742040100,12.460849859910521,4.344515460621437,0.6572090394552047,0.007168741595977579,4.355609606980794,-0.011094146359356571
13743040100,12.461641560247935,4.345170922589546,0.657232277618753,0.023238163548320756,4.356240197165901,-0.011069274576355426
13744040100,12.462433246388718,4.345800185740255,0.6572328466846251,0.0005690658720531871,4.356870849350459,-0.011070663610204257
13745040100,12.463224932181843,4.346435826575398,0.6572438416463718,0.010994961746707332,4.357501555719907,-0.011065729144508651
13746040100,12.464016611257785,4.347002183439438,0.6572679659957003,0.02412434932845109,4.35813232731331,-0.011130143873872456
13747040100,12.464808275595033,4.3476396355669324,0.6572889243763063,0.020958380606028726,4.3587631590628355,-0.011123523495903065
13748040100,12.465599927127453,4.348233718248599,0.6573446837702959,0.05575939398962859,4.359394044581981,-0.011160326333381931
13749040100,12.466391544591167,4.348938485586228,0.6573649092841513,0.02022551385533511,4.360024985416375,-0.011086499830147645
13750040100,12.467183149696584,4.349526201700199,0.6574069208948509,0.042011610699621116,4.360655964620964,-0.011129762920765174
13751040100,12.467974729130821,4.350191177736176,0.6573934617864002,-0.013459108450604162,4.361286999502754,-0.011095821766578418
13752040100,12.468766316789395,4.3508287304051345,0.6574386427659149,0.04518097951463318,4.3619180794524794,-0.011089349047344932
13753040100,12.469557876839069,4.3514467539224695,0.6574451485262217,0.00650576030681016,4.362549231498818,-0.011102477576348413
13754040100,12.470349432913112,4.351974777967141,0.6574653892170989,0.02024069087718594,4.363180427076587,-0.011205649109446547
13755040100,12.471140976617976,4.3525530006308575,0.6574954425936242,0.030053376525428277,4.36381168503514,-0.011258684404282349
13756040100,12.471932501956488,4.353183575206331,0.657570733364701,0.07529077107666815,4.364442998686615,-0.011259423480283637
13757040100,12.47272398127983,4.35378765376496,0.6576210588546915,0.050325489990552086,4.365074363251951,-0.011286709486991064
13758040100,12.473515429843433,4.35438184453931,0.6576452354257142,0.02417657102266979,4.36570575667686,-0.011323912137550352
13759040100,12.47430686362922,4.355061542478476,0.657682729064678,0.03749363896376856,4.36633719112959,-0.011275648651113634
13760040100,12.475098274496279,4.355704372752576,0.6577252615970487,0.04253253237077459,4.3669686793631435,-0.011264306610567765
13761040100,12.475889659363142,4.3563770170225995,0.6577249710180114,-0.00029057903734930335,4.367600214885114,-0.011223197862514134
13762040100,12.476681044407641,4.357043844350179,0.6577431153262119,0.01814430820050994,4.368231795238396,-0.011187950888216669
13763040100,12.477472418360067,4.357746316130189,0.6577462929242727,0.003177598060775111,4.368863441319469,-0.011117125189279875
13764040100,12.47826379036992,4.358347875964193,0.6577523414949581,0.006048570685452503,4.369495144139977,-0.011147268175784042
13765040100,12.479055158682057,4.358926082834933,0.6577404546712265,-0.011886823731579454,4.370126911009709,-0.011200828174776412
13766040100,12.479846534261025,4.359500082840875,0.657779116259182,0.03866158795541175,4.370758740534756,-0.011258657693880458
13767040100,12.480637886204402,4.360168272448107,0.6578295929017347,0.0504766425527432,4.3713906414776265,-0.011222369029519896
13768040100,12.481429207287327,4.360880229025426,0.6578823244874725,0.05273158573779746,4.37202258916915,-0.011142360143724162
13769040100,12.482220496129019,4.361499769607195,0.6578879121630608,0.005587675588280661,4.372654577840969,-0.011154808233773572
13770040100,12.483011781554156,4.362096837213977,0.6578714769079412,-0.016435255119425562,4.373286606390433,-0.011189769176456643
13771040100,12.483803077028472,4.3626846450016705,0.6579012945653554,0.0298176574142186,4.373918697844294,-0.011234052842623576
13772040100,12.484594354270909,4.36329694083742,0.6579424502101557,0.04115564480034983,4.374550862967988,-0.011253922130568306
13773040100,12.485385606347746,4.363810701534868,0.6579883613140883,0.04591110393255171,4.375183079174754,-0.0113723776398853
13774040100,12.486176830349564,4.364466589108867,0.6580220937762714,0.033732462183030165,4.375815340927241,-0.01134875181837458
13775040100,12.486968033722638,4.365012625248836,0.6581053535825756,0.08325980630417362,4.376447645901981,-0.0114350206531455
13776040100,12.487759186175177,4.365581086676971,0.6581175243965327,0.012170813957091298,4.37708000005156,-0.01149891337458886
13777040100,12.488550331183756,4.366249469541443,0.6581848181509429,0.06729375441011953,4.377712379164905,-0.011462909623461748
13778040100,12.489341435031756,4.366811211375757,0.6582410395785235,0.056221427580629424,4.378344817994154,-0.011533606618397307
13779040100,12.490132504488878,4.367433035877977,0.6582472582578179,0.0062186792944221025,4.378977289588274,-0.011544253710296992
13780040100,12.490923570141856,4.368005679279187,0.6583069552941457,0.05969703632777801,4.379609799358072,-0.011604120078884783
13781040100,12.49171459927488,4.368762087487781,0.6583366514548947,0.02969616074889636,4.380242371762787,-0.011480284275005914
13782040100,12.492505610240084,4.369402141797874,0.6583910893416147,0.05443788671994376,4.380874980644313,-0.011472838846438904
13783040100,12.493296587898909,4.370009100481553,0.6583534154643939,-0.03767387722091797,4.3815076406805495,-0.01149854019899621
13784040100,12.494087588607748,4.370668888633697,0.6583739293252312,0.02051386083719109,4.382140339765071,-0.011471451131374266
13785040100,12.494878576765728,4.371201983698484,0.6584110620042192,0.037132678987990886,4.382773122983778,-0.011571139285294407
13786040100,12.495669542204222,4.371783775630505,0.6584217680062013,0.010706001982111246,4.38340596186605,-0.01162218623554434
13787040100,12.496460501092088,4.3724831824772314,0.6584960478712788,0.0742798650774148,4.3840388482799515,-0.01155566580272005
13788040100,12.497251414528202,4.373073671841222,0.6585461052575178,0.05005738623895262,4.384671795167247,-0.011598123326024279
13789040100,12.498042297331807,4.373733957770438,0.6585372525031824,-0.008852754335412882,4.385304771399705,-0.01157081362926693
13790040100,12.49883318555298,4.3743177552756825,0.6585829581365329,0.04570563335045108,4.385937788835825,-0.01162003356014285
13791040100,12.499624045803278,4.374887167463441,0.6585937315521163,0.010773415583452461,4.386570876334709,-0.011683708871268017
13792040100,12.500414899460235,4.37549560580242,0.6586428827910537,0.04915123893736428,4.387204007174869,-0.01170840137244955
13793040100,12.501205723035417,4.3760695729019075,0.6586993757966777,0.056493005624057346,4.387837198473987,-0.011767625572079332
13794040100,12.501996512033122,4.376597333815858,0.65873643546209,0.03705966541237693,4.388470431429644,-0.011873097613785966
13795040100,12.502787278346476,4.377221328903128,0.6587908701072301,0.05443464514013918,4.389103702441949,-0.011882373538820268
13796040100,12.503578011338224,4.37783381437367,0.6588686378936595,0.0777677864293036,4.389737021035888,-0.011903206662218224
13797040100,12.504368696721158,4.378395519748401,0.6588983310312595,0.029693137599986485,4.390370378693181,-0.011974858944779676
13798040100,12.505159363924932,4.379025943488478,0.6589338402532742,0.03550922201472062,4.391003763968037,-0.011977820479558865
13799040100,12.505950009387822,4.379665399371732,0.6589948966917758,0.061056438501671195,4.391637200435127,-0.011971801063395127
13800040100,12.506740617465955,4.380312516264252,0.6590216255691759,0.02672887740011909,4.392270685244034,-0.01195816897978208
13801040100,12.507531209177111,4.380991843409606,0.6590438506037466,0.022225034570675817,4.392904205861127,-0.011912362451520941
13802040100,12.508321787278714,4.381561210711266,0.6590622358452272,0.0183852414805461,4.393537779129424,-0.011976568418158529
13803040100,12.509112354121774,4.382192548770664,0.6590644507781384,0.002214932911209999,4.39417140726297,-0.011978858492305733
13804040100,12.50990291960846,4.382800382561423,0.6591218015871847,0.05735080904637435,4.394805092150948,-0.012004709589525042
13805040100,12.510693449973502,4.383426623830834,0.659148200088235,0.02639850105030206,4.395438841736954,-0.01201221790612017
13806040100,12.511483964171221,4.384053589376862,0.6591864349042099,0.038234815974851344,4.3960726289568335,-0.012019039579971746
13807040100,12.51227445495169,4.384723380921168,0.659215499889696,0.029064985486016326,4.396706469008334,-0.011983088087166749
13808040100,12.51306492793028,4.385259822280078,0.6592442429016956,0.028743011999605272,4.397340356081486,-0.012080533801407611
13809040100,12.513855383303538,4.385842002076232,0.659251524616439,0.007281714743424317,4.397974294682079,-0.012132292605847361
13810040100,12.51464583421658,4.386398938164473,0.6593257021820843,0.0741775656453676,4.398608284971335,-0.01220934680686181
13811040100,12.515436239691805,4.386945071541785,0.6593771399944255,0.051437812341200484,4.399242337497656,-0.012297265955870884
13812040100,12.516226613656004,4.387624686736512,0.6594413850121317,0.06424501770622904,4.399876419393049,-0.012251732656537229
13813040100,12.517016948260487,4.38832031834195,0.659511221966875,0.06983695474331952,4.400510541828327,-0.01219022348637644
13814040100,12.517807240075655,4.388974951295693,0.6595142472973339,0.0030253304589713537,4.4011446985056075,-0.012169747209914483
13815040100,12.518597530037107,4.389511243713902,0.6595091585935823,-0.005088703751574997,4.401778886670778,-0.012267642956875768
13816040100,12.519387823116565,4.3901801465623596,0.6595245440700462,0.015385476464006231,4.402413139176021,-0.012232992613661509
13817040100,12.520178106768803,4.390760795982261,0.6595993279044875,0.074783834441293,4.403047460019613,-0.012286664037351791
13818040100,12.520968344595696,4.391398438435879,0.659607771528969,0.008443624481532908,4.403681839139496,-0.012283400703616998
13819040100,12.521758577248304,4.392025884491569,0.6596604784652748,0.05270693630573042,4.40431624731918,-0.012290362827610757
13820040100,12.522548777600639,4.392666286824566,0.6596846969460739,0.024218480799154563,4.404950717195264,-0.012284430370698374
13821040100,12.52333896311048,4.393341755728364,0.6597140585216786,0.029361575604708534,4.405585226991915,-0.01224347126355152
13822040100,12.524129130625218,4.393925209927208,0.6597369501338404,0.022891612161711095,4.406219790729416,-0.01229458080220791
13823040100,12.524919284109687,4.394553106996012,0.659742253620694,0.005303486853682315,4.406854405879972,-0.012301298883960143
13824040100,12.525709434343591,4.395139308549828,0.6597936924884553,0.05143886776129669,4.407489075631942,-0.012349767082113772
13825040100,12.526499553048888,4.395799026746493,0.6598229507673098,0.02925827885455945,4.408123808649712,-0.012324781903219062
13826040100,12.52728965381987,4.396443684397158,0.6598731854994871,0.050234732177326435,4.408758582221042,-0.01231489782388362
13827040100,12.528079723797124,4.396991510337769,0.6598866322977682,0.01344679828110884,4.409393407269311,-0.012401896931542034
13828040100,12.528869785531192,4.397562549131994,0.6599076154423148,0.02098314454660688,4.410028273464272,-0.012465724332278327
13829040100,12.529659834401848,4.398179480641445,0.6599772090957428,0.06959365342790669,4.410663198929738,-0.01248371828829331
13830040100,12.530449840606627,4.39880733451315,0.6600353537309589,0.058144635216109464,4.411298179958118,-0.012490845444967924
13831040100,12.531239811161662,4.399505142972183,0.6600706158890569,0.035262158097973284,4.411933192597571,-0.012428049625388127
13832040100,12.532029760095398,4.400078858986308,0.6601004469890995,0.029831100042583714,4.412568242485966,-0.012489383499658224
13833040100,12.532819690737169,4.40069597502996,0.660095193902808,-0.005253086291478581,4.4132033409015285,-0.012507365871568865
13834040100,12.533609624600102,4.401300490454756,0.6601521340673575,0.056940164549521555,4.413838490524016,-0.012538000069260313
13835040100,12.534399523546497,4.401995355091101,0.6601874358877634,0.0353018204058948,4.41447370865739,-0.012478353566288902
13836040100,12.535189400844017,4.4026105907281545,0.6602291336784574,0.041697790693918435,4.415108964637662,-0.012498373909507698
13837040100,12.535979252569057,4.403152039315048,0.6602255565695143,-0.0035771089431086978,4.4157442691359865,-0.012592229820938883
13838040100,12.536769106487926,4.4037608758696,0.6602618583569653,0.03630178745096124,4.4163796189987305,-0.012618743129130472
13839040100,12.537558938142569,4.404419708532296,0.6603352641542581,0.07340579729284613,4.417015036566006,-0.012595328033710551
13840040100,12.538348724773568,4.404947513684338,0.6603750629820127,0.03979882775448651,4.417650502167479,-0.012702988483141553
13841040100,12.539138486992071,4.4055719704651235,0.6603898410386716,0.01477805665893861,4.418285997491514,-0.012714027026390795
13842040100,12.539928240145434,4.406205070070753,0.6604703630922826,0.08052205361094877,4.418921539122069,-0.012716469051316182
13843040100,12.540717943902013,4.406788815041187,0.6605026046544809,0.03224156219826568,4.419557139413429,-0.01276832437224229
13844040100,12.54150762787836,4.407329929856206,0.6605305591360319,0.027954481551041965,4.42019276590708,-0.012862836050874016
13845040100,12.542297294703937,4.407917224256191,0.6605833077993718,0.05274866333989792,4.420828442440564,-0.012911218184373574
13846040100,12.543086929165217,4.4086064012714505,0.6606575856837732,0.0742778844013845,4.42146417113398,-0.012857769862529622
13847040100,12.543876518049075,4.409168208825974,0.6607088967242443,0.051311040471100355,4.422099939741406,-0.012931730915432205
13848040100,12.544666075445582,4.409831292419205,0.6607091795972672,0.0002828730228721099,4.4227357376227,-0.012904445203495207
13849040100,12.545455632668496,4.4104835975828065,0.6607733098182462,0.0641302209790755,4.423371576121976,-0.012887978539169787
13850040100,12.546245150534547,4.411099510432756,0.6607867678386742,0.013458020427977502,4.424007480460633,-0.012907970027876914
13851040100,12.54703466014097,4.411804799514112,0.6608056151919572,0.01884735328302689,4.424643419083839,-0.012838619569727427
13852040100,12.54782415817991,4.412269150821222,0.6608427158958882,0.037100703930885714,4.425279417041821,-0.013010266220598865
13853040100,12.548613633447637,4.412815159091173,0.6608350195692565,-0.00769632663166675,4.4259154716754985,-0.013100312584325202
13854040100,12.54940311343921,4.413423213597459,0.6609481638742484,0.11314430499189498,4.4265515739624295,-0.013128360364970781
13855040100,12.550192523980437,4.414133721940641,0.6610206837124809,0.07251983823257468,4.427187746061977,-0.013054024121335495
13856040100,12.550981890002154,4.414790732338633,0.6610622715740408,0.04158786155989169,4.42782392820369,-0.01303319586505669
13857040100,12.551771230491449,4.415301913296281,0.6610524888858325,-0.00978268820844086,4.428460140473007,-0.0131582271767261
13858040100,12.552560576986842,4.415922630667963,0.6610694286377635,0.016939751931106528,4.429096398172417,-0.01317376750445387
13859040100,12.553349913081997,4.4165774465080485,0.6611595559783972,0.09012734063371042,4.4297327267295845,-0.013155280221536003
13860040100,12.554139193839243,4.417137698910116,0.6611949817632626,0.035425784865624976,4.430369112926144,-0.013231414016027898
13861040100,12.554928452843411,4.417652911402041,0.6612133502743358,0.018368511073219906,4.431005520531862,-0.013352609129820614
13862040100,12.555717700568069,4.418336558920772,0.6612791635194047,0.06581324506888464,4.431641976625057,-0.013305417704285283
13863040100,12.556506907876754,4.418989102404908,0.6613677634504858,0.08859993108096198,4.432278489655538,-0.013289387250629225
13864040100,12.557296060770742,4.419680387748874,0.6613720800678302,0.004316617344420237,4.43291503612692,-0.013234648378045222
13865040100,12.55808521101347,4.420302023894767,0.661391933428897,0.019853361066795472,4.43355160474453,-0.01324958084976302
13866040100,12.558874349062105,4.420898086155368,0.6613923174997103,0.0003840708132898385,4.4341882372641805,-0.013290151108812154
13867040100,12.559663486874836,4.421598388643322,0.6614275881133285,0.03527061361822348,4.434824925993608,-0.013226537350285561
13868040100,12.560452603023295,4.422271850949884,0.6614757550274177,0.04816691408924001,4.435461680587405,-0.013189829637521022
13869040100,12.5612416895846,4.422942541854093,0.6614717076642276,-0.004047363190151643,4.4360984837604,-0.013155941906306978
13870040100,12.562030778632122,4.42351652783554,0.6614810313630651,0.00932369883753914,4.4367353291206335,-0.013218801285093562
13871040100,12.562819861952258,4.424188099800457,0.6614916941656105,0.010662802545354566,4.43737224255816,-0.013184142757703299
13872040100,12.563608938722338,4.4247944630165765,0.6615508693230956,0.05917515748510027,4.4380092174510715,-0.013214754434494935
13873040100,12.564397979140056,4.425422493576069,0.6615612130223941,0.010343699298488218,4.438646253141851,-0.013223759565781812
13874040100,12.56518701320317,4.426019867575348,0.6616042528399745,0.04303981758040365,4.439283325573296,-0.013263457997948258
13875040100,12.565976020824065,4.426594644967837,0.6616364954399452,0.03224259997070256,4.439920458968393,-0.01332581400055588
13876040100,12.566765008635233,4.427204700444345,0.6616841763206405,0.04768088069526577,4.440557637110686,-0.013352936666341186
13877040100,12.567553967149948,4.427841995620029,0.6617433026798281,0.059126359187594346,4.44119486535868,-0.01335286973865113
13878040100,12.568342889333302,4.4283870110555155,0.6617848693953998,0.041566715571784485,4.4418321360523425,-0.01344512499682704
13879040100,12.569131785973513,4.428909764644832,0.6618128374352535,0.0279680398537554,4.4424694435091965,-0.0135596788643646
13880040100,12.56992066542633,4.429524689528997,0.6618871483108446,0.07431087559111837,4.443106796444534,-0.013582106915536407
13881040100,12.570709499209373,4.430007233774173,0.6619728420474544,0.08569373660978385,4.443744201611748,-0.013736967837575165
13882040100,12.571498280321583,4.430621156655286,0.6620125212131446,0.03967916569015095,4.444381635997647,-0.01376047934236091
13883040100,12.572287037043413,4.431144208586779,0.6621187150879532,0.10619387480850762,4.445019093940633,-0.013874885353854616
13884040100,12.573075728482838,4.43173884408045,0.6621592784934602,0.04056340550704007,4.445656598294155,-0.013917754213705003
13885040100,12.57386439498367,4.43234437848811,0.6622455294838898,0.08625099042953543,4.446294116004516,-0.01394973751640638
13886040100,12.574653008452627,4.432956424120716,0.6622960811360827,0.05055165219292057,4.446931679679345,-0.013975255558628774
13887040100,12.57544159083691,4.433532145944839,0.6623412703720498,0.04518923596705271,4.447569266606159,-0.014037120661320124
13888040100,12.57623014543221,4.4342168444532755,0.6623832667041245,0.041996332074695886,4.448206894526624,-0.013990050073348748
13889040100,12.57701867420055,4.4348813968520995,0.6624435692494594,0.060302545334815605,4.448844566106281,-0.013963169254181729
13890040100,12.57780716588152,4.435544546159316,0.6624493112283756,0.005741978916232071,4.449482282933129,-0.013937736773812937
13891040100,12.578595654030899,4.436100878217444,0.6624650952145495,0.015783986173991238,4.450120035900614,-0.014019157683169858
13892040100,12.57938413247224,4.436647197688206,0.6624815480241664,0.016452809616774644,4.450757852152568,-0.014110654464362327
13893040100,12.58017260079397,4.437239378634561,0.6625516040689496,0.0700560447833194,4.451395726699273,-0.014156348064711999
13894040100,12.580961026024017,4.437780769760351,0.6626268786649432,0.07527459599354813,4.452033659213413,-0.014252889453062245
13895040100,12.581749404948123,4.438393032278832,0.6626793430099934,0.052464345050188044,4.452671623019448,-0.014278590740616437
13896040100,12.582537751595607,4.4390942668072295,0.6627574110566344,0.07806804664096667,4.453309615513419,-0.014215348706189346
13897040100,12.583326050210783,4.439733950032002,0.6628001092108485,0.042698154214061645,4.453947648046745,-0.014213698014742704
13898040100,12.58411432255337,4.440367414326852,0.6627982149757915,-0.0018942350570441135,4.454585707865913,-0.014218293539061122
13899040100,12.584902596061529,4.441007381078888,0.6628271067886574,0.028891812865960986,4.455223812582339,-0.014216431503450977
13900040100,12.585690851791503,4.441663256043853,0.6628591397959563,0.03203300729891723,4.455861984412136,-0.014198728368283398
13901040100,12.586479087809632,4.442341420884311,0.6628879515415032,0.02881174554685373,4.4565002080248455,-0.014158787140534201
13902040100,12.587267306097463,4.442936854523856,0.6629087997693375,0.020848227834285638,4.457138481858278,-0.01420162733442254
13903040100,12.588055511555211,4.4436153084053736,0.6629184483877726,0.009648618435125655,4.4577768075204265,-0.014161499115052933
13904040100,12.588843711075047,4.444180817921335,0.6629695743050676,0.051125917295081535,4.45841518898396,-0.014234371062624263
13905040100,12.58963187912995,4.444816496772613,0.6629791378572324,0.0095635521647921,4.459053631836758,-0.014237135064145257
13906040100,12.590420041298833,4.445461087025376,0.6630453501534815,0.06621229624912317,4.459692115405343,-0.014231028379966482
13907040100,12.591208162714464,4.446051032969649,0.6630765037494006,0.031153595919105825,4.460330660414273,-0.01427962744462441
13908040100,12.591996264954057,4.446724055049156,0.6631032202742622,0.02671652486147913,4.460969238617466,-0.014245183568309727
13909040100,12.592784350748163,4.44724637488541,0.6631573728150175,0.05415254075537845,4.461607867498547,-0.014361492613137017
13910040100,12.593572403206682,4.447866479079108,0.6631699438407033,0.012571025685716108,4.462246549273857,-0.01438007019474874
13911040100,12.594360447926313,4.4485396423334755,0.6632581251590085,0.08818131830525999,4.462885270257187,-0.014345627923711746
13912040100,12.595148438356874,4.449224882267766,0.6632974711361805,0.0393459771719904,4.463524051197796,-0.014299168930030248
13913040100,12.595936404562,4.449705428175415,0.6633102487970298,0.012777660849270234,4.464162854362936,-0.014457426187520994
13914040100,12.596724362899618,4.450324470090968,0.6633169063566452,0.006657559615366182,4.464801704122676,-0.014477234031708086
13915040100,12.59751231713797,4.45093996064624,0.6634262508345852,0.10934447793998459,4.465440613743459,-0.01450065309721893
13916040100,12.59830020404452,4.451551305971071,0.6634664169745048,0.04016613991969997,4.466079586287396,-0.014528280316325137
13917040100,12.599088066215323,4.452137003683384,0.6635084372201199,0.042020245615077556,4.466718570476752,-0.014581566793368417
13918040100,12.599875902507195,4.452709385079528,0.6635525911813938,0.04415396127389215,4.467357600853916,-0.014648215774387907
13919040100,12.60066371160455,4.453354327562789,0.6636096987081601,0.057107526766381866,4.467996676493451,-0.01464234893066152
13920040100,12.601451485526981,4.453921712197729,0.6636736204126835,0.06392170452340551,4.468635796329666,-0.014714084131937533
13921040100,12.602239220074303,4.454491078887074,0.6637012720266942,0.02765161401060645,4.469274953888668,-0.014783875001594282
13922040100,12.603026937587519,4.455108983827897,0.6637678649721073,0.06659294541322147,4.469914145761427,-0.014805161933529654
13923040100,12.603814614075295,4.455707338281158,0.6638336236975629,0.06575872545566597,4.47055339007718,-0.014846051796022053
13924040100,12.604602250048137,4.456248226273026,0.6638751821975262,0.041558499963224804,4.471192667367465,-0.014944441094439043
13925040100,12.605389860414407,4.456868638534161,0.6639266142742107,0.05143207668458771,4.471831978044499,-0.014963339510337903
13926040100,12.606177439088547,4.457600079709212,0.6640069931203368,0.08037884612612345,4.472471334208986,-0.014871254499774444
13927040100,12.606964968229564,4.4582421164442625,0.6640476704633628,0.04067734302598325,4.473110730921828,-0.0148686144775656
13928040100,12.607752472301401,4.458811450974353,0.6640326695346833,-0.015000928679492986,4.473750153696722,-0.01493870272236908
13929040100,12.608539985618364,4.459420254851232,0.6640623786291099,0.0297090944265328,4.474389622395584,-0.014969367544352075
13930040100,12.609327480625335,4.460071800899435,0.6641286020563384,0.06622342722851648,4.475029164888493,-0.014957363989058337
13931040100,12.61011493481569,4.460671667343126,0.6641751891844276,0.04658712808923404,4.475668758804883,-0.01499709146175654
13932040100,12.610902360290131,4.461304924979586,0.6642004070343319,0.025217849904318967,4.47630838586587,-0.015003460886283904
13933040100,12.611689770219792,4.461941182187631,0.6642515607800256,0.05115374569367859,4.4769480558999355,-0.015006873712304802
13934040100,12.612477148615733,4.462516394850154,0.6642860532406687,0.03449246064315048,4.477587779609335,-0.015071384759180795
13935040100,12.613264505747638,4.463181573494922,0.6643190796861898,0.03302644552105782,4.478227544006259,-0.015045970511336826
13936040100,12.614051842518405,4.463840846253625,0.6643827778517022,0.06369816551243623,4.478867357436609,-0.015026511182984592
13937040100,12.61483914001618,4.464406816805013,0.6644014668123767,0.01868896067449377,4.479507220637032,-0.015100403832018827
13938040100,12.615626425990703,4.46506733010945,0.6644230947820036,0.021627969626951682,4.480147118238657,-0.015079788129206406
13939040100,12.616413698629495,4.465733581562546,0.664491538909989,0.06844412798534805,4.480787072797634,-0.015053491235088146
13940040100,12.617200929063447,4.466411367674711,0.6645126990226354,0.021160112646462892,4.4814270828457285,-0.015015715171017519
13941040100,12.617988146448651,4.467008556351651,0.6645309653227013,0.018266300065885588,4.4820671249151065,-0.015058568563455665
13942040100,12.618775352569342,4.467566349162805,0.6645434048157884,0.012439493087178732,4.482707222711774,-0.01514087354896887
13943040100,12.619562551018662,4.468182474104784,0.6645962567083725,0.052851892584044435,4.483347377691654,-0.015164903586869727
13944040100,12.620349716873132,4.4687225934652925,0.6646689998497932,0.07274314142071603,4.483987592782501,-0.015264999317208705
13945040100,12.621136837861815,4.469386943624806,0.6647126551615825,0.04365531178929771,4.484627847717599,-0.015240904092792995
13946040100,12.621923931923211,4.469994195981616,0.6647945334573819,0.08187829579938466,4.485268132514586,-0.015273936532969934
13947040100,12.622710975476735,4.470606324543319,0.6648142631538981,0.019729696516185058,4.485908461764701,-0.015302137221381962
13948040100,12.623498006858906,4.471244283252651,0.6648626301321172,0.04836697821922975,4.486548816282717,-0.015304533030065848
13949040100,12.624285008401941,4.4718761046206685,0.664908628093752,0.04599796163469527,4.48718922726029,-0.015313122639621035
13950040100,12.625071981565654,4.472340147005965,0.6649417441158877,0.033116022135734724,4.4878296803239675,-0.015489533318002735
13951040100,12.625858934296772,4.472949400637799,0.6649779671151245,0.03622299923682526,4.48847017666259,-0.015520776024790628
13952040100,12.626645864677302,4.473595119250188,0.6650984541511008,0.12048703597635857,4.48911072274583,-0.015515603495641628
13953040100,12.627432720706583,4.474245910865201,0.6651464230210195,0.047968869918664225,4.489751317015333,-0.015505406150132295
13954040100,12.628219547131614,4.474882267338128,0.6651761732451071,0.02975022408772432,4.490391917136373,-0.015509649798245206
13955040100,12.629006355195221,4.475443811960995,0.6652033695106628,0.027196265555749832,4.491032559533727,-0.015588747572731876
13956040100,12.629793146473064,4.4760541219049035,0.6652378130572675,0.034443546604656206,4.491673253363574,-0.015619131458670665
13957040100,12.630579916491223,4.476628003473618,0.6653098465435628,0.07203348629540329,4.492313999912753,-0.015685996439135153
13958040100,12.631366642044942,4.477203546055855,0.6653575846022135,0.047738058650654835,4.492954795541204,-0.015751249485348673
13959040100,12.63215333812892,4.477730964343714,0.665423695216217,0.06611061400351659,4.493595621349407,-0.015864657005692173
13960040100,12.63293999339842,4.478335171584467,0.6654891209797869,0.06542576356987873,4.494236489550138,-0.01590131796567107
13961040100,12.633726608272863,4.478910487536985,0.6655788569866358,0.08973600684889682,4.494877390900944,-0.01596690336395934
13962040100,12.634513167737182,4.479503749938869,0.6656302884802955,0.05143149365974509,4.495518325741481,-0.016014575802612008
13963040100,12.635299695440766,4.480144843380059,0.6656963136007137,0.06602512041817654,4.496159281833558,-0.016014438453498592
13964040100,12.636086182368494,4.48077282858421,0.6657534715095998,0.05715790888619843,4.496800278445921,-0.016027449861710785
13965040100,12.636872633993816,4.481416062789356,0.6657867339653177,0.033262455717911976,4.497441308230567,-0.016025245441210423
13966040100,12.637659065074086,4.482145365021605,0.6658265932148579,0.03985924954015907,4.498082375647257,-0.015937010625652448
13967040100,12.638445471533547,4.48268315288844,0.6658588424463461,0.032249231488139074,4.498723492726453,-0.016040339838013118
13968040100,12.639231858071946,4.4833280574784125,0.6658479061252294,-0.010936321116680858,4.499364656148019,-0.01603659866960694
13969040100,12.640018251366044,4.48397369974857,0.6659329569091138,0.08505078388446385,4.5000058697463,-0.016032169997729717
13970040100,12.640804592119204,4.484592446581858,0.6659644670378037,0.031510128689854255,4.500647155279893,-0.016054708698034936
13971040100,12.641590913405238,4.485133289406005,0.6659956355805841,0.031168542780443786,4.501288464396209,-0.016155174990204024
13972040100,12.64237721543441,4.485676476332731,0.666040308757727,0.04467317714297714,4.501929824068091,-0.01625334773535947
13973040100,12.643163489861816,4.486255818927876,0.6661241602509183,0.08385149319124885,4.5025712344703805,-0.01631541554250493
13974040100,12.643949712476514,4.486859159449482,0.6662070615049754,0.0829012540571803,4.5032126887981985,-0.016353529348716478
13975040100,12.64473588386023,4.487510991933169,0.6662720311110528,0.06496960607742785,4.50385416729808,-0.016343175364911033
13976040100,12.645522015090515,4.48816706810073,0.6663250901158875,0.05305900483470083,4.504495670439846,-0.01632860233911604
13977040100,12.646308113526066,4.48880442830349,0.6663538948019406,0.02880468605312103,4.505137207259269,-0.016332778955779226
13978040100,12.647094194157075,4.489354642552204,0.6663805654061883,0.02667060424768941,4.505778783760547,-0.016424141208343457
13979040100,12.647880258302067,4.489929540986618,0.666416622266362,0.036056860173721006,4.506420412179812,-0.016490871193194145
13980040100,12.648666300158181,4.490604449481202,0.6664964608908925,0.0798386245305096,4.507062093597197,-0.01645764411599515
13981040100,12.649452292657687,4.491309496260651,0.6665641174875989,0.06765659670633717,4.507703823279044,-0.016394327018393717
13982040100,12.650238243327648,4.492041663089159,0.6665817268288264,0.017609341227512232,4.5083455791262494,-0.01630391603709036
13983040100,12.65102418310982,4.492570545948456,0.6665841535284358,0.0024266996094208793,4.508987367281291,-0.016416821332835063
13984040100,12.651810121391556,4.49316609090817,0.6665728556000866,-0.011297928349211617,4.509629213012024,-0.016463122103854033
13985040100,12.652596066658806,4.49381236429212,0.666663454369932,0.09059876984537318,4.510271123991414,-0.01645875969929378
13986040100,12.653381955905965,4.494382361441891,0.6667208474459361,0.05739307600410015,4.510913107159283,-0.016530745717391326
13987040100,12.654167809661832,4.495024443690981,0.6667529038236298,0.03205637769379521,4.511555111052843,-0.01653066736186215
13988040100,12.654953643593233,4.495710161154449,0.6668232526947462,0.07034887111636934,4.512197152439011,-0.016486991284562436
13989040100,12.655739434016304,4.496246632558725,0.6668575776807817,0.034324986035537464,4.512839244118812,-0.016592611560087178
13990040100,12.656525203209155,4.49684349682054,0.6668700229548767,0.012445274095053804,4.513481366740791,-0.016637869920250736
13991040100,12.657310964704294,4.497441551290956,0.6669573180320926,0.08729507721580276,4.5141235385099545,-0.016681987218998273
13992040100,12.65809667220185,4.49801512648518,0.6670145318691453,0.05721383705265737,4.514765770490378,-0.016750644005197657
13993040100,12.658882344305745,4.49861655763376,0.6670712690625479,0.05673719340260064,4.515408024839903,-0.01679146720614355
13994040100,12.6596679813083,4.4992513300451025,0.6671403944369081,0.06912537436020116,4.516050316762707,-0.01679898671760416
13995040100,12.660453575541956,4.4998441604569885,0.6671956923422778,0.05529790536975199,4.516692646497084,-0.0168484860400957
13996040100,12.661239135559272,4.500492521405517,0.6672343536366993,0.038661294421425296,4.517335007772502,-0.016842486366984488
13997040100,12.662024671652954,4.5011788171736375,0.667294100763096,0.05974712639679858,4.517977407580679,-0.016798590407041125
13998040100,12.662810170772767,4.501803928202909,0.6673260899652703,0.03198920217431933,4.518619854339475,-0.016815926136565906
13999040100,12.663595650095251,4.5023735722436005,0.66733904753494,0.012957569669689306,4.519262337376368,-0.016888765132767602
14000040100,12.664381121398387,4.503026259194829,0.6673826503570978,0.04360282215779421,4.519904870741632,-0.016878611546802702
14001040100,12.665166565715072,4.503612501231948,0.66745415761638,0.07150725928231338,4.520547464074573,-0.01693496284262519
14002040100,12.665951965771596,4.504171207616945,0.6674841532169956,0.02999560061556039,4.521190101862059,-0.017018894245113714
14003040100,12.666737347260835,4.504840573977413,0.6675475062934396,0.06335307644393318,4.521832769970256,-0.016992195992843406
14004040100,12.667522689532179,4.505438038353924,0.6676248102797462,0.07730398630652147,4.522475489423137,-0.017037451069212395
14005040100,12.668307983945231,4.506106614952664,0.667646756656844,0.021946377097879832,4.523118243322157,-0.017011628369493437
14006040100,12.669093264770598,4.5067733659273745,0.6677047618280351,0.05800517119104143,4.523761024592909,-0.016987658665534866
14007040100,12.669878509681338,4.507361660405503,0.6677271729833218,0.022411155286786055,4.524403861287144,-0.0170422008816411
14008040100,12.670663740715222,4.507930799920597,0.6677504768338034,0.023303850481600108,4.525046735129861,-0.017115935209263355
14009040100,12.67144895731908,4.5085687344510506,0.6678131366655461,0.06265983174264456,4.525689664165174,-0.01712092971412371
14010040100,12.672234135121103,4.509244812436241,0.667885549154145,0.07241248859886085,4.526332647944859,-0.01708783550861792
14011040100,12.673019268078157,4.50985755583394,0.6679236016057483,0.038052451603201476,4.5269756665133,-0.017118110679359866
14012040100,12.673804377467722,4.510566002899278,0.6679425336055279,0.018931999779605135,4.527618714919161,-0.017052712019882676
14013040100,12.674589475131476,4.511136382858025,0.6679932084277791,0.05067482225123676,4.52826181058896,-0.017125427730935172
14014040100,12.675374541407658,4.511770888782338,0.6679959243453891,0.002715917610039753,4.528904963226216,-0.017134074443878156
14015040100,12.676159606001566,4.512452190889164,0.66806784784538,0.07192349999089487,4.529548156726818,-0.017095965837654603
14016040100,12.676944626043026,4.513026303898059,0.6681077461694137,0.039898324033694976,4.530191415431986,-0.017165111533927302
14017040100,12.677729621368034,4.513672876406217,0.6681242029176703,0.01645674825651966,4.530834704217591,-0.017161827811374764
14018040100,12.678514606497952,4.514321511314548,0.6681944076066645,0.07020468899426291,4.5314780393378395,-0.017156528023291706
14019040100,12.679299548133105,4.514907395225577,0.6682283992385729,0.03399163190837129,4.5321214326974335,-0.01721403747185679
14020040100,12.68008446870762,4.515552313720786,0.66826137830697,0.03297906839713782,4.53276485700461,-0.017212543283823933
14021040100,12.680869368847995,4.516074506678712,0.6683258634286017,0.06448512163174591,4.533408330648934,-0.01733382397022165
14022040100,12.68165422903032,4.51665390177393,0.6683608530370155,0.03498960841371712,4.534051854147039,-0.01739795237310915
14023040100,12.682439067530053,4.517290928056994,0.6684574730020418,0.09661996502628689,4.534695411492297,-0.01740448343530332
14024040100,12.683223846150696,4.517935738356476,0.6685256371464986,0.06816414445680152,4.5353390176704025,-0.01740327931392649
14025040100,12.684008582523003,4.518565569382371,0.6685650232732461,0.03938612674745201,4.535982641356279,-0.01741707197390774
14026040100,12.684793294482011,4.519179132546103,0.6686005237724428,0.03550049919680731,4.536626297004821,-0.017447164458717523
14027040100,12.685577984435165,4.519926587808514,0.6686435575390111,0.04303376656822522,4.537269999244499,-0.017343411435985168
14028040100,12.686362647711457,4.520533348580857,0.6686948088103809,0.05125127136982499,4.537913750052555,-0.017380401471697837
14029040100,12.687147279214917,4.521100790460628,0.6686789309076917,-0.01587790268921374,4.538557545599067,-0.01745675513843903
14030040100,12.687931920561981,4.521753101286205,0.6687334966888127,0.05456578112100274,4.539201381703805,-0.01744828041760016
14031040100,12.688716528079823,4.522436226335304,0.6688078949837822,0.0743982949695603,4.539845292521024,-0.0174090661857198
14032040100,12.689501089469088,4.523062826334546,0.6688398793620732,0.03198437829097145,4.540489242216172,-0.017426415881625523
14033040100,12.690285631026002,4.523755378873602,0.668856397716859,0.016518354785771905,4.541133220692959,-0.017377841819357087
14034040100,12.69107016234017,4.524361040941192,0.6689012277443488,0.0448300274897786,4.541777249535606,-0.017416208594414506
14035040100,12.691854665854933,4.524895333362002,0.6689130096374681,0.011781893119309217,4.5424213366206985,-0.017526003258696576
14036040100,12.692639162063402,4.525438653659975,0.6689683427375787,0.05533310011048975,4.543065467537996,-0.017626813878020897
14037040100,12.693423623956756,4.526039573682999,0.6690596022541744,0.09125951659573417,4.543709659117605,-0.01767008543460591
14038040100,12.694208029249788,4.52666789884201,0.6691465799059072,0.08697765173278427,4.544353889184167,-0.0176859903421569
14039040100,12.694992380592085,4.527274336576455,0.669204863558679,0.05828365277187686,4.544998139432975,-0.017723802856520088
14040040100,12.695776695778719,4.527975176117108,0.669249486584759,0.04462302608002844,4.545642412034432,-0.01766723591732422
14041040100,12.696560983282119,4.528597960649147,0.6693051401691813,0.05565358442230384,4.54628672160241,-0.017688760953262772
14042040100,12.697345236256956,4.529122870716497,0.6693134982738143,0.008358104632925745,4.546931075097147,-0.017808204380649784
14043040100,12.698129484046053,4.529735108287037,0.6693609489840592,0.04745071024483494,4.547575466895079,-0.01784035860804245
14044040100,12.69891370239358,4.530375417709067,0.6694575950417075,0.0966460576483108,4.548219921109402,-0.017844503400334943
14045040100,12.699697860770023,4.53095801010598,0.6695106729892437,0.05307794753620243,4.548864417811856,-0.01790640770587615
14046040100,12.700481986207269,4.531570369424674,0.6695497446296617,0.039071640417887465,4.549508931909209,-0.017938562484534515
14047040100,12.701266087395963,4.532245220455596,0.6696178073234877,0.06806269382604313,4.55015348561596,-0.017908265160364145
14048040100,12.702050146340888,4.532833063833766,0.6696710707498987,0.05326342641096815,4.550798086076897,-0.017965022243131124
14049040100,12.702834172224817,4.533537256673666,0.6696930511961493,0.021980446250568164,4.551442718498228,-0.01790546182456154
14050040100,12.703618184464675,4.53409412583955,0.6697586650270584,0.06561383090913431,4.552087390428522,-0.01799326458897177
14051040100,12.704402155973366,4.53474418830725,0.6697660048397649,0.007339812706526061,4.5527321178359035,-0.0179879295286538
14052040100,12.705186122925502,4.535333946294236,0.6698472099445066,0.08120510474172704,4.553376878446885,-0.01804293215264874
14053040100,12.705970039462716,4.535965542340219,0.6698818243964269,0.03461445192022161,4.554021702015076,-0.018056159674856964
14054040100,12.706753934508518,4.536575739081537,0.6699467326984706,0.06490830204375975,4.554666550822679,-0.0180908117411418
14055040100,12.707537789251534,4.537239091038683,0.6699907610962458,0.044028397775202066,4.555311448661312,-0.018072357622629376
14056040100,12.708321616654612,4.537866321530082,0.6700455830640628,0.054821967816918615,4.555956380055635,-0.018090058525553232
14057040100,12.709105410013233,4.538509860002807,0.6700738073606854,0.028224296622584077,4.556601355670795,-0.018091495667987623
14058040100,12.709889185843643,4.539179623320994,0.6701201499908472,0.046342630161738896,4.557246369990475,-0.01806674666948105
14059040100,12.710672932892406,4.539824522877789,0.6701583609343001,0.03821094345276954,4.557891436608315,-0.018066913730526046
14060040100,12.711456656208538,4.540550161591151,0.6701834362107018,0.025075276401590685,4.558536546264911,-0.017986384673760014
14061040100,12.712240363949917,4.541185342210335,0.6702209653073758,0.037529096674132845,4.559181703117815,-0.017996360907480025
14062040100,12.713024048380303,4.541760775651619,0.6702179874602007,-0.002977847175145598,4.559826913885891,-0.01806613823427128
14063040100,12.713807734660405,4.542376208658773,0.6702602856779973,0.04229821779661336,4.560472172203449,-0.018095963544675797
14064040100,12.714591394665977,4.542986715560947,0.670332620909238,0.07233523124057228,4.5611174987925605,-0.0181307832316131
14065040100,12.715375009735578,4.543451853609318,0.6703850502804847,0.052429371246706324,4.561762870499564,-0.01831101689024628
14066040100,12.71615859223253,4.544073752874732,0.6704400349927764,0.05498471229170754,4.56240827195537,-0.018334519080637435
14067040100,12.71694214056697,4.544705426414047,0.6705680795331863,0.1280445404099595,4.563053713341139,-0.01834828692709234
14068040100,12.717725609336965,4.545344806668756,0.6706178105142964,0.04973098111005925,4.563699193347132,-0.018354386678375967
14069040100,12.718509047201609,4.545917291036784,0.6706627012815017,0.04489076720535401,4.56434467456549,-0.018427383528705654
14070040100,12.719292457167194,4.5465281429645215,0.6707037514991196,0.0410502176179417,4.564990197079537,-0.018462054115015114
14071040100,12.720075841619192,4.547179993775243,0.6707784163842143,0.07466488509467162,4.565635763367196,-0.018455769591952276
14072040100,12.720859179661984,4.547802130060361,0.6708339888049806,0.055572420766223374,4.566281375395759,-0.018479245335398353
14073040100,12.721642483159975,4.548417286878968,0.6708690721771424,0.0350833721618109,4.5669270159436675,-0.018509729064699165
14074040100,12.722425764848275,4.549042143870936,0.6709190740803046,0.05000190316220632,4.567572694787792,-0.018530550916856292
14075040100,12.723209015451065,4.549483635674215,0.6709726459088806,0.05357182857604137,4.568218422426892,-0.01873478675267659
14076040100,12.723992232746799,4.550141316182393,0.6710214337895587,0.04878788067806106,4.568864191215711,-0.018722875033318154
14077040100,12.724775419707829,4.550725027087283,0.6711623333934119,0.14089960385318,4.569509999322797,-0.018784972235513564
14078040100,12.725558519051644,4.551368439153914,0.6711951345591465,0.03280116573457725,4.570155849199272,-0.01878741004535822
14079040100,12.726341597996104,4.551963548334935,0.671265065689163,0.0699311300165455,4.570801693600794,-0.018838145265858586
14080040100,12.727124633446918,4.552575100976753,0.6713051483655021,0.040082676339176615,4.571447587958422,-0.018872486981669212
14081040100,12.727907643966597,4.553144154155367,0.6713695090330527,0.06436066755055947,4.57209351322388,-0.018949359068512805
14082040100,12.728690614451775,4.553887364359587,0.6714257321693669,0.056223136314159206,4.572739484709002,-0.018852120349414747
14083040100,12.729473549961616,4.554506865721376,0.6715033819837282,0.07764981436133667,4.5733854899538215,-0.01887862423244524
14084040100,12.730256437162923,4.555077435801235,0.6714937757552162,-0.009606228511930937,4.574031533131295,-0.01895409733006037
14085040100,12.731039330340842,4.55567536496342,0.6715460959978784,0.052320242662259986,4.574677603237204,-0.019002238273783334
14086040100,12.731822190966327,4.556295290752466,0.6716230463457752,0.07695034789679944,4.575323745072813,-0.019028454320347166
14087040100,12.73260500371121,4.556908748918634,0.6716864494427061,0.06340309693091228,4.575969926844106,-0.01906117792547235
14088040100,12.733387777001479,4.557604052818381,0.6717389267060129,0.05247726330679825,4.576616135897147,-0.019012083078766118
14089040100,12.734170517633702,4.558274264824119,0.6717947169234068,0.05579021739382739,4.5772623791847735,-0.018988114360654507
14090040100,12.734953223543773,4.558871369140358,0.6718095032700789,0.014786346672140738,4.577908662317272,-0.019037293176913828
14091040100,12.735735920250859,4.559447844096994,0.6718368076284456,0.027304358366645687,4.578554983590154,-0.01910713949316012
14092040100,12.73651859996333,4.560128463991457,0.6719007833356665,0.06397570722089974,4.579201364078706,-0.019072900087248712
14093040100,12.737301239854142,4.560808886598063,0.6719752431415884,0.0744598059218653,4.579847797353356,-0.019038910755292626
14094040100,12.738083833393436,4.561458771969956,0.6719975884984052,0.022345356816728668,4.580494264561846,-0.019035492591889636
14095040100,12.738866413021812,4.562101235732763,0.6720199815552749,0.02239305686983606,4.581140760307823,-0.019039524575060085
14096040100,12.739648978709182,4.562685851225125,0.6720576507189926,0.037669163717758636,4.5817873113909595,-0.01910146016583436
14097040100,12.74043152094438,4.563333387703199,0.6720990665304737,0.041415811481044784,4.582433917791237,-0.01910053008803736
14098040100,12.741214037393528,4.5639846647843685,0.6721695581175636,0.0704915870899061,4.583080571653529,-0.019095906869160295
14099040100,12.74199650995056,4.56456971981853,0.6722086111775731,0.039053060009539564,4.583727271051341,-0.019157551232811265
14100040100,12.742778958189238,4.565171241904859,0.6722458075484287,0.03719637085553451,4.584374001020661,-0.01920275911580216
14101040100,12.743561383264613,4.5658455692665365,0.6723162535784124,0.07044602998374394,4.585020777739283,-0.01917520847274634
14102040100,12.744343764468152,4.566572178295458,0.6723785799662274,0.06232638781495403,4.585667602164312,-0.019095423868853878
14103040100,12.745126106853307,4.567234488552455,0.672404472563699,0.025892597471498746,4.586314457175995,-0.019079968623539223
14104040100,12.745908433111031,4.567849866037457,0.6724040801128404,-0.00039245085855377226,4.586961346950231,-0.019111480912774148
14105040100,12.746690759613202,4.56851159686927,0.6724358235882555,0.0317434754150856,4.587608290250696,-0.01909669338142539
14106040100,12.747473066342964,4.569121169586075,0.6724911233444139,0.05529975615833216,4.588255300622469,-0.019134131036394386
14107040100,12.748255338625679,4.569767126753577,0.6725232505219001,0.03212717748627192,4.5889023615168565,-0.019135234763279385
14108040100,12.749037590894792,4.5703598941064945,0.672581556994553,0.05830647265288569,4.589549460797654,-0.019189566691159676
14109040100,12.749819806839872,4.570902846512051,0.6726216927192891,0.04013572473590088,4.590196610405716,-0.019293763893664995
14110040100,12.750601997779468,4.571597962836638,0.6726885572794598,0.06686456017065545,4.59084379684878,-0.019245834012142637
14111040100,12.7513841470581,4.572265934778849,0.6727805561988872,0.09199891942741978,4.591491029492106,-0.019225094713257285
14112040100,12.752166239009718,4.572914066579203,0.6727964004915676,0.015844292680455396,4.592138294553804,-0.01922422797460044
14113040100,12.752948321087658,4.573526599719336,0.6728257917708609,0.029391279293227157,4.592785579065216,-0.01925897934588061
14114040100,12.753730384849337,4.574190387021221,0.6728651111513618,0.039319380500966616,4.593432922300066,-0.019242535278844564
14115040100,12.754512424106636,4.574778679924882,0.6729223288438818,0.057217692519936136,4.5940803172750915,-0.01930163735020951
14116040100,12.75529442770292,4.575396212875571,0.6729539125409598,0.031583697078010786,4.594727758870684,-0.01933154599511333
14117040100,12.756076411613519,4.576094916602435,0.6730233850448174,0.06947250385755943,4.595375237851107,-0.019280321248671406
14118040100,12.756858352220116,4.576738515922555,0.6730783161096351,0.054931064817708375,4.5960227674448575,-0.019284251522302398
14119040100,12.757640258584091,4.577394205730023,0.6730925847447633,0.014268635128201979,4.596670328094907,-0.019276122364884074
14120040100,12.75842215605298,4.578096084957713,0.673134429034073,0.04184428930963335,4.59731792730388,-0.019221842346166973
14121040100,12.759204027435159,4.578727406191535,0.673170231177973,0.03580214390013481,4.597965586068298,-0.019238179876762906
14122040100,12.759985876496357,4.57923379909519,0.6731828599485582,0.012628770585129345,4.598613290152006,-0.019379491056815468
14123040100,12.76076771768386,4.57988381891853,0.6732308231414219,0.04796319286373496,4.599261042676767,-0.01937722375823725
14124040100,12.761549528966487,4.58035880290077,0.6733415574391383,0.1107342977163519,4.599908855616555,-0.01955005271578436
14125040100,12.76233127119981,4.580971277186961,0.6733805040707581,0.03894663161987566,4.600556710720506,-0.01958543353354436
14126040100,12.763112989145355,4.5815124804580485,0.6735073354472529,0.1268313764948843,4.601204575546975,-0.01969209508892611
14127040100,12.76389462798849,4.582160617859154,0.673565497314112,0.05816186685897762,4.601852487188301,-0.019691869329147238
14128040100,12.764676230552926,4.582841839235238,0.6736595315126923,0.09403419858026396,4.602500400207617,-0.01965856097237939
14129040100,12.765457774457559,4.58351472773969,0.6737000988864944,0.040567373802129936,4.603148350095818,-0.0196336223561282
14130040100,12.766239293053584,4.584117404934473,0.6737240761642741,0.02397727777965386,4.6037963182951795,-0.01967891336070693
14131040100,12.767020796690392,4.584763339082879,0.6737521791928398,0.02810302856567759,4.604444332454424,-0.019680993371545163
14132040100,12.767802282793394,4.585411634923706,0.6738155015301106,0.06332233727077252,4.605092401158263,-0.019680766234556835
14133040100,12.768583729386588,4.586082280315319,0.6738572269319778,0.04172540186719509,4.60574052227598,-0.019658241960661016
14134040100,12.769365149943615,4.5866708036620985,0.673897797345127,0.04057041314922394,4.606388677583025,-0.01971787392092672
14135040100,12.770146545183868,4.587218238999188,0.6739271650973788,0.029367752251854284,4.607036878254874,-0.0198186392556865
14136040100,12.770927922097236,4.58776702855071,0.673997735909099,0.07057081172013824,4.607685124890132,-0.01991809633942232
14137040100,12.771709254968282,4.5883612437345835,0.6740890753299653,0.09133942086631741,4.608333423290473,-0.01997217955588937
14138040100,12.77249053082981,4.588977242848495,0.6741799625438541,0.09088721388888032,4.608981752120572,-0.020004509272077087
14139040100,12.773271749957592,4.58948972146463,0.6742482603837388,0.06829783988463589,4.609630100616073,-0.020140379151443177
14140040100,12.774052926448157,4.5900985484995305,0.6743057407900687,0.0574804063298906,4.610278468999665,-0.020179920500134507
14141040100,12.774834067051822,4.590721902542862,0.6744152631688672,0.10952237879870275,4.6109268689663665,-0.020204966423504445
14142040100,12.775615139269942,4.591344845234989,0.6744767062757013,0.06144310683406751,4.6115753061175155,-0.020230460882526557
14143040100,12.77639617311901,4.591969857511955,0.6745309546367594,0.05424836105803621,4.612223753470527,-0.020253895958571633
14144040100,12.777177173089441,4.5925685895205275,0.6745854647836728,0.05451014691336553,4.612872235939877,-0.02030364641934934
14145040100,12.777958139015432,4.593241885517133,0.6746390046367204,0.05353985304752129,4.61352075725307,-0.02027887173593701
14146040100,12.778739071500723,4.5938857869700085,0.6747058036244963,0.06679898777578863,4.6141693172721645,-0.020283530302156016
14147040100,12.779519962260594,4.594499351466959,0.6747352904992505,0.029486874754249826,4.614817916498328,-0.020318565031368863
14148040100,12.780300834600629,4.595222501160222,0.6747795036449514,0.04421314570093848,4.615466548049531,-0.020244046889308365
14149040100,12.781081679320362,4.595898474615361,0.6748389715652423,0.05946792029088854,4.616115231284834,-0.020216756669472424
14150040100,12.78186248688761,4.596479672931148,0.6748435237965116,0.004552231269251195,4.61676395856381,-0.020284285632662602
14151040100,12.782643291610743,4.597110626865356,0.6748716316763274,0.028107879815726378,4.617412721967241,-0.02030209510188552
14152040100,12.783424078772464,4.597711511357823,0.6749472803182219,0.07564864189454568,4.61806155000486,-0.020350038647037216
14153040100,12.784204818666899,4.598328132061746,0.6749981192162063,0.0508388979843577,4.618710430452836,-0.02038229839109018
14154040100,12.784985526793326,4.5988844961586395,0.6750641150321507,0.06599581594434589,4.619359338623958,-0.020474842465318943
14155040100,12.785766193677542,4.5995383333273745,0.6751223211788748,0.05820614672412994,4.620008287398685,-0.020469954071310248
14156040100,12.786546824184658,4.600173689218241,0.6752108611002713,0.08853992139648881,4.6206572689008425,-0.02048357968260106
14157040100,12.787327399351899,4.600814514634827,0.6752506711381296,0.03981003785830417,4.621306287173374,-0.020491772538546726
14158040100,12.788107949634783,4.601330842869422,0.675299767524872,0.04909638674237726,4.621955326447246,-0.02062448357782376
14159040100,12.788888469226919,4.6018599400907405,0.6753461560771402,0.046388552268226135,4.6226044120440335,-0.020744471953292987
14160040100,12.789668959819277,4.602486454959691,0.6754550818965855,0.10892581944538016,4.623253539136611,-0.02076708417691986
14161040100,12.790449382310122,4.603103513051675,0.6755578840303068,0.10280213372131186,4.623902709132096,-0.020799196080421467
14162040100,12.791229740519547,4.60373910355496,0.675612044101919,0.05416007161219305,4.624551889503753,-0.020812785948792545
14163040100,12.792010064859761,4.604295209318501,0.6756710019946595,0.05895789274047658,4.625201083420693,-0.020905874102192357
14164040100,12.792790352327826,4.605002348650085,0.6757207276612185,0.049725666559007564,4.625850316179221,-0.020847967529136646
14165040100,12.793570608695447,4.60559929733851,0.6758104013724336,0.08967371121520884,4.626499585280257,-0.02090028794174703
14166040100,12.794350808972627,4.606244395367715,0.67582446073042,0.014059357986324628,4.627148895526112,-0.020904500158397177
14167040100,12.795131000455182,4.606891350234091,0.67589374070551,0.06927997508994999,4.6277982261179815,-0.02090687588389084
14168040100,12.795911148598417,4.6075080967333015,0.6759389646483429,0.04522394283293174,4.6284476164184785,-0.020939519685176933
14169040100,12.79669126844899,4.6081672679490895,0.6759832948977722,0.04433024942929542,4.629097037676194,-0.02092976972710492
14170040100,12.797471360564458,4.608808181990518,0.6760428101589105,0.05951526113833694,4.629746502415733,-0.020938320425215373
14171040100,12.798251415441948,4.609352490942486,0.6760811153897192,0.0383052308085734,4.6303960111025475,-0.02104352016006139
14172040100,12.799031446350856,4.60993568205312,0.6761285883706365,0.04747298091730734,4.63104555582462,-0.02110987377150053
14173040100,12.799811447553097,4.610545257451428,0.676224592385453,0.09600401481644383,4.631695147631866,-0.021149890180438113
14174040100,12.80059138867454,4.611224009029013,0.6763013116649166,0.07671927946361023,4.6323447817473244,-0.021120772718311365
14175040100,12.801371281778705,4.6118180980817565,0.6763649400720831,0.06362840716660578,4.632994432870429,-0.021176334788672868
14176040100,12.80215113505546,4.612344250328516,0.6763939306925261,0.028990620442881365,4.633644111044042,-0.021299860715525476
14177040100,12.802930970184851,4.612913328942397,0.6764653772788852,0.07144658635912826,4.634293823087786,-0.02138049414538923
14178040100,12.803710760587764,4.613600201501643,0.6765710563228958,0.10567904401063721,4.634943587064784,-0.021343385563141304
14179040100,12.804490484826943,4.614231267380617,0.6766554595206995,0.08440319780372185,4.635593380829539,-0.02136211344892125
14180040100,12.805270156216553,4.614845257220555,0.6766809064821094,0.025446961409960167,4.636243186512738,-0.021397929292183093
14181040100,12.806049811671306,4.615379179595829,0.6767343002224862,0.05339374037666289,4.636893015203281,-0.021513835607452236
14182040100,12.806829433689323,4.616046899798094,0.6767963151637543,0.06201494126816698,4.637542897667922,-0.021495997869828365
14183040100,12.80760901686896,4.6166567486670615,0.676898622644582,0.10230748082778973,4.638192819320091,-0.021536070653029427
14184040100,12.808388535969476,4.617236678230919,0.676934015208578,0.035392563996003545,4.6388427756559665,-0.02160609742504782
14185040100,12.809168032900363,4.61786072272919,0.6769984409960096,0.06442578743162741,4.639492745626995,-0.021632022897805747
14186040100,12.80994748947293,4.618506225737777,0.6770779733343877,0.07953233837807616,4.640142764175071,-0.02163653843729385
14187040100,12.810726896219501,4.619146928042958,0.6771355244421816,0.05755110779391792,4.64079281613318,-0.021645888090222165
14188040100,12.811506266907962,4.619774424993882,0.6771823720977335,0.04684765555178316,4.641442893602333,-0.02166846860845073
14189040100,12.812285608242554,4.620382793951584,0.6772316516108383,0.04927951310487977,4.642093008063306,-0.021710214111721804
14190040100,12.813064918697677,4.620953337234877,0.6772875975320012,0.05594592116282193,4.642743165108531,-0.021789827873654133
14191040100,12.813844194093738,4.621542001537899,0.6773532123180769,0.0656147860757148,4.643393363466039,-0.021851361928139745
14192040100,12.814623428368542,4.622169634886858,0.677437919907647,0.08470758957017566,4.644043599648695,-0.021873964761836895
14193040100,12.815402609551528,4.622838063990169,0.6775137090436851,0.07578913603812687,4.6446938685968195,-0.021855804606650153
14194040100,12.816181743227741,4.623446723112425,0.6775700753106879,0.0563662670027778,4.64534416031737,-0.021897437204944303
14195040100,12.816960841569081,4.624121826822841,0.6776060188119618,0.03594350127389134,4.645994479467062,-0.021872652644220558
14196040100,12.817739917376874,4.624738137470471,0.677671944338389,0.06592552642715965,4.646644836203235,-0.02190669873276363
14197040100,12.818518951852303,4.625438859321659,0.6777046168700286,0.032672531639656555,4.64729524121292,-0.02185638189126049
14198040100,12.819297965842255,4.626107519255751,0.6777667782585407,0.062161388512137705,4.647945678802353,-0.021838159546602398
14199040100,12.820076940855106,4.626736018355633,0.6777866497666248,0.019871508084156275,4.648596166377727,-0.02186014802209435
14200040100,12.820855903407274,4.627387717427217,0.6778225408815101,0.03589111488526697,4.649246688499121,-0.02185897107190371
14201040100,12.821634843452683,4.628059982370377,0.6778785737325527,0.056032851042640885,4.649897267312285,-0.021837284941907953
14202040100,12.822413748358759,4.628653227454093,0.6779230327031132,0.04445897056045567,4.650547894430886,-0.02189466697679343
14203040100,12.823192625381974,4.629247949590413,0.6779571896149543,0.034156911841186854,4.651198559304369,-0.021950609713956126
14204040100,12.823971480982317,4.630017868183329,0.6780309901735385,0.07380055858423518,4.651849267994878,-0.021831399811548913
14205040100,12.824750290292588,4.6306696299969445,0.678104186087442,0.0731959139035041,4.65250002590154,-0.02183039590459579
14206040100,12.825529053687847,4.631305029389603,0.6780895700597513,-0.014616027690719235,4.653150812246828,-0.02184578285722516
14207040100,12.826307826251917,4.631890067173171,0.6781340446900874,0.04447463033604393,4.653801627340766,-0.021911560167594324
14208040100,12.827086570915997,4.632592649088685,0.6781867457366293,0.05270104654185204,4.6544525172208715,-0.021859868132186655
14209040100,12.827865282517468,4.633171656423452,0.6782647966849935,0.07805094836416693,4.655103450911554,-0.021931794488101453
14210040100,12.828643945148803,4.6337776939015445,0.6782839941762236,0.019197491230153574,4.6557544240981645,-0.021976730196620053
14211040100,12.829422595734666,4.634443764732892,0.6783651426374946,0.08114846127097586,4.656405423480553,-0.021961658747660984
14212040100,12.830201195400733,4.635060535598039,0.6784328790488009,0.06773641130631347,4.657056479930171,-0.021995944332132034
14213040100,12.830979752558994,4.635715113201669,0.6784705972883305,0.03771823952960496,4.65770756094326,-0.02199244774159137
14214040100,12.831758286045726,4.636351818392024,0.6785330464129921,0.06244912466159569,4.658358673550566,-0.022006855158542393
14215040100,12.832536780337678,4.637013501841732,0.6785766010355281,0.04355462253597331,4.659009833504982,-0.021996331663249435
14216040100,12.83331524729176,4.637581018637938,0.6786291444477842,0.052543412256099487,4.659661027823384,-0.02208000918544606
14217040100,12.834093681264024,4.638161810597345,0.6786691949340946,0.040050486310430955,4.660312266423777,-0.022150455826431603
14218040100,12.834872090094914,4.638690682731084,0.6787565183317594,0.08732339766480379,4.660963544585375,-0.022272861854291115
14219040100,12.835650444104902,4.6393660078304455,0.6788373649008314,0.08084656907176502,4.6616148688689325,-0.022248861038487
14220040100,12.836428747354796,4.640011823596926,0.6789444393480166,0.10707444718524606,4.662266214438665,-0.022254390841738747
14221040100,12.83720698336941,4.640692794044609,0.6789782499964183,0.033810648401681576,4.662917584687648,-0.022224790643038617
14222040100,12.83798519815144,4.641309925913449,0.6790268387598509,0.048588763432638515,4.663568965820904,-0.022259039907455147
14223040100,12.838763382418897,4.641883759203989,0.67905779644619,0.030957686339043278,4.664220396339658,-0.022336637135668802
14224040100,12.839541547243437,4.642522435297671,0.6791207667119998,0.06297026580986298,4.66487186847597,-0.02234943317829874
14225040100,12.840319672517323,4.643128597530746,0.6792055623534293,0.08479564142948881,4.665523391500784,-0.022394793970038407
14226040100,12.841097744527497,4.64370484274844,0.6792579877314017,0.05242537797234448,4.6661749485797035,-0.022470105831263076
14227040100,12.841875783604284,4.644307654173578,0.6793267778564221,0.06879012502040638,4.666826528226753,-0.02251887405317543
14228040100,12.84265377946418,4.644992221556113,0.6794106884420562,0.0839105856341984,4.667478147464525,-0.022485925908411808
14229040100,12.843431722602887,4.645702435782461,0.6794814333349551,0.07074489289897734,4.668129797679137,-0.0224273618966766
14230040100,12.844209621288176,4.646288467183343,0.6795112499032397,0.02981656828456103,4.668781470905913,-0.022493003722569682
14231040100,12.844987501236695,4.646902158136284,0.6795281374737004,0.01688757046072098,4.669433174066645,-0.022531015930360887
14232040100,12.845765370572733,4.6476039980573285,0.6796072627673924,0.0791252936919129,4.670084928706451,-0.022480930649122932
14233040100,12.846543190181944,4.64823252109603,0.679672660151965,0.06539738457266075,4.670736741637112,-0.02250422054108281
14234040100,12.847320968688045,4.648868183488784,0.679693912143933,0.02125199196799521,4.671388580083651,-0.022520396594866376
14235040100,12.848098733836277,4.649519517223732,0.6797518819658269,0.05796982189388622,4.672040451269828,-0.022520934046095675
14236040100,12.84887646254598,4.650217864448428,0.6798063308981,0.05444893227314829,4.67269237845098,-0.022474514002552404
14237040100,12.84965415702793,4.650816049053902,0.6798529733436571,0.04664244555702979,4.67334434228289,-0.022528293228988083
14238040100,12.85043182218761,4.65145130943784,0.679876034602933,0.023061259275836576,4.6739963446182475,-0.022545035180407957
14239040100,12.851209472848964,4.652082387718114,0.6799493040590033,0.07326945607030133,4.674648389570045,-0.02256600185193136
14240040100,12.85198707744397,4.652652119583878,0.6800040905031978,0.05478644419442524,4.675300489570537,-0.02264836998665931
14241040100,12.852764647590636,4.65320993424321,0.6800610375670115,0.05694706381379433,4.675952618149042,-0.022742683905831562
14242040100,12.853542181927942,4.65397319064486,0.6801488369205122,0.08779935350072599,4.6766047850470045,-0.022631594402144906
14243040100,12.854319661050463,4.654559743262735,0.6802428027414348,0.0939658209226284,4.677256989122375,-0.02269724585964017
14244040100,12.855097081073625,4.655219226162169,0.6802338441752505,-0.008958566184388062,4.677909214094457,-0.022689987932288602
14245040100,12.855874506731531,4.655812936814185,0.6803133792940175,0.07953511876703523,4.678561456698253,-0.022748519884067342
14246040100,12.85665188236139,4.656435052448063,0.6803564436072703,0.04306431325287363,4.679213771246259,-0.02277871879819582
14247040100,12.857429230901497,4.657016178210772,0.6804325472241292,0.07610361685881095,4.679866111036324,-0.02284993282555181
14248040100,12.858206531564838,4.6576281730579945,0.6804945214193995,0.06197419527031478,4.68051849531585,-0.022890322257855367
14249040100,12.858983793236904,4.658242440023753,0.6805771553120181,0.08263389261865406,4.681170906638348,-0.022928466614595244
14250040100,12.859761002914933,4.65886490161332,0.6806444490168168,0.06729370479863839,4.681823352458993,-0.02295845084567283
14251040100,12.860538170247198,4.659417183560293,0.6807107002691305,0.0662512523137,4.682475821859843,-0.023058638299549905
14252040100,12.861315295886241,4.660041754681351,0.6807729260152645,0.06222574613406451,4.683128322936996,-0.023086568255645368
14253040100,12.862092382362288,4.660710902553611,0.6808704578591086,0.09753184384406843,4.683780856236007,-0.023069953682395727
14254040100,12.862869407448697,4.661312759431489,0.6809319171511943,0.06145929208563494,4.684433423879547,-0.023120664448057937
14255040100,12.86364639384688,4.66194315721747,0.6809710720794858,0.039154928291550206,4.685086007198068,-0.0231428499805979
14256040100,12.86442335559576,4.662579518067598,0.6810439817953408,0.07290971585491945,4.685738625252926,-0.023159107185327876
14257040100,12.865200271442422,4.66313816963479,0.6811026828658499,0.058701070509130204,4.6863912898362745,-0.023253120201484734
14258040100,12.865977150329291,4.663770499037967,0.6811584582759979,0.05577541014798193,4.687043983094648,-0.023273484056681504
14259040100,12.866753994095962,4.664394026558866,0.6812532907485085,0.09483247251065663,4.687696712538489,-0.023302685979623483
14260040100,12.867530778143758,4.665049736236501,0.6813113431958415,0.05805244733296355,4.688349479712658,-0.02329974347615682
14261040100,12.868307525630726,4.665594925923962,0.6813738739287838,0.06253073294222666,4.689002263943635,-0.02340733801967332
14262040100,12.869084233733561,4.666281263621249,0.6814203162608694,0.04644233208558646,4.6896550846887965,-0.023373821067547595
14263040100,12.869860912583357,4.666895292719295,0.6815222521072491,0.10193584637975661,4.690307939574021,-0.02341264685472577
14264040100,12.870637527220056,4.667500920799502,0.6815535640531234,0.0313119458742932,4.690960837114595,-0.023459916315093032
14265040100,12.871414122130602,4.668143697338515,0.6816211293631779,0.0675653100544249,4.6916137479186,-0.023470050580085555
14266040100,12.872190674473211,4.668852461195069,0.6816929963793154,0.07186701613744795,4.692266709384537,-0.023414248189467912
14267040100,12.872967181533804,4.669484529752354,0.6817463348668694,0.05333848755407544,4.692919702307533,-0.02343517255517913
14268040100,12.873743654984255,4.670124892030622,0.6817665838823151,0.020249015445696017,4.693572724402548,-0.023447832371926047
14269040100,12.874520115674631,4.670820879968778,0.6818252370404809,0.0586531581657308,4.694225785483681,-0.023404905514903263
14270040100,12.875296539402463,4.671398626207541,0.6818797882288192,0.05455118833829964,4.694878903089682,-0.023480276882141382
14271040100,12.876072928750368,4.672019924654667,0.6819064691089838,0.02668088016458725,4.695532056864865,-0.023512132210197656
14272040100,12.876849301282277,4.672629569188255,0.6819924397385082,0.08597062952442158,4.696185248981157,-0.023555679792901962
14273040100,12.877625619626238,4.673217211924064,0.6820567172217442,0.06427748323603844,4.696838494217408,-0.023621282293343704
14274040100,12.87840189745186,4.673807593184211,0.6821269354231337,0.07021820138956336,4.697491761127983,-0.02368416794377204
14275040100,12.87917813101065,4.674441716322164,0.6822082966089247,0.08136118579098728,4.698145061212077,-0.023703344889913325
14276040100,12.879954313273084,4.6751035140379145,0.6822884309569541,0.08013434802942143,4.6987983913126286,-0.023694877274714088
14277040100,12.880730445007629,4.675749484897418,0.6823467477882341,0.05831683128000975,4.699451745509311,-0.023702260611893067
14278040100,12.881506539967964,4.676373417454051,0.682391222491643,0.04447470340883086,4.700105124444365,-0.023731706990314017
14279040100,12.882282606881068,4.677016419325632,0.682443637808512,0.05241531686905887,4.70075853969346,-0.02374212036782808
14280040100,12.883058640737357,4.677711339196647,0.6825071493992221,0.0635115907100694,4.701411998604266,-0.023700659407619007
14281040100,12.883834634535875,4.678336381861565,0.6825611690773917,0.05401967816964515,4.702065496959319,-0.023729115097753883
14282040100,12.884610594260861,4.67893124833817,0.6825891666349361,0.02799755754429789,4.7027190288622265,-0.0237877805240565
14283040100,12.885386536325175,4.679541446154946,0.682652176547932,0.06300991299589676,4.703372599351818,-0.02383115319687157
14284040100,12.886162438641032,4.680153583999164,0.6827304112564527,0.07823470852063963,4.704026222254109,-0.02387263825494479
14285040100,12.886938291599908,4.680748119616231,0.6828010933514086,0.07068209495583844,4.704679878964383,-0.023931759348151616
14286040100,12.887714099962539,4.681386074188509,0.6828709053743667,0.0698120229581427,4.705333561385,-0.02394748719649087
14287040100,12.888489864274085,4.682045359803066,0.6829496496596796,0.0787442853129896,4.705987273523446,-0.023941913720380015
14288040100,12.88926557889379,4.682667401709773,0.6830067308414333,0.057081181753599,4.7066410158361816,-0.023973614126408194
14289040100,12.890041257489218,4.6832537234824265,0.683053150502589,0.046419661155670866,4.7072947835661285,-0.024041060083701993
14290040100,12.890816906787055,4.683867395084164,0.6831182681779215,0.0651176753325231,4.707948588229707,-0.024081193145542912
14291040100,12.891592514983309,4.6845832526254005,0.6832013993528786,0.08313117495709221,4.708602435496845,-0.024019182871444222
14292040100,12.892368070703267,4.68523713759576,0.6832709572664043,0.06955791352571694,4.709256315416626,-0.0240191778208656
14293040100,12.89314358251089,4.685933710670363,0.6832893145812591,0.01835731485473424,4.709910218396004,-0.023976507725641305
14294040100,12.893919082728802,4.686595219474967,0.6833386697473687,0.04935516610962587,4.710564151651695,-0.023968932176728686
14295040100,12.89469455178552,4.687189876177474,0.6833666107198757,0.02794097250702343,4.711218142440449,-0.024028266262975606
14296040100,12.895470003200408,4.687843047715896,0.6834120975578817,0.0454868380060347,4.711872174260419,-0.02402912654452294
14297040100,12.896245425893776,4.688402501388512,0.6834911497127789,0.07905215489723005,4.712526258516142,-0.024123757127630263
14298040100,12.897020798667828,4.689109331154581,0.6835409724930298,0.04982278025091702,4.71318038586463,-0.02407105471004911
14299040100,12.897796139977643,4.689717665777054,0.6836378650999182,0.0968926068883551,4.713834538422351,-0.024116872645296716
14300040100,12.898571420092026,4.690361751688154,0.6836609769102792,0.0231118103609802,4.714488731757193,-0.024126980069039128
14301040100,12.899346685608375,4.690919234921526,0.6837334483984243,0.07247148814514226,4.7151429407800745,-0.024223705858548605
14302040100,12.900121905347126,4.691508406225571,0.683788072332499,0.05462393407470323,4.715797204810313,-0.024288798584741755
14303040100,12.900897090579235,4.692158183957368,0.6838862186707099,0.0981463382107588,4.716451497535553,-0.02429331357818576
14304040100,12.901672213805233,4.692750449459552,0.6839686655639273,0.08244689321750442,4.717105828466774,-0.024355379007221956
14305040100,12.902447284937816,4.6933311784764955,0.6840208374526584,0.05217188873111667,4.717760174387854,-0.024428995911358165
14306040100,12.903222323103286,4.6938968881529055,0.6841018971119622,0.08105965930382197,4.7184145436607015,-0.024517655507795943
14307040100,12.903997310043442,4.694535838697161,0.684188883970283,0.0869868583207758,4.719068952430646,-0.024533113733485656
14308040100,12.90477224200695,4.695310555492956,0.684283577645606,0.09469367532294548,4.719723385278929,-0.024412829785973145
14309040100,12.905547114116352,4.6960640788071,0.6843416938907831,0.05811624517716574,4.720377839032574,-0.024313760225473935
14310040100,12.906321949488119,4.696632346852857,0.6843316969367875,-0.009996953995631941,4.721032309566098,-0.024399962713241408
14311040100,12.907096791179551,4.697295184297189,0.6843321070079952,0.0004100712078010105,4.721686816400142,-0.024391632102953587
14312040100,12.907871632611755,4.6979616488104,0.6844253353412334,0.09322833323826885,4.722341395910087,-0.02437974709968671
14313040100,12.908646415105775,4.69852071143511,0.6844712987972658,0.04596345603231278,4.722996042547585,-0.02447533111247502
14314040100,12.909421168539598,4.699113297866701,0.6845154586468833,0.04415984961757857,4.723650706737004,-0.024537408870303423
14315040100,12.910195894052006,4.6997905318117965,0.6846135194198417,0.0980607729583447,4.724305413721387,-0.024514881909590613
14316040100,12.910970557557087,4.700349177815536,0.6846949639279473,0.08144450810558368,4.724960164464292,-0.024610986648756494
14317040100,12.911745169556237,4.700974592538292,0.6847340615921569,0.0390976642096561,4.725614930155322,-0.024640337617030106
14318040100,12.912519756827995,4.701612968830612,0.6848326529404817,0.09859134832477068,4.726269719664382,-0.024656750833769614
14319040100,12.91329428174021,4.702417171443324,0.6848979305878857,0.06527764740409303,4.726924555626438,-0.0245073841831136
14320040100,12.914068765359831,4.703096647280762,0.6849567835963452,0.058853008459463396,4.72757940622458,-0.024482758943817906
14321040100,12.914843211748051,4.703688875265938,0.6849324320586228,-0.024351537722434813,4.728234289265776,-0.024545413999838672
14322040100,12.915617673541789,4.704327356291298,0.6849704109444722,0.03797888584941411,4.728889208182489,-0.024561851891190756
14323040100,12.916392111308738,4.704993554595056,0.6850521570760736,0.08174613160143096,4.729544207493511,-0.024550652898454928
14324040100,12.917166497356403,4.705660280303147,0.685110849921309,0.058692845235405855,4.730199253856606,-0.02453897355345891
14325040100,12.917940846266983,4.70632522200332,0.6851556853495004,0.044835428191415616,4.730854323847279,-0.0245291018439584
14326040100,12.918715166806772,4.70691646693031,0.6852002455778797,0.044560228379312505,4.731509429798011,-0.024592962867701296
14327040100,12.919489459148366,4.707541681806773,0.6852456961187487,0.045450540869037326,4.732164579125282,-0.024622897318509196
14328040100,12.920263722726782,4.708163885588023,0.6853281445432791,0.08244842453034984,4.732819771976416,-0.024655886388393
14329040100,12.921037934123987,4.708771432096467,0.6853936897109542,0.06554516767504914,4.733475007874572,-0.02470357577810578
14330040100,12.921812104034217,4.709400178133571,0.6854608280139801,0.06713830302597401,4.7341302669998875,-0.02473008886631689
14331040100,12.922586231445642,4.710006956134364,0.6855354019922227,0.07457397824266288,4.734785558399947,-0.024778602265583594
14332040100,12.923360311647365,4.710715433140457,0.6855994454342333,0.06404344201063594,4.735440881216007,-0.024725448075550105
14333040100,12.924134351302394,4.711370914467984,0.6856745856920302,0.07514025779687294,4.736096231457115,-0.024725316989131052
14334040100,12.924908343381151,4.712062478203229,0.6856987839061703,0.02419821414013157,4.736751614761507,-0.02468913655827798
14335040100,12.925682320137486,4.7127201539059405,0.6857494962951906,0.050712389020242554,4.737407025174383,-0.024686871268442268
14336040100,12.92645626478103,4.713362488354122,0.6857821087279476,0.03261243275705539,4.738062490008511,-0.02470000165438968
14337040100,12.927230188772235,4.714041542568139,0.6858316879658616,0.04957923791392638,4.738717995046969,-0.02467645247882988
14338040100,12.928004081365023,4.714728480007574,0.6858889842743854,0.057296308523778094,4.7393735499981595,-0.024645069990585355
14339040100,12.928777937669821,4.715356004278758,0.6859278986578323,0.03891438344689213,4.740029145761474,-0.024673141482716154
14340040100,12.929551769327173,4.715992593885648,0.6859628291512796,0.034930493447266286,4.740684778194597,-0.024692184308948484
14341040100,12.930325578859382,4.716513582188861,0.6860275407800809,0.06471162880133896,4.741340457160447,-0.024826874971586754
14342040100,12.931099347400437,4.717092500960687,0.6860877811861106,0.0602404060297097,4.741996184798786,-0.024903683838099155
14343040100,12.931873077779693,4.7176652368155265,0.6862061160588936,0.11833487278311772,4.742651945122967,-0.02498670830744043
14344040100,12.932646733186612,4.718306428943021,0.6862956557233951,0.08953966450155448,4.743307740529183,-0.025001311586161812
14345040100,12.933420331857507,4.718923565470443,0.6863884705065106,0.09281478311547708,4.743963539811604,-0.02503997434116112
14346040100,12.934193871710582,4.719565833846525,0.6864470883057116,0.05861779920086896,4.744619358419966,-0.025053524573440455
14347040100,12.934967374413436,4.720153580968516,0.6865178209320801,0.07073262636867916,4.7452751945830105,-0.02512161361449472
14348040100,12.93574083228451,4.720738934910325,0.6865760235470343,0.05820261495415835,4.745931066667492,-0.025192131757166614
14349040100,12.936514253262681,4.721362038175755,0.6866616409996776,0.08561745264332998,4.746586968158004,-0.025224929982249122
14350040100,12.937287619965737,4.721985894049854,0.6867486108405246,0.08696984084699899,4.7472429057848196,-0.02525701173496575
14351040100,12.93806093153056,4.72266612645443,0.6868167897564355,0.06817891591080283,4.747898864802879,-0.02523273834844897
14352040100,12.938834199866365,4.723326690997044,0.686884667269922,0.06787751348653082,4.748554844474489,-0.025228153477445225
14353040100,12.93960742516069,4.723893344422429,0.6869243183394788,0.039651069556716934,4.749210854897754,-0.025317510475325378
14354040100,12.940380625310416,4.724528130158485,0.686973809607606,0.049491268127271226,4.749866896229188,-0.025338766070702512
14355040100,12.941153794073712,4.725130074067725,0.6870704506642439,0.09664105663782863,4.75052298365315,-0.02539290958542484
14356040100,12.941926901543606,4.725752061151017,0.6871330912151862,0.06264055094234955,4.7511791118745315,-0.02542705072351481
14357040100,12.942699969280646,4.7264216482790715,0.6872122814468703,0.07919023168416395,4.751835255510192,-0.02541360723112085
14358040100,12.94347298678304,4.72701613514969,0.6872815261117734,0.0692446649031524,4.752491432854258,-0.0254752977045678
14359040100,12.944245960355822,4.727656834053434,0.6873269607889293,0.04543467715587113,4.75314763498978,-0.025490800936346147
14360040100,12.945018905102312,4.72820522183825,0.687410081421061,0.08312063213165466,4.753803867265383,-0.025598645427132638
14361040100,12.945791797108308,4.728829755417509,0.6874701421734144,0.06006075235339736,4.7544601425025395,-0.025630387085030293
14362040100,12.946564651002104,4.729521615052846,0.6875765957409133,0.10645356749898127,4.755116440394723,-0.025594825341876515
14363040100,12.94733743733779,4.730185555971558,0.6876450512673298,0.06845552641640396,4.755772773360311,-0.025587217388753025
14364040100,12.948110180225251,4.730896782845561,0.6876797902490706,0.034738981740797925,4.756429116387745,-0.025532333542183316
14365040100,12.948882901062749,4.7315737394554525,0.6877284784242635,0.048688175192973304,4.757085489948217,-0.025511750492764662
14366040100,12.949655590994706,4.732282179541781,0.6877534291817036,0.024950757440061366,4.757741912217705,-0.02545973267592405
14367040100,12.950428265088089,4.732921927146048,0.6877954983570266,0.04206917532292209,4.7583983756752275,-0.025476448529179407
14368040100,12.951200912475153,4.733430817463516,0.6878217424348904,0.02624407786374583,4.759054893123999,-0.02562407566048286
14369040100,12.95197354320128,4.734099581331808,0.6878823932890984,0.06065085420798155,4.7597114553331785,-0.025611874001370438
14370040100,12.952746135421446,4.734725903219599,0.6880087905106937,0.12639722159540767,4.760368070841931,-0.0256421676223324
14371040100,12.95351864738552,4.735293975404908,0.6880552533099442,0.04646279925041341,4.761024721086894,-0.025730745681985745
14372040100,12.954291129844874,4.735986611291696,0.6881230151242649,0.06776181432074857,4.76168137057649,-0.02569475928479381
14373040100,12.955063569271257,4.736624508669802,0.688220078566751,0.09706344248617249,4.762338062444671,-0.02571355377486917
14374040100,12.95583594705013,4.737251277211099,0.6882548094597539,0.03473089300297083,4.762994785190212,-0.02574350797911329
14375040100,12.956608302768744,4.737774872074254,0.6883169626965121,0.062153236758167196,4.763651522982165,-0.025876650907911802
14376040100,12.957380619006738,4.738426494662626,0.6883847478133823,0.06778511687025102,4.76430830947856,-0.02588181481593388
14377040100,12.958152892183257,4.739114043308537,0.6885044105048109,0.11966269142855346,4.76496512986634,-0.025851086557802994
14378040100,12.958925089333666,4.739710332209138,0.6885600866749222,0.055676170111315315,4.765621981098057,-0.02591164888891928
14379040100,12.959697251107187,4.740395462505689,0.6885977538434045,0.037667168482188984,4.7662788351290075,-0.0258833726233183
14380040100,12.96046938894546,4.741087265976394,0.6886811734144187,0.0834195710143053,4.766935726530765,-0.02584846055437051
14381040100,12.961241473771658,4.741719824585211,0.6887201344950719,0.03896108065310777,4.767592665037883,-0.025872840452672463
14382040100,12.962013533836743,4.742356797841029,0.6887557128114017,0.03557831632977759,4.7682496259103075,-0.025892828069278728
14383040100,12.962785571289555,4.743025768259622,0.6888209735458559,0.06526073445419556,4.768906633185091,-0.025880864925468927
14384040100,12.963557567262498,4.7436531769553865,0.6888840902260268,0.06311668017090177,4.769563688693376,-0.025910511737989417
14385040100,12.964329523115213,4.744324192835979,0.6889312086117398,0.04711838571298088,4.770220776377904,-0.025896583541925366
14386040100,12.965101449015036,4.7449714347470335,0.6889991833049671,0.06797469322722627,4.7708778973939765,-0.025906462646942963
14387040100,12.965873331700712,4.745720971414918,0.689045343281823,0.04615997685584361,4.771535060396001,-0.025814088981083394
14388040100,12.966645185038669,4.746400232118438,0.6891034310786059,0.058087796782979595,4.772192254093424,-0.025792021974986312
14389040100,12.967417001443067,4.747045049071599,0.6891102021587323,0.006771080126339868,4.772849490291577,-0.025804441219977825
14390040100,12.968188813542087,4.747654074398094,0.6891520884223952,0.041886263662760825,4.773506762531127,-0.025852688133033652
14391040100,12.968960599007021,4.748246228490363,0.6892112394925087,0.05915107011352383,4.77416409860129,-0.025917870110927055
14392040100,12.969732346857445,4.748848210425666,0.689288414912749,0.07717542024025903,4.774821479489857,-0.02597326906419095
14393040100,12.970504045627509,4.749478501904066,0.6893741788128971,0.08576390014818358,4.775478895844385,-0.026000393940319277
14394040100,12.971275689849906,4.75009183858181,0.6894551573933468,0.08097858044980377,4.7761363378950215,-0.026044499313211844
14395040100,12.97204728256299,4.750673476329186,0.689522048351447,0.06689095810025059,4.776793800979084,-0.026120324649897775
14396040100,12.97281883272388,4.751294612006139,0.6895975154794007,0.07546712795366517,4.777451287680169,-0.026156675674029906
14397040100,12.973590334872764,4.752010217231701,0.6896889955789571,0.0914800995564331,4.778108805627184,-0.026098588395482736
14398040100,12.974361778816336,4.752571193923247,0.6897608151012304,0.0718195222732998,4.778766350164123,-0.02619515624087576
14399040100,12.975133177059352,4.753158028034647,0.6897852970227832,0.024481921552833796,4.779423912598125,-0.026265884563478004
14400040100,12.975904559723,4.753654855851373,0.6898872953313613,0.10199830857796144,4.7800815035830855,-0.02642664773171255
14401040100,12.976675877473811,4.754349571770578,0.6899765207192388,0.08922538787746426,4.780739148797014,-0.026389577026436406
14402040100,12.97744713843403,4.754966364115988,0.6901110980037312,0.13457728449254702,4.781396806178654,-0.026430442062665982
14403040100,12.978218313726257,4.75557436543241,0.6901466632037644,0.03556520003327712,4.782054482646142,-0.026480117213732335
14404040100,12.978989466376378,4.756163587215157,0.6902212815018641,0.07461829809976983,4.782712153564933,-0.02654856634977598
14405040100,12.97976057151859,4.75670952444437,0.6903003918793136,0.07911037744947258,4.783369872679069,-0.026660348234699427
14406040100,12.980531626288192,4.757320979557599,0.6903890531159356,0.0886612366219488,4.784027618779948,-0.026706639222349615
14407040100,12.981302624598053,4.757963879300522,0.6904995937404402,0.1105406245046332,4.7846853894199075,-0.026721510119385172
14408040100,12.982073552506822,4.758627931443321,0.69057748032353,0.0778865830897626,4.785343179400867,-0.02671524795754543
14409040100,12.982844430805542,4.759253703404473,0.6906396840427483,0.062203719218423714,4.7860009768206275,-0.026747273416154904
14410040100,12.983615269480094,4.760010848975483,0.6906913027719839,0.05161872923552835,4.7866587994122245,-0.026647950436741397
14411040100,12.984386075270919,4.760587972096982,0.6907621382792222,0.07083550723832666,4.78731665569406,-0.026728683597077918
14412040100,12.985156835932619,4.761229922277104,0.6907671052480716,0.004966968849476672,4.787974551417861,-0.026744629140757148
14413040100,12.98592759342973,4.761811971893117,0.6908622647078647,0.09515945979308782,4.788632476130479,-0.02682050423736193
14414040100,12.986698290294537,4.76243660908552,0.6909250570818194,0.06279237395470538,4.789290465655446,-0.026853856569926116
14415040100,12.9874689471464,4.763127814989723,0.6910179840238211,0.09292694200168228,4.789948470933409,-0.026820655943685878
14416040100,12.98823954477721,4.763738307462967,0.6910896917902967,0.07170776647554611,4.790606509564297,-0.026868202101329786
14417040100,12.989010096705103,4.764355048758652,0.6911280655427886,0.038373752491907,4.791264565142653,-0.026909516384000298
14418040100,12.989780624173873,4.765021933168855,0.6912068996107037,0.07883406791503944,4.791922649207333,-0.026900716038477768
14419040100,12.990551101390878,4.765625401346407,0.6912827061960986,0.07580658539482243,4.792580779900982,-0.026955378554575304
14420040100,12.991321530281432,4.766274453760039,0.6913334470312861,0.05074083518755401,4.793238935192273,-0.02696448143223318
14421040100,12.992091926822397,4.766845909045295,0.6914160176558471,0.08257062456112862,4.793897116721652,-0.02705120767635716
14422040100,12.992862270716591,4.7674796069685605,0.6914758275396439,0.05980988379667984,4.794555338136398,-0.027075731167837347
14423040100,12.993632576472914,4.768022518429747,0.6915746294625711,0.09880192292725631,4.795213582092337,-0.027191063662590054
14424040100,12.994402819221987,4.768567481094233,0.6916423704291557,0.06774096658454809,4.795871860983876,-0.027304379889643293
14425040100,12.995173018767437,4.769232719821023,0.6917557528294399,0.11338240028426227,4.796530153553904,-0.027297433732881515
14426040100,12.995943145992301,4.769853441804346,0.6918683431271306,0.11259029769068896,4.797188476722511,-0.027335034918164247
14427040100,12.996713201392025,4.770475463753616,0.6919207968618417,0.052453734711033206,4.7978468055957375,-0.02737134184212131
14428040100,12.99748322332641,4.771131140599066,0.6919955870343762,0.07479017253453613,4.79850514058692,-0.02737399998785417
14429040100,12.998253197541212,4.771687799224269,0.6920698029089994,0.07421587462309986,4.79916351448551,-0.027475715261241263
14430040100,12.999023124398597,4.772406707354475,0.6921272161833422,0.05741327434285459,4.7998219151021235,-0.02741520774764883
14431040100,12.999793014617458,4.772981506021142,0.6922343554108031,0.10713922746093019,4.800480342742718,-0.027498836721576048
14432040100,13.00056283645818,4.773621982443565,0.6922602624367741,0.025907025970907327,4.80113880657162,-0.027516824128055006
14433040100,13.001332641763254,4.774197098160639,0.6923584096189924,0.09814718221829644,4.80179727943786,-0.027600181277221303
14434040100,13.002102384419358,4.774804729350672,0.6924237584348895,0.06534881589706387,4.802455805682902,-0.027651076332229962
14435040100,13.002872085358119,4.775457790698266,0.6925219811139179,0.09822267902858606,4.803114345857686,-0.027656555159420115
14436040100,13.003641723587355,4.776116840997509,0.6926040548393076,0.08207372538970503,4.803772917864954,-0.0276560768674452
14437040100,13.004411309411548,4.776835163226318,0.6926634404234777,0.059385584170110306,4.804431503738398,-0.02759634051207982
14438040100,13.005180857314112,4.77749337889278,0.6927198375360598,0.056397112582201814,4.80509011228928,-0.02759673339649993
14439040100,13.005950369200871,4.778148302925119,0.6927464905952223,0.026653059162530468,4.80574875590934,-0.027600452984221313
14440040100,13.006719864065849,4.778772597556438,0.6928032153260544,0.05672473083206597,4.806407436228794,-0.0276348386723555
14441040100,13.007489322702169,4.779370220464068,0.6928616117362193,0.05839641016491548,4.8070661695077845,-0.027695949043716972
14442040100,13.008258744039585,4.780036399726708,0.6929354182039577,0.07380646773838606,4.807724939305862,-0.02768853957915418
14443040100,13.009028118231646,4.780631698229636,0.6930227010868651,0.08728288290753561,4.808383744705843,-0.027752046476206438
14444040100,13.009797436664613,4.781265658379285,0.6930757088454939,0.053007758628698554,4.809042577274518,-0.027776918895233038
14445040100,13.01056672123167,4.781823019322255,0.6931642976364568,0.08858879096287176,4.809701429630987,-0.02787841030873217
14446040100,13.011335949195773,4.782492281631604,0.6932336152823708,0.06931764591396217,4.810360320521788,-0.027868038890184188
14447040100,13.012105132865823,4.783159038967075,0.693341454858685,0.10783957631427299,4.8110192304695545,-0.027860191502479204
14448040100,13.012874247618917,4.7837086323211295,0.6933933325755698,0.05187771688480147,4.811678170013419,-0.027969537692289492
14449040100,13.013643329215373,4.784321011216795,0.693446461941859,0.05312936628920362,4.81233711805347,-0.028016106836675547
14450040100,13.014412376853077,4.784977947830784,0.6935583962563222,0.11193431446325874,4.812996105223117,-0.028018157392333265
14451040100,13.015181352938503,4.785485033191147,0.6936390505813257,0.08065432500345437,4.813655130835022,-0.02817009764387457
14452040100,13.01595027746093,4.786122314900917,0.6936974494462917,0.05839886496602276,4.814314162668785,-0.028191847767867984
14453040100,13.016719164645341,4.786788292173498,0.693831080941947,0.13363149565521937,4.814973217848291,-0.02818492567479236
14454040100,13.017487966380983,4.787359817398249,0.69389966948271,0.06858854076301313,4.815632308563037,-0.02827249116478825
14455040100,13.018256724253323,4.788046732917222,0.6939539142365715,0.05424475386153027,4.816291393565066,-0.02824466064784481
14456040100,13.019025447432846,4.78870161912964,0.6940555572775442,0.10164304097287413,4.8169505084968804,-0.028248889367240793
14457040100,13.019794105599374,4.78941075992766,0.6940994645351244,0.04390725758003455,4.817609661219482,-0.02819890129182223
14458040100,13.020562735679455,4.790043322409911,0.6941594138743957,0.059949339271369695,4.818268825730058,-0.028225503320147283
14459040100,13.021331327408951,4.7907078189293,0.6941921418622787,0.0327279878830371,4.818928033691575,-0.028220214762275653
14460040100,13.022099898200647,4.791337267375133,0.6942632340244749,0.07109216219616599,4.8195872763011405,-0.028250008926007375
14461040100,13.022868423508141,4.7919681566767105,0.6943183659843066,0.05513195983185959,4.820246568495168,-0.028278411818457805
14462040100,13.02363691353997,4.7926662192804494,0.694391106460644,0.07274047633731051,4.820905889217414,-0.028239669936964695
14463040100,13.024405357025916,4.793207730050674,0.6944631976360596,0.07209117541562726,4.8215652472239725,-0.028357517173298596
14464040100,13.02517375437745,4.79386343053864,0.6945016433933563,0.03844575729675448,4.822224632843104,-0.02836120230446415
14465040100,13.025942127124166,4.794621420193325,0.6946186146233949,0.11697123003859211,4.82288404642447,-0.02826262623114495
14466040100,13.026710425003735,4.7953331250393525,0.6946785124018661,0.05989777847114475,4.823543506443542,-0.028210381404189633
14467040100,13.02747868454181,4.7960096176985685,0.6946870917565604,0.00857935469434068,4.824202969758096,-0.02819335205952722
14468040100,13.02824693858788,4.796653416841211,0.6947187106802608,0.03161892370043873,4.824862467713553,-0.02820905087234138
14469040100,13.029015172392869,4.797272151262771,0.6947679190284113,0.049208348150502346,4.825522028511969,-0.028249877249198363
14470040100,13.029783374695251,4.797916504703643,0.6948335370796396,0.06561805122823472,4.826181639496392,-0.028265134792748725
14471040100,13.03055153498683,4.798526712754546,0.6949117943375386,0.0782572578989651,4.826841290999582,-0.028314578245035804
14472040100,13.031319645171257,4.7992297365799415,0.6949772929412892,0.06549860375056227,4.827500973997317,-0.028271237417375694
14473040100,13.032087713414121,4.799852952132288,0.6950599789371911,0.08268599590190107,4.828160681533248,-0.028307729400959936
14474040100,13.032855728704893,4.800519728071383,0.6950961826823654,0.03620374517429603,4.828820420617232,-0.028300692545848882
14475040100,13.033623720809144,4.801121327546932,0.695172379385154,0.07619670278853796,4.829480181787968,-0.028358854241036013
14476040100,13.034391664110277,4.801762802873578,0.6952267929084076,0.054413523253634466,4.830139990614246,-0.02837718774066733
14477040100,13.035159572557442,4.802347258599905,0.6953139349099067,0.08714200149906048,4.830799825087267,-0.028452566487361608
14478040100,13.035927425182043,4.802927337519252,0.6953811885275214,0.06725361761473359,4.831459697190237,-0.028532359670984775
14479040100,13.036695234720458,4.803611361576338,0.6954771215930237,0.09593306550226899,4.832119588901465,-0.028508227325127145
14480040100,13.03746298279312,4.804203803435885,0.6955754124917287,0.09829089870507346,4.832779511162341,-0.028575707726456123
14481040100,13.038230667881999,4.804909422577281,0.6956216978927959,0.046285401067263976,4.833439448170884,-0.028530025593602737
14482040100,13.038998323309109,4.805490287073523,0.6957139167567635,0.09221886396758627,4.834099398614624,-0.02860911154110113
14483040100,13.039765919633314,4.806226902526499,0.6957494623600105,0.03554560324691458,4.834759391135851,-0.028532488609351425
14484040100,13.040533493174664,4.806941510325653,0.6958475645806275,0.09810222061704366,4.835419400419623,-0.028477890093969727
14485040100,13.041301003832633,4.807566342558494,0.6958676464918114,0.020081911183959633,4.836079457693343,-0.028513115134848555
14486040100,13.042068501617216,4.808216187833017,0.69589864712383,0.031000632018537644,4.836739528470996,-0.02852334063797901
14487040100,13.042835979528425,4.80882981527359,0.6959746127680613,0.07596564423140428,4.8373996557607555,-0.028569840487165266
14488040100,13.043603408737715,4.80945765039552,0.6960381207115345,0.06350794347331323,4.8380598335464065,-0.028602183150886695
14489040100,13.044370797228375,4.8100192890950435,0.6961198559206192,0.08173520908471588,4.8387200370296615,-0.028700747934617965
14490040100,13.045138133309292,4.810663899823847,0.6961945648745502,0.07470895393102062,4.839380273075392,-0.028716373251544525
14491040100,13.045905421481313,4.811291672432542,0.6963025855156143,0.10802064106402298,4.840040531621472,-0.028748859188929998
14492040100,13.046672640374954,4.811938214346619,0.6963691626878479,0.06657717223354354,4.840700816536257,-0.02876260218963811
14493040100,13.047439816565271,4.812572928807143,0.6964442371291003,0.07507444125244334,4.8413611094237226,-0.02878818061657995
14494040100,13.048206944597945,4.81316870670233,0.6965099584059488,0.065721276848409,4.842021433149235,-0.028852726446904953
14495040100,13.048974030469155,4.813884529981319,0.6965816600471273,0.07170164117849609,4.84268178301498,-0.028797253033660652
14496040100,13.049741070338605,4.814595879288155,0.6966729721850317,0.091312137904346,4.843342164179413,-0.028746284891258078
14497040100,13.05050805161904,4.815238336821924,0.6967041663961497,0.031194211118080517,4.844002573333624,-0.028764236511699792
14498040100,13.05127501288273,4.815894047238314,0.6967375097079281,0.033343311778454066,4.844662999635192,-0.028768952396878156
14499040100,13.05204195274981,4.816582060362342,0.6968053434174541,0.06783370952604884,4.845323476296073,-0.02874141593373114
14500040100,13.052808849084949,4.817287995809736,0.6968665853978154,0.0612419803612827,4.8459840021313525,-0.028696006321616174
14501040100,13.053575706115321,4.817884073987243,0.6969116456369789,0.04506023916345647,4.846644558077255,-0.02876048409001175
14502040100,13.054342534224444,4.818486360578801,0.6969476690107682,0.03602337378921838,4.847305147772694,-0.028818787193893414
14503040100,13.055109339211377,4.819121674021019,0.6970387669173052,0.09109790653693928,4.847965780162108,-0.028844106141088233
14504040100,13.055876085721192,4.819842253731761,0.6971268986553999,0.0881317380947344,4.848626460243418,-0.028784206511656585
14505040100,13.05664277565186,4.820507179873152,0.6971985915473904,0.07169289199053352,4.849287157552833,-0.028779977679681323
14506040100,13.057409419552462,4.821057246801821,0.6972275401543693,0.028948606978902447,4.84994787371944,-0.02889062691761879
14507040100,13.058176044865638,4.821672832209063,0.6972843165546699,0.05677640030062747,4.850608617829472,-0.028935785620409327
14508040100,13.05894263372175,4.822288630034913,0.6973987578874067,0.11444133273671042,4.8512694135351,-0.02898078350018718
14509040100,13.059709149085688,4.822901243941136,0.6974805561992518,0.08179831184501829,4.851930245435083,-0.029029001493947604
14510040100,13.06047561191406,4.823588478981513,0.6975623564671188,0.08180026786724603,4.852591081597897,-0.029002602616383655
14511040100,13.061242022200481,4.824306205249181,0.6976458472707276,0.08349080360877892,4.853251940083043,-0.028945734833861536
14512040100,13.062008378853802,4.8249745367082,0.6976919859153149,0.046138644587298216,4.853912820879966,-0.02893828417176625
14513040100,13.062774705866133,4.825593833372185,0.6977227764112042,0.0307904958891676,4.854573723042554,-0.02897988967036902
14514040100,13.063541013096724,4.826175601029255,0.6977782601356576,0.05548372445346139,4.855234667259317,-0.02905906623006249
14515040100,13.06430728467927,4.826821448850973,0.6978583655798208,0.08010544416327647,4.8558956620360085,-0.029074213185035447
14516040100,13.065073504790261,4.827443537006271,0.697957419261645,0.09905368182414342,4.856556693688315,-0.02911315668204395
14517040100,13.065839661247757,4.828054361626566,0.6980244816666139,0.06706240496888682,4.8572177485632615,-0.029163386936695623
14518040100,13.066605774605602,4.828733726856662,0.698103513449552,0.07903178293813795,4.857878816144513,-0.029145089287851533
14519040100,13.067371837166895,4.829380051643108,0.6981882838390664,0.08477038951440186,4.858539914161398,-0.029159862518289614
14520040100,13.06813784523791,4.830100204224495,0.6982387626070702,0.05047876800376727,4.859201035968496,-0.029100831744001354
14521040100,13.068903820858635,4.8306503433514525,0.6983058030860472,0.06704047897693854,4.859862178372989,-0.02921183502153646
14522040100,13.069669753379351,4.831209334178054,0.698335821945897,0.0300188598498643,4.860523360394964,-0.029314026216909816
14523040100,13.070435666599968,4.83189923859979,0.6984510894274929,0.11526748159588962,4.861184572840552,-0.029285334240761962
14524040100,13.071201505704964,4.832522583346126,0.6985621507143106,0.11106128681771033,4.8618458362562755,-0.029323252910149478
14525040100,13.07196727338925,4.833165774884746,0.698607723406618,0.045572692307322527,4.8625071033127725,-0.029341328428026614
14526040100,13.072733011764154,4.833842927408258,0.6986866536016316,0.0789301950135588,4.863168376326557,-0.029325448918299024
14527040100,13.073498699372545,4.83451774166288,0.6987556995420978,0.06904594046618939,4.863829691658074,-0.029311949995193487
14528040100,13.07426434256789,4.8351951744556585,0.6988077544745994,0.05205493250160664,4.8644910307745395,-0.029295856318880986
14529040100,13.075029952277056,4.835864208024384,0.6988609634837445,0.053209009145110286,4.865152399159818,-0.029288191135433905
14530040100,13.075795527755497,4.836472596188685,0.698912845729403,0.05188224565864452,4.865813806251166,-0.029341210062481693
14531040100,13.07656106985467,4.8371675481453025,0.6989689316871678,0.05608595776475411,4.866475251405266,-0.029307703259963347
14532040100,13.077326575867728,4.837791612171381,0.6990554654925004,0.08653380533264254,4.86713673535767,-0.0293451231862889
14533040100,13.078092026199583,4.838462394120455,0.6990986698648185,0.04320437231806906,4.867798255769134,-0.029335861648679185
14534040100,13.078857448728927,4.839042035064843,0.6991774113447067,0.07874147988816915,4.868459795703053,-0.029417760638210666
14535040100,13.079622820583547,4.839577056334222,0.6992327851402944,0.0553737955877196,4.869121379251373,-0.029544322917151256
14536040100,13.080388156799065,4.840292593534186,0.6993339151306337,0.10112999033929171,4.869782986643248,-0.029490393109061763
14537040100,13.081153427920304,4.840933327223182,0.6994576200524995,0.1237049218656896,4.870444630873294,-0.029511303650112453
14538040100,13.081918619405828,4.841616689291877,0.6994909776422187,0.03335758971928193,4.8711062864726,-0.029489597180722527
14539040100,13.082683789415217,4.842184463236804,0.6995617845158725,0.07080687365383653,4.8717679408582875,-0.02958347762148339
14540040100,13.083448913835221,4.8429066175631545,0.6996112331775015,0.04944866162903239,4.872429644315902,-0.02952302675274776
14541040100,13.084214006415165,4.843489070880244,0.6997186882960036,0.10745511850211109,4.8730913759927805,-0.029602305112536698
14542040100,13.08497902979816,4.844118219740703,0.6997488464881267,0.030158192123122873,4.873753147778883,-0.02963492803818024
14543040100,13.085744033758854,4.844790438965073,0.6998490338764307,0.10018738830394014,4.874414927357606,-0.029624488392532733
14544040100,13.086508973192469,4.845493758039458,0.6999259426507962,0.0769087743655188,4.875076757783379,-0.02958299974392098
14545040100,13.087273863086711,4.846289360757222,0.6999813208891346,0.05537823833836519,4.875738600032298,-0.02944923927507581
14546040100,13.088038717307276,4.846904965697339,0.7000210721603869,0.039751271252367104,4.876400467065803,-0.029495501368463906
14547040100,13.088803545919331,4.847469384379628,0.7000144265308749,-0.006645629512007645,4.877062370879601,-0.02959298649997333
14548040100,13.08956837881271,4.848226762410458,0.7000978907780797,0.08346424720486567,4.877724320184825,-0.029497557774367245
14549040100,13.09033315793336,4.84891072019268,0.7002071659611577,0.10927518307797435,4.878386340856794,-0.029475620664114466
14550040100,13.091097866644256,4.8496103038438925,0.70021980643862,0.0126404774623321,4.879048382647657,-0.029438078803764256
14551040100,13.09186256720987,4.850256233809727,0.7002691237678502,0.049317329230214924,4.879710431147748,-0.029454197338020904
14552040100,13.092627235995167,4.8508367250883335,0.7003105564468972,0.04143267904697012,4.880372540261153,-0.029535815172819113
14553040100,13.093391878079617,4.851426026086318,0.7003788786335852,0.06832218668791512,4.881034689527278,-0.02960866344095958
14554040100,13.094156476131694,4.852035555177161,0.7004801035562223,0.10122492263712246,4.881696883345713,-0.029661328168551826
14555040100,13.09492100893964,4.8526676654006256,0.7005770916809664,0.09698812474416663,4.882359106706549,-0.02969144130592305
14556040100,13.095685479226917,4.853285733547789,0.7006640859190215,0.08699423805516027,4.883021341232526,-0.02973560768473682
14557040100,13.096449893429687,4.853931178139084,0.7007398554219417,0.07576950292026297,4.883683589274625,-0.029752411135540946
14558040100,13.097214258779735,4.854565552577968,0.7008227410808631,0.08288565892133448,4.8843458564015325,-0.029780303823564225
14559040100,13.09797857068386,4.855148188112857,0.7008919817051942,0.06924062433115985,4.885008148873622,-0.029859960760765247
14560040100,13.098742837936564,4.855722104006439,0.7009668259143881,0.0748442091939232,4.885670462706381,-0.029948358699941835
14561040100,13.099507056920123,4.856335069309361,0.7010677096125105,0.10088369812239861,4.886332805516538,-0.02999773620717683
14562040100,13.10027121083416,4.856988943697602,0.7011731444738182,0.10543486130762147,4.886995174165401,-0.030006230467798822
14563040100,13.101035296734885,4.85759270906968,0.7012591663565004,0.08602188268227451,4.887657554085479,-0.03006484501579898
14564040100,13.101799327138817,4.8582718233914965,0.7013247563431947,0.0655899866942864,4.888319942716274,-0.030048119324777467
14565040100,13.102563315223742,4.858929348037461,0.7014155224398467,0.09076609665200763,4.888982350900889,-0.03005300286342827
14566040100,13.10332724474048,4.859586285585543,0.7014685904262647,0.05306798641797705,4.889644790060261,-0.03005850447471836
14567040100,13.104091140011388,4.860215491114431,0.7015324785670142,0.06388814074949245,4.890307246100541,-0.03009175498610972
14568040100,13.104854994051149,4.86080620368969,0.7015966797341429,0.06420116712871149,4.890969740109888,-0.03016353642019798
14569040100,13.105618806654606,4.861422990370059,0.7016748324723634,0.07815273822053825,4.891632266029111,-0.03020927565905218
14570040100,13.106382568812977,4.86206078721926,0.7017723912690241,0.09755879666078648,4.892294823678181,-0.03023403645892131
14571040100,13.107146267993729,4.862636309896841,0.7018570204199911,0.08462915096694346,4.892957405239258,-0.030321095342417337
14572040100,13.107909912537512,4.863269349154479,0.7019312060119689,0.07418559197785868,4.893619999833909,-0.03035065067942977
14573040100,13.108673509182237,4.863882535004633,0.7020367093503782,0.1055033384092603,4.894282614691852,-0.030400079687218806
14574040100,13.10943703769989,4.864501943406587,0.702113523681605,0.07681433122670533,4.894945255654852,-0.030443312248264576
14575040100,13.11020051661058,4.865154948865482,0.7022003766793287,0.08685299772379196,4.895607905162738,-0.030452956297255973
14576040100,13.110963939425883,4.865811904350358,0.7022842091558067,0.0838324764780296,4.896270579281962,-0.030458674931604257
14577040100,13.111727308091183,4.866481490118783,0.7023512747468047,0.06706559099803222,4.896933272375636,-0.03045178225685241
14578040100,13.112490633432872,4.8671236287091615,0.7024163862872538,0.06511154044903655,4.8975959861267135,-0.030472357417552054
14579040100,13.11325391670996,4.867803976708839,0.7024751792705961,0.05879298334227556,4.898258729930008,-0.03045475322116964
14580040100,13.114017162001701,4.868512262336871,0.7025477520794959,0.0725728088998725,4.898921504876187,-0.03040924253931543
14581040100,13.1147803604015,4.869109738886863,0.7026012006090814,0.05344852958540258,4.899584314505615,-0.030474575618752553
14582040100,13.11554352426368,4.869727212456598,0.7026406067141167,0.039406105035407535,4.900247151081343,-0.030519938624745002
14583040100,13.116306662660845,4.870383848178559,0.702735561551374,0.0949548372572302,4.900910025331161,-0.030526177152601974
14584040100,13.117069739691424,4.871038749197905,0.7028206275171641,0.08506596579016268,4.901572945136346,-0.030534195938440867
14585040100,13.117832761740464,4.871656301776086,0.7028861477526919,0.06552023552779929,4.90223587930744,-0.03057957753135465
14586040100,13.118595741437392,4.872292067516728,0.702952558588785,0.06641083609319232,4.902898833384983,-0.030606765868254726
14587040100,13.119358678203183,4.872868089277861,0.7030377444016838,0.0851858128987093,4.903561818338051,-0.0306937290601903
14588040100,13.120121559895866,4.873535359130906,0.7031138935095396,0.07614910785575191,4.904224833661081,-0.0306894745301749
14589040100,13.120884392353037,4.874184805175522,0.7032201037792541,0.10621026971461056,4.904887868798202,-0.030703063622679494
14590040100,13.12164715613075,4.874831152855477,0.7032806914406269,0.06058766137274141,4.9055509288180215,-0.030719775962544382
14591040100,13.122409880726403,4.8754249092525,0.7033502306755135,0.0695392348865802,4.906213996812934,-0.03078908756043397
14592040100,13.12317256034756,4.8761065940130806,0.7034213565209072,0.07112584539365052,4.906877098419491,-0.03077050440641038
14593040100,13.123935193964265,4.8768413465007345,0.7035189335040085,0.0975769831012876,4.907540228599553,-0.030698882098818103
14594040100,13.12469776446155,4.877467342998271,0.7035725234829219,0.0535899789133758,4.908203386454408,-0.030736043456137452
14595040100,13.125460300290108,4.878142485555035,0.7035994502464301,0.026926763508214435,4.908866557095918,-0.030724071540882747
14596040100,13.126222818698228,4.878850974084334,0.7036808357466119,0.08138550018172452,4.909529765262173,-0.030678791177838782
14597040100,13.126985284450129,4.879547002818687,0.7037376431107718,0.056807364159912055,4.910193025956696,-0.030646023138008793
14598040100,13.127747713444812,4.880216807502496,0.7037777132971286,0.04007018635672033,4.91085630852997,-0.03063950102747448
14599040100,13.128510116510592,4.880885890462117,0.7038239588280117,0.04624553088319949,4.911519626809845,-0.03063373634772848
14600040100,13.12927248964996,4.881605700866015,0.7038833212646595,0.05936243664771368,4.9121829902176035,-0.0305772893515881
14601040100,13.130034824372315,4.8821802507474645,0.7039430556882393,0.05973442357979941,4.912846395276519,-0.030666144529054584
14602040100,13.13079712043421,4.8827635109592915,0.7039773344045688,0.03427871632941226,4.913509834598033,-0.030746323638741302
14603040100,13.131559394309495,4.8833686522352675,0.7040844382923022,0.10710388773342494,4.9141733079689445,-0.030804655733676967
14604040100,13.132321598856922,4.8840252810504765,0.7041873644658638,0.10292617356164868,4.914836829728289,-0.03081154867781244
14605040100,13.133083736772468,4.8846310555870405,0.7042794910625341,0.09212659667028333,4.915500358838681,-0.030869303251640723
14606040100,13.133845815040667,4.885281499005098,0.7043458913657021,0.06640030316803092,4.916163897637892,-0.030882398632794406
14607040100,13.13460785031399,4.88587210406217,0.7044378391811273,0.09194781542516317,4.916827452198966,-0.030955348136795457
14608040100,13.135369826044618,4.886576075567532,0.7045074866590234,0.06964747789604075,4.917491037016751,-0.030914961449219014
14609040100,13.136131756669302,4.887161336183951,0.7046072144052885,0.09972774626514358,4.918154637676576,-0.030993301492625136
14610040100,13.13689362270066,4.887732160314781,0.7046501861067387,0.042971701450150945,4.918818266746326,-0.031086106431545524
14611040100,13.137655460897054,4.888319459779133,0.7047526841945291,0.10249808779035163,4.9194819072471265,-0.03116244746799346
14612040100,13.13841723269453,4.889060278350012,0.7048625918733789,0.10990767884982766,4.920145591194794,-0.03108531284478211
14613040100,13.139178933284217,4.889707346335046,0.7049644363778679,0.10184450448900861,4.920809284990279,-0.03110193865523314
14614040100,13.139940567881927,4.890350920702546,0.7049893720034511,0.024935625583250243,4.921472984434448,-0.031122063731902294
14615040100,13.140702186320947,4.8909312863604475,0.705061219009218,0.07184700576685898,4.92213669406269,-0.03120540770224256
14616040100,13.141463758199293,4.8916024271788725,0.705134858186309,0.07363917709099077,4.922800457299111,-0.031198030120238585
14617040100,13.142225282351463,4.892331573966195,0.7052402953174461,0.10543713113707476,4.92346424764845,-0.031132673682255252
14618040100,13.142986738161744,4.893024027932226,0.7053003437238424,0.0600484063962341,4.924128064091217,-0.031104036158991377
14619040100,13.143748155046264,4.893752511352032,0.7053312715318147,0.03092780797230965,4.924791888650276,-0.03103937729824402
14620040100,13.14450955188108,4.894402329774954,0.7053804925497648,0.04922101794998213,4.925455746964754,-0.031053417189800037
14621040100,13.145270916805673,4.895017373965378,0.7054115864683265,0.031093918561662548,4.926119655493247,-0.031102281527869202
14622040100,13.146032261570978,4.8957262022756085,0.7054820661725482,0.070479704221734,4.926783603895851,-0.03105740162024251
14623040100,13.14679356063907,4.896321247218171,0.7055700507384992,0.08798456595109094,4.927447602421976,-0.031126355203805467
14624040100,13.147554802654943,4.8969854897613425,0.7056110786467392,0.04102790824005531,4.9281116287991615,-0.031126139037819023
14625040100,13.148316018064895,4.897635937580993,0.7057091501272127,0.09807148047352321,4.928775673118492,-0.031139735537499824
14626040100,13.149077169871918,4.898257835984677,0.7057726313820065,0.06348125479385125,4.929439761936582,-0.03118192595190461
14627040100,13.149838280505131,4.898906145911737,0.7058430595299373,0.07042814793080687,4.930103862973935,-0.03119771706219776
14628040100,13.150599345455205,4.899502671884439,0.7059278529007501,0.0847933708128199,4.930767995794813,-0.0312653239103744
14629040100,13.151360355399145,4.900102591274852,0.7059994880474254,0.07163514667530002,4.9314321564618115,-0.03132956518695984
14630040100,13.152121318868533,4.900733894041061,0.7060971643637285,0.0976763163031027,4.932096336834521,-0.031362442793459344
14631040100,13.15288221896241,4.901408000859801,0.706193282345996,0.09611798226747936,4.932760544354389,-0.03135254349458805
14632040100,13.15364305668479,4.902148479966549,0.706273788023452,0.08050567745600112,4.933424764263696,-0.03127628429714768
14633040100,13.154403842161175,4.902831094884638,0.7063328780955436,0.059090072091546375,4.934088997431054,-0.03125790254641636
14634040100,13.15516458928657,4.903478581576714,0.7063586361607778,0.025758065234157357,4.9347532526899744,-0.031274671113260766
14635040100,13.155925319693484,4.904146392565977,0.7064133006468039,0.05466448602619067,4.935417542169292,-0.031271149603314896
14636040100,13.156686014618293,4.9047779226687425,0.7064855799616098,0.07227931480595018,4.936081884760263,-0.03130396209152053
14637040100,13.157446662623919,4.90545105452107,0.7065477167468522,0.0621367852425081,4.936746264078687,-0.031295209557617554
14638040100,13.158207270291078,4.906144081491752,0.7066280780375015,0.0803612906492468,4.937410670133547,-0.031266588641794435
14639040100,13.158967825784282,4.906748544992028,0.7066876343699926,0.05955633249110903,4.938075108670239,-0.03132656367821074
14640040100,13.159728342607824,4.907410733775913,0.7067372022073543,0.04956783736158066,4.9387395693463265,-0.031328835570413105
14641040100,13.16048882724513,4.908148353169596,0.7068311828439692,0.09398063661479661,4.9394040639566885,-0.031255710787092106
14642040100,13.161249250852196,4.9088502806577905,0.706896322417569,0.06513957359976175,4.940068598165658,-0.031218317507867077
14643040100,13.162009632154223,4.909567136164366,0.7069236203152041,0.02729789763515278,4.940733146764995,-0.031166010600628624
14644040100,13.162769995726613,4.910178804273968,0.70696869660299,0.04507628778589812,4.941397726114172,-0.03121892184020414
14645040100,13.163530330021286,4.9107955323651105,0.7070062197041905,0.03752310120038871,4.942062357693228,-0.03126682532811742
14646040100,13.16429063994297,4.911474958744814,0.7070964685457564,0.09024884156582225,4.942727031410712,-0.03125207266589758
14647040100,13.165050891239478,4.912162205570278,0.7071843043570182,0.08783581126177253,4.943391751556067,-0.031229545985789642
14648040100,13.165811085472354,4.912876933490268,0.7072407848254664,0.056480468448247834,4.944056488181332,-0.031179554691063593
14649040100,13.16657124300889,4.91355973703404,0.7072933182905891,0.0525334651226359,4.944721242645381,-0.031161505611340345
14650040100,13.167331366411346,4.914224072005259,0.7073320201809286,0.03870189033953686,4.945386032754898,-0.03116196074963984
14651040100,13.168091464665569,4.914891824878441,0.707386666055243,0.05464587431449175,4.946050860750196,-0.03115903587175506
14652040100,13.16885152740932,4.915550053230094,0.7074505661447725,0.06390008952954496,4.946715734491633,-0.03116568126153929
14653040100,13.169611548626065,4.916166471329879,0.7075127743981262,0.06220825335365454,4.947380644916008,-0.03121417358612888
14654040100,13.170371529412305,4.9167751545269285,0.707579776617859,0.06700221973273202,4.948045586758676,-0.031270432231747414
14655040100,13.171131466649046,4.917452584872624,0.7076677967201582,0.08802010229926083,4.948710560976984,-0.0312579761043601
14656040100,13.171891346670087,4.918114514906464,0.7077598130436876,0.09201632352935185,4.949375564839599,-0.03126104993313472
14657040100,13.172651166871473,4.918816338726134,0.7078174457620812,0.05763271839357387,4.950040586383041,-0.031224247656907345
14658040100,13.17341094960265,4.919413296621756,0.7078828436598353,0.06539789775420068,4.950705623321749,-0.031292326699992934
14659040100,13.174170689811989,4.920081102084847,0.7079282287885457,0.04538512871029532,4.951370695213168,-0.0312895931283208
14660040100,13.174930400509922,4.920695102032224,0.7080262005836268,0.09797179508109188,4.952035797633664,-0.031340695601440594
14661040100,13.17569004749695,4.921408596686522,0.7080887584534273,0.06255786980053557,4.9527009419723615,-0.03129234528583957
14662040100,13.176449653798878,4.922053344798094,0.7081783423289677,0.08958387554040392,4.9533660982833165,-0.031312753485222444
14663040100,13.177209201833913,4.9226739419157814,0.7082180881604897,0.03974583152200495,4.954031286723231,-0.03135734480744912
14664040100,13.177968724015624,4.923385267883009,0.7082922642085109,0.07417604802123279,4.954696491891443,-0.03131122400843456
14665040100,13.178728197945107,4.924045290870433,0.7083786133337249,0.08634912521403315,4.955361742173194,-0.03131645130276084
14666040100,13.179487615698394,4.924782806324899,0.7084195284395669,0.04091510584198765,4.956027017948799,-0.031244211623899787
14667040100,13.18024700683154,4.925499468345867,0.7084861182878137,0.06658984824694159,4.956692312272123,-0.031192843926255875
14668040100,13.181006354637358,4.926244953548207,0.7085138267341375,0.02770844632382463,4.957357651033902,-0.03111269748569523
14669040100,13.181765684413415,4.926974494056785,0.708551881469919,0.038054735781461346,4.958023019595808,-0.031048525539023153
14670040100,13.182524989426478,4.927620468675958,0.7085753792817973,0.02349781187828448,4.958688440125279,-0.031067971449321163
14671040100,13.183284279148484,4.928316042933113,0.7086067471843804,0.031367902583186336,4.9593539067250685,-0.031037863791955722
14672040100,13.18404354845737,4.9290231382634975,0.7086799600507873,0.07321286640678437,4.960019427700166,-0.030996289436668434
14673040100,13.184802770119003,4.929634615688699,0.7087283401792925,0.04838012850529161,4.960684998565274,-0.031050382876574467
14674040100,13.185561960292405,4.930211594576226,0.7087709016672576,0.04256148796508086,4.961350595447001,-0.031139000870775035
14675040100,13.186321122763173,4.930889159256723,0.7088613933550373,0.09049168777960581,4.962016232510093,-0.031127073253370163
14676040100,13.187080226329687,4.931527593606907,0.7089693317186873,0.10793836365002463,4.962681913074732,-0.03115431946782543
14677040100,13.187839259627156,4.932178101546194,0.7090269751683944,0.057643449707208916,4.963347609778813,-0.03116950823261888
14678040100,13.188598255394492,4.932723885692555,0.7091042463776868,0.07727120929233777,4.964013312647664,-0.03128942695510872
14679040100,13.18935720084862,4.933392774605532,0.7091755142646714,0.07126788698467834,4.964679050389202,-0.03128627578367027
14680040100,13.190116099894437,4.934077313140543,0.7092994013916536,0.12388712698214022,4.9653448117882455,-0.031267498647702396
14681040100,13.190874918258107,4.934745743718143,0.709361741709052,0.06234031739839985,4.966010600266289,-0.03126485654814637
14682040100,13.19163369601791,4.935437546828727,0.7094162332548197,0.05449154576774262,4.966676385746592,-0.031238838917865053
14683040100,13.19239243828354,4.936064882686634,0.7094787719902282,0.0625387354085234,4.967342203386494,-0.03127732069985978
14684040100,13.193151139810517,4.936690345503742,0.7095295885680029,0.050816577774590144,4.968008057668495,-0.03131771216475343
14685040100,13.193909808232647,4.937403360021473,0.7096127341300135,0.08314556201065137,4.968673943988959,-0.031270583967486054
14686040100,13.194668422484735,4.938109459289402,0.7096969130786621,0.08417894864853537,4.969339869046923,-0.031230409757521116
14687040100,13.19542698188818,4.938816462868597,0.7097372413668295,0.04032828816737144,4.970005814349621,-0.031189351481024197
14688040100,13.19618551501294,4.939413795571878,0.7097809570943344,0.043715727504913815,4.970671779295744,-0.03125798372386601
14689040100,13.1969440196503,4.940027204777507,0.7098241484106526,0.04319131631816653,4.971337788965956,-0.03131058418844912
14690040100,13.197702496140568,4.940596885724996,0.7099223348809063,0.09818647025372407,4.97200384142263,-0.03140695569763441
14691040100,13.198460908639019,4.941249317707238,0.7100126097797193,0.09027489881298756,4.972669936966014,-0.031420619258775595
14692040100,13.199219262295468,4.942001163526576,0.7101249631801486,0.1123534004293365,4.973336044113861,-0.03133488058728506
14693040100,13.199977542710316,4.94259479285488,0.7101959742157641,0.0710110356154221,4.974002167381752,-0.03140737452687148
14694040100,13.200735776829132,4.943314868821479,0.7102171149477512,0.021140731987069117,4.974668294112661,-0.03135342529118201
14695040100,13.201493997164395,4.943975789996969,0.7103175106515691,0.10039570381792728,4.975334447970452,-0.031358657973482806
14696040100,13.202252152037998,4.9446290344914035,0.7103545887554634,0.0370781038942507,4.976000657520233,-0.031371623028829454
14697040100,13.203010282733391,4.945329201576184,0.7104212826776551,0.06669392219176729,4.976666877353479,-0.031337675777294294
14698040100,13.203768369935817,4.946010651098012,0.710491846032785,0.07056335512984724,4.977333143744538,-0.031322492646525646
14699040100,13.204526411118238,4.9465782136097225,0.710538903570261,0.04705753747592922,4.977999439719008,-0.03142122610928588
14700040100,13.205284421608578,4.9471885325966545,0.7105953043738242,0.05640080356330657,4.97866576305284,-0.031477230456185445
14701040100,13.20604239531072,4.947943681241055,0.710708859883771,0.1135555099468526,4.979332127218118,-0.03138844597706303
14702040100,13.206800294937405,4.9486407538497446,0.710801169662187,0.09230977841604293,4.979998526855734,-0.03135777300598974
14703040100,13.207558134340625,4.949367535388148,0.7108209048500241,0.01973518783712791,4.980664929177415,-0.031297393789267325
14704040100,13.208315960867647,4.950086029471598,0.7108696180571751,0.048713207150960613,4.981331346353873,-0.031245316882274388
14705040100,13.209073755610541,4.9507718309964535,0.7109033634981338,0.03374544095872345,4.981997820019835,-0.031225989023381473
14706040100,13.20983152833434,4.951369088358657,0.7109411768704861,0.03781337235231952,4.982664333549682,-0.03129524519102489
14707040100,13.210589276383669,4.952081933317536,0.7109953178780885,0.054141007602318325,4.983330895533989,-0.031248962216452902
14708040100,13.211346989102323,4.952739752656128,0.7110938938034909,0.09857592540237192,4.983997503639765,-0.031257750983637145
14709040100,13.212104637487803,4.953446611253822,0.711134606517584,0.04071271409311983,4.984664148493481,-0.03121753723965881
14710040100,13.212862259300975,4.954113991187011,0.7112028680668208,0.06826154923672867,4.985330804574039,-0.031216813387027642
14711040100,13.213619836558493,4.95472049272163,0.7112465351948929,0.043667128072105044,4.9859975051041125,-0.031277012382482816
14712040100,13.214377385311767,4.955372080776682,0.7113099625211695,0.0634273262766527,4.986664234258001,-0.03129215348131886
14713040100,13.215134892659517,4.956008663986082,0.711403963813877,0.09400129270754398,4.987331006161465,-0.03132234217538343
14714040100,13.215892338637373,4.956639523432741,0.7114754735888528,0.07150977497575184,4.987997809458827,-0.03135828602608637
14715040100,13.216649737924714,4.957307516470365,0.7115545619237792,0.07908833492640532,4.988664626571492,-0.031357110101126295
14716040100,13.2174070855688,4.957957286194762,0.7116365909630595,0.08202903928030914,4.989331470416962,-0.03137418422220062
14717040100,13.218164379644397,4.9586346707619,0.7117000642748758,0.06347331181625293,4.989998336630482,-0.031363665868581414
14718040100,13.2189216322657,4.9593408948189905,0.7117726946203087,0.07263034543297486,4.990665223511735,-0.03132432869274471
14719040100,13.21967883744852,4.959980316691903,0.7118315068828659,0.05881226255716321,4.991332141724971,-0.03135182503306844
14720040100,13.220436004215209,4.960580303616325,0.7118758364547507,0.04432957188477893,4.991999085996971,-0.03141878238064599
14721040100,13.22119314202412,4.961271499232637,0.7119536351929048,0.07779873815401928,4.992666064272102,-0.031394565039464695
14722040100,13.22195022900831,4.961973701982701,0.7120513023895706,0.09766719666582091,4.993333084882094,-0.03135938289939322
14723040100,13.222707252181534,4.962539832761753,0.7121033380577093,0.052035668138739055,4.994000128561007,-0.03146029579925358
14724040100,13.22346424135425,4.963199640320382,0.7121498113752907,0.04647331758137163,4.994667183860738,-0.03146754354035597
14725040100,13.224221200159208,4.963806641447514,0.7122645283378278,0.11471696253719266,4.995334277044842,-0.031527635597328185
14726040100,13.224978083995941,4.964497348128304,0.7123324404240144,0.06791208618660072,4.996001411315058,-0.03150406318675447
14727040100,13.225734923447025,4.96512478070412,0.7124268965352918,0.0944561112773421,4.996668547358322,-0.031543766654201555
14728040100,13.226491701158139,4.965821184039593,0.7124794536149887,0.052557079696923026,4.997335712123872,-0.031514528084279014
14729040100,13.2272484445131,4.96643872733943,0.7125637415726951,0.08428795770643127,4.998002890308408,-0.03156416296897824
14730040100,13.228005132765315,4.967089841055487,0.7126134924097641,0.04975083706887595,4.9986701060497385,-0.03158026499425137
14731040100,13.228761788490697,4.9677574842014165,0.7127027913879319,0.08929897816773291,4.999337341052746,-0.03157985685132925
14732040100,13.229518385828184,4.968416018745001,0.7127753470314012,0.07255564346943366,5.000004615221762,-0.03158859647676149
14733040100,13.230274935720917,4.96912720982021,0.7128396568049854,0.06430977358417955,5.000671905747444,-0.03154469592723341
14734040100,13.231031443557612,4.969761183943018,0.7129085465700391,0.06888976505368483,5.001339222276048,-0.031578038333029745
14735040100,13.231787906339664,4.970320880571547,0.712951033321648,0.04248675160887849,5.00200656955772,-0.03168568898617252
14736040100,13.232544341333135,4.971000875577715,0.7130322106723094,0.08117735066139353,5.002673944944604,-0.03167306936688874
14737040100,13.233300723228536,4.9716735285651525,0.713150756180233,0.11854550792369167,5.003341363668625,-0.031667835103472264
14738040100,13.234057027574416,4.972308628018253,0.7132091490153413,0.05839283510820081,5.004008803396852,-0.031700175378598594
14739040100,13.234813293717249,4.972964964419227,0.7132712129353996,0.06206392005834793,5.004676242544537,-0.03171127812530994
14740040100,13.23556951925243,4.973714389284403,0.7133521180117445,0.08090507634481447,5.005343715828456,-0.031629326544052816
14741040100,13.236325691848052,4.974389306564313,0.7134224439560353,0.07032594429082728,5.00601122112478,-0.03162191456046681
14742040100,13.237081818422459,4.97503279463628,0.71344607783529,0.023633879254777668,5.0066787475448535,-0.03164595290857353
14743040100,13.237837929530043,4.975716731916293,0.713506961287333,0.06088345204300971,5.0073463011917205,-0.03162956927542737
14744040100,13.238594000791462,4.976283265482059,0.7135836210878939,0.0766598005608703,5.008013909041413,-0.031730643559353844
14745040100,13.23935002187764,4.976954827140081,0.7136400507269837,0.05642963908983134,5.00868154956982,-0.03172672242973906
14746040100,13.240106006026748,4.977625674299248,0.7137554007764798,0.11535004949618077,5.0093492136529125,-0.03172353935366434
14747040100,13.240861914663846,4.978309299017403,0.7138182407620406,0.06283998556092918,5.01001691297904,-0.031707613961637016
14748040100,13.241617782159551,4.978907586012518,0.7138814493228804,0.06320856083980253,5.010684613472019,-0.031777027459501284
14749040100,13.242373608269546,4.979644928806512,0.7139382378392017,0.05678851632132087,5.011352345485069,-0.03170741667855648
14750040100,13.24312939719477,4.980286689664749,0.714037849867114,0.09961202791228985,5.0120201088003125,-0.0317334191355636
14751040100,13.243885120888761,4.980922349945735,0.7140678104877266,0.029960620612504485,5.012687907127718,-0.03176555718198326
14752040100,13.244640824961484,4.9816032206138425,0.7141456316572371,0.0778211695105302,5.013355715681335,-0.03175249506749278
14753040100,13.245396478065805,4.982215836211701,0.7142265725250236,0.08094086778652532,5.014023574762852,-0.03180773855115149
14754040100,13.246152078153644,4.9828357867430615,0.7142849074400265,0.058334915002822285,5.0146914566685705,-0.031855669925509034
14755040100,13.24690764002889,4.9835772761811885,0.7143774918348702,0.09258439484369063,5.015359359583364,-0.03178208340217559
14756040100,13.247663141250966,4.984218310020973,0.7144665151722672,0.08902333739706236,5.016027296589726,-0.03180898656875364
14757040100,13.248418584146654,4.984862136948479,0.7144946389972019,0.02812382493469201,5.016695247845334,-0.03183311089685503
14758040100,13.249174008614904,4.985538923855333,0.7145730515807623,0.07841258356041791,5.017363215400383,-0.03182429154505062
14759040100,13.249929381702106,4.986261119554448,0.7146501240514378,0.07707247067540379,5.018031234532517,-0.0317701149780687
14760040100,13.250684704281863,4.98693428560495,0.714710724785432,0.06060073399413035,5.018699276100648,-0.03176499049569781
14761040100,13.251439987145348,4.9876426762150095,0.7147485240330324,0.037799247600412755,5.019367340872726,-0.03172466465771695
14762040100,13.252195245234706,4.988298788079896,0.7148108395043561,0.0623154713237124,5.020035438390206,-0.03173665031031003
14763040100,13.252950462479323,4.989002532897702,0.7148554784824166,0.04463897806049211,5.020703581870787,-0.03170104897308512
14764040100,13.253705650463472,4.989617964265482,0.7149263038778458,0.07082539542920863,5.021371757097745,-0.031753792832263095
14765040100,13.254460792019094,4.990320013190463,0.7149732575308215,0.04695365297572707,5.022039974319846,-0.03171996112938302
14766040100,13.255215902792864,4.990976284562883,0.715064494478091,0.09123694726939569,5.022708218345061,-0.031731933782177535
14767040100,13.255970953748802,4.991741817974342,0.7151123684385173,0.04787396042635805,5.023376503018207,-0.031634685043865574
14768040100,13.256725973314541,4.992400519560259,0.7151831755257908,0.07080708727352558,5.024044802638862,-0.03164428307860323
14769040100,13.25748094645002,4.993055632900447,0.7151991645997179,0.01598907392711979,5.024713142365265,-0.031657509464817934
14770040100,13.258235909100476,4.9937370450089205,0.7152686089155708,0.06944431585286814,5.0253815088826155,-0.03164446387369502
14771040100,13.258990826209766,4.99436498097025,0.7153398872561165,0.07127834054575288,5.0260499340141145,-0.03168495304386454
14772040100,13.259745696571361,4.99504074746335,0.7153980195456395,0.05813228952303007,5.026718386723461,-0.0316776392601108
14773040100,13.260500528804222,4.995705332017575,0.7154829847311545,0.08496518551496379,5.027386865938956,-0.03168153392138073
14774040100,13.261255305304172,4.996341032411089,0.7155440333293029,0.06104859814853647,5.028055379290807,-0.03171434687971786
14775040100,13.262010041755932,4.9970519614916755,0.7156106978226624,0.06666449335941138,5.028723911184393,-0.03167194969271758
14776040100,13.262764734472233,4.997709119812577,0.7156918793302453,0.08118150758279974,5.02939247550839,-0.03168335569581249
14777040100,13.263519373924611,4.998396198249783,0.7157353779799838,0.04349864973846884,5.030061068994314,-0.03166487074453084
14778040100,13.264273984835084,4.999043080359729,0.7158057994608586,0.07042148087491817,5.030729683196762,-0.031686602837033284
14779040100,13.265028549535046,4.999642226490677,0.7158612343133736,0.05543485251493685,5.031398340017622,-0.03175611352694574
14780040100,13.265783077856076,5.000314743904196,0.7159368321881465,0.07559787477296531,5.03206702379984,-0.031752279895643554
14781040100,13.266537556562524,5.000932442708965,0.7160364506083998,0.09961842025334988,5.032735743253967,-0.031803300545002244
14782040100,13.267291969883214,5.001461530462494,0.7160993936274032,0.06294301900338439,5.03340448664707,-0.03194295618457588
14783040100,13.268046341886633,5.002032732113586,0.7161898600094464,0.09046638204317858,5.03407323999371,-0.032040507880124025
14784040100,13.268800654500565,5.002687489454822,0.716324916225064,0.13505621561757764,5.034742024624208,-0.03205453516938572
14785040100,13.26955487844113,5.003319394678081,0.7164391262997889,0.11421007472484845,5.035410824512242,-0.03209142983416147
14786040100,13.27030902738447,5.0040207398188805,0.7165115942433025,0.07246794351352825,5.03607961368281,-0.032058873863929804
14787040100,13.271063128735884,5.0047078793634565,0.7165955566549668,0.08396241166431828,5.03674840424989,-0.032040524886433275
14788040100,13.27181717494165,5.005312613469128,0.7166447346969687,0.04917804200186282,5.037417220509457,-0.03210460704032947
14789040100,13.272571188845312,5.005973419502741,0.7167009917367565,0.056257039787805496,5.03808605575731,-0.03211263625456873
14790040100,13.273325165794871,5.006570658797985,0.7167985891924233,0.09759745566682199,5.038754930252852,-0.032184271454866575
14791040100,13.274079078628985,5.007261815272904,0.7168681864448879,0.06959725246462156,5.039423839869116,-0.03216202459621176
14792040100,13.274832945737655,5.007986386714529,0.7169697279675403,0.10154152265235084,5.040092760504686,-0.03210637379015768
14793040100,13.275586746126924,5.008638385794007,0.7170242719383296,0.05454397078933404,5.040761708470644,-0.03212332267663687
14794040100,13.27634051067404,5.009317152138705,0.7170620108440082,0.03773890567861393,5.041430665131804,-0.0321135129930985
14795040100,13.277094250420701,5.009969205838073,0.7171360741935248,0.07406334951657634,5.04209965788529,-0.032130452047216984
14796040100,13.277847941492858,5.010639386959484,0.7171967524094115,0.06067821588677269,5.042768696531915,-0.0321293095724311
14797040100,13.278601592684154,5.011230144093424,0.7172708438644284,0.0740914550169034,5.04343775987965,-0.03220761578622611
14798040100,13.27935519517495,5.011893731746464,0.7173358817234301,0.06503785900174464,5.04410685573189,-0.03221312398542597
14799040100,13.28010875491279,5.012560842945342,0.7174408045058575,0.10492278242731423,5.044775976255654,-0.032215133310312005
14800040100,13.280862245672402,5.013227441218099,0.7175093354302376,0.06853092438005781,5.04544512672849,-0.03221768551039084
14801040100,13.281615691374007,5.01393916433648,0.7175761236347833,0.06678820454559009,5.046114283856742,-0.03217511952026175
14802040100,13.28236909316001,5.014597179882789,0.7176431767478078,0.06705311302458838,5.046783468877081,-0.03218628899429188
14803040100,13.283122450852845,5.015266894835692,0.7176875963078678,0.04441956006009029,5.047452682801243,-0.032185787965550716
14804040100,13.283875779334146,5.015988883494003,0.7177589065026314,0.07131019476363853,5.048121925468724,-0.032133041974720555
14805040100,13.284629060916778,5.01672735657953,0.7178243804211863,0.06547391855490048,5.048791210098775,-0.032063853519245455
14806040100,13.285382299435721,5.017393721656916,0.717863633060266,0.03925263907961707,5.049460520976329,-0.03206679931941281
14807040100,13.28613551213576,5.018015317877157,0.717894518285073,0.030885224807022382,5.050129861505818,-0.032114543628661174
14808040100,13.286888704519848,5.0187248069296055,0.7179614782908225,0.06696000574948968,5.05079924701106,-0.03207444008145455
14809040100,13.287641852855936,5.019415366479295,0.7180509407915909,0.08946250076843931,5.051468682385455,-0.03205331590615934
14810040100,13.288394942336039,5.020111156110252,0.7180964017034756,0.04546091188456636,5.052138146536432,-0.03202699042618029
14811040100,13.289148001905806,5.020819626671609,0.7181512995642336,0.054897860758117645,5.05280762629657,-0.03198799962496057
14812040100,13.289901025354263,5.021539524849242,0.7182035375691969,0.05223800496320408,5.05347714739502,-0.0319376225457777
14813040100,13.290654014429416,5.0222739844433395,0.71824937787919,0.04584030999312638,5.054146704309998,-0.03187271986665863
14814040100,13.291406973339338,5.0229562418599585,0.7182894216067842,0.040043727594280654,5.054816298595348,-0.03186005673538972
14815040100,13.292159905897181,5.023641874947347,0.7183220735807145,0.032651973930324374,5.055485933993491,-0.0318440590461444
14816040100,13.292912816966433,5.0242687658738445,0.7183808219557437,0.05874837502919661,5.056155613897092,-0.03188684802324726
14817040100,13.293665689370773,5.024853949460279,0.7184378728417491,0.05705088600537955,5.056825342634534,-0.03197139317425535
14818040100,13.294418524224906,5.025491489659772,0.7185244049007429,0.08653205899373795,5.057495104928147,-0.03200361526837536
14819040100,13.29517130212,5.026170817717033,0.7186319765652682,0.10757166452536815,5.058164901768402,-0.03199408405136861
14820040100,13.295924009199046,5.026861444360576,0.718713451709866,0.08147514459781924,5.058834715883611,-0.031973271523034974
14821040100,13.296676662635978,5.027480690943907,0.7187740225351732,0.06057082530717928,5.059504534935785,-0.032023843991877854
14822040100,13.297429276190675,5.028211831707845,0.7188289049206391,0.05488238546590729,5.0601743741999545,-0.03196254249210995
14823040100,13.298181853606247,5.028919118912452,0.7189195886275704,0.09068370693135108,5.060844245918474,-0.03192512700602279
14824040100,13.29893437130316,5.029550281062647,0.7189542189332829,0.03463030571246506,5.06151415342179,-0.03196387235914244
14825040100,13.299686866193072,5.030205643451679,0.7190007191516559,0.046500218372884206,5.06218407571671,-0.0319784322650305
14826040100,13.300439330457216,5.030937609122097,0.719085366813326,0.08464766167014304,5.062854045661483,-0.031916436539385806
14827040100,13.301191738966914,5.031597354508101,0.7191579673956165,0.07260058229055666,5.063524056296719,-0.03192670178861867
14828040100,13.301944099652859,5.0322842864947,0.7191921627723747,0.0341953767581753,5.064194085244736,-0.03190979875003652
14829040100,13.302696437812113,5.032989222002003,0.7192624980148548,0.07033524248001655,5.064864139563026,-0.0318749175610229
14830040100,13.303448729634257,5.033600168376721,0.7193192188868368,0.05672087198207443,5.06553424178083,-0.031934073404108254
14831040100,13.304200984085776,5.034210154613996,0.7193668922816445,0.047673394807684843,5.066204370690194,-0.0319942160761979
14832040100,13.304953207125743,5.034941097122979,0.7194616919535947,0.09479967195010452,5.066874534276119,-0.0319334371531399
14833040100,13.305705367698014,5.035629594032037,0.7195571093872438,0.09541743364921373,5.067544737847214,-0.03191514381517724
14834040100,13.306457465388693,5.036306340575784,0.7195919471997486,0.03483781250483453,5.0682149537300045,-0.03190861315422033
14835040100,13.307209540118997,5.036893803091349,0.7196479774060106,0.05603020626199218,5.068885181547845,-0.03199137845649602
14836040100,13.307961577919853,5.037468776810752,0.7197098757250014,0.06189831899081,5.069555456873832,-0.03208668006308013
14837040100,13.308713574920851,5.038107077426286,0.7198166054377776,0.10672971277618615,5.070225767259274,-0.03211868983298771
14838040100,13.309465501564912,5.038724977038951,0.7199297877516937,0.11318231391610034,5.070896109252992,-0.032171132214040554
14839040100,13.31021735358908,5.039364558494939,0.7200113865044392,0.08159875274564499,5.071566456501424,-0.032201898006484875
14840040100,13.310969151810085,5.0400659713641724,0.7201032932812476,0.09190677680836501,5.072236805193615,-0.032170833829442635
14841040100,13.311720889425208,5.040657848679291,0.7201844213927465,0.08112811149895727,5.072907173881434,-0.03224932520214363
14842040100,13.312472573536926,5.041271313702081,0.7202345817070741,0.050160314327536426,5.07357755649263,-0.03230624279054872
14843040100,13.3132242245658,5.041937472190523,0.7203396737707394,0.10509206366529078,5.074247959354707,-0.03231048716418439
14844040100,13.313975806275897,5.042566323902565,0.7204340959816881,0.09442221094872849,5.074918400677525,-0.032352076774960103
14845040100,13.314727325697975,5.043195772664369,0.7205021992558501,0.06810327416202178,5.075588848135412,-0.03239307547104353
14846040100,13.315478800189833,5.043898253132391,0.7205890421772384,0.08684292138822336,5.076259307991457,-0.0323610548590656
14847040100,13.316230217383186,5.04458183351477,0.7206756747950127,0.08663261777447318,5.076929795725842,-0.03234796221107228
14848040100,13.316981577411145,5.045220359252536,0.7207257415133813,0.05006671836864207,5.077600300298515,-0.03237994104597952
14849040100,13.31773290439951,5.045927807463057,0.7207852405420957,0.05949902871443591,5.078270821821883,-0.03234301435882614
14850040100,13.318484192121344,5.046566055943925,0.7208673393600356,0.08209881793985119,5.078941381822984,-0.03237532587905889
14851040100,13.319235425657494,5.047307805446721,0.7209149224040452,0.047583044009662956,5.079611974743624,-0.032304169296903495
14852040100,13.319986627786248,5.048017433558065,0.7209971864615305,0.08226405748532173,5.080282587263577,-0.032265153705512084
14853040100,13.320737775612239,5.048714061067548,0.7210275675337428,0.030381072212211535,5.080953239714155,-0.032239178646607414
14854040100,13.321488903382305,5.049323340783994,0.7210739513156722,0.04638378192943371,5.081623911652544,-0.03230057086854998
14855040100,13.32224000053099,5.049998682662495,0.7211267932312951,0.05284191562289564,5.082294633655547,-0.032295950993051825
14856040100,13.322991062792832,5.050655169212985,0.7212234569603164,0.09666372902128373,5.082965396290987,-0.03231022707800246
14857040100,13.323742061230739,5.05130529520591,0.7212871007660433,0.06364380572683537,5.083636195749907,-0.032330900543997565
14858040100,13.324493017642867,5.051985654751809,0.7213602192733322,0.07311850728885183,5.084307006183359,-0.03232135143154924
14859040100,13.325243925769051,5.052697603758272,0.7214365649155504,0.07634564221820206,5.084977847056797,-0.032280243298524525
14860040100,13.325994783473874,5.053354827988062,0.7214977899639295,0.06122504837907705,5.085648712774832,-0.0322938847867702
14861040100,13.326745600740349,5.054042741329299,0.7215431505377491,0.04536057381950798,5.086319601425439,-0.032276860096139615
14862040100,13.32749638804494,5.054671162073852,0.7216159122950325,0.07276175728329015,5.086990521925236,-0.03231935985138357
14863040100,13.328247127285199,5.055299833449316,0.7216733114355041,0.057399140471556365,5.08766148363547,-0.03236165018615367
14864040100,13.328997828606425,5.056015347450928,0.7217605625614681,0.08725112596407669,5.088332470376969,-0.03231712292604083
14865040100,13.329748472283057,5.056696978021553,0.7218477855183406,0.08722295687244142,5.089003491214774,-0.03230651319322053
14866040100,13.330499058327995,5.057302707872887,0.721891515223965,0.04372970562438461,5.089674528513219,-0.03237182064033206
14867040100,13.331249615476818,5.057966289970307,0.7219521736888586,0.060658464893608155,5.090345582277353,-0.03237929230704584
14868040100,13.33200013254081,5.058705349703253,0.722050921394067,0.09874770520843512,5.09101667819535,-0.0323113284920975
14869040100,13.332750584343616,5.059369695687849,0.7221207790808062,0.0698576867391747,5.091687806262849,-0.03231811057499989
14870040100,13.333500989973887,5.060072737866071,0.7221527781612016,0.03199908039544397,5.092358943961491,-0.03228620609541988
14871040100,13.334251374453098,5.06075009953075,0.7222221525147721,0.06937435357042077,5.0930301083565155,-0.032280008825765094
14872040100,13.335001713073945,5.061346396887173,0.722272128364154,0.04997584938187849,5.093701321827217,-0.03235492494004344
14873040100,13.335752018657136,5.062039809962194,0.722334956711758,0.06282834760396838,5.094372562273168,-0.032332752310974655
14874040100,13.33650228270358,5.062695428745153,0.7224384805872943,0.10352387553640163,5.095043841162024,-0.03234841241687114
14875040100,13.337252478302405,5.063323614873858,0.7224934215566116,0.05494096931725423,5.095715150888916,-0.03239153601505773
14876040100,13.33800263757225,5.063989075746031,0.7225673064728654,0.07388491625383153,5.096386467369186,-0.0323973916231548
14877040100,13.338752747983117,5.064629651047216,0.7226549973536385,0.08769088077310094,5.097057819339307,-0.03242816829209083
14878040100,13.339502800400014,5.065307593873674,0.7227240803897991,0.06908303616061673,5.0977291955832165,-0.03242160170954289
14879040100,13.340252807125093,5.065967784620717,0.7228056799502333,0.08159956043417083,5.098400587919423,-0.03243280329870579
14880040100,13.341002759875263,5.06665225447306,0.7228685906931994,0.0629107429661655,5.09907200735501,-0.032419752881950537
14881040100,13.341752671009033,5.067348101511423,0.7229404134829397,0.07182278974029543,5.099743446470439,-0.03239534495901619
14882040100,13.342502534627322,5.067968912765637,0.7230000804984777,0.05966701553800924,5.100414916326585,-0.03244600356094818
14883040100,13.34325235876903,5.0687297880687145,0.7230540255369993,0.053945038521471034,5.101086411638482,-0.03235662356976743
14884040100,13.344002147217605,5.069396881458627,0.7231456025635866,0.09157702658732525,5.101757939602246,-0.03236105814361867
14885040100,13.344751875068566,5.070048318859977,0.7231669851969968,0.021382633410182095,5.102429503605229,-0.03238118474525198
14886040100,13.345501588769476,5.0706972756076345,0.7232352857478255,0.06830055082862962,5.103101081337298,-0.03240380572966384
14887040100,13.346251257269907,5.071297946956207,0.7233114614381395,0.07617569031400784,5.103772714403442,-0.03247476744723521
14888040100,13.34700087535406,5.071874192501506,0.7233889504749746,0.0774890368350949,5.104444374988175,-0.0325701824866691
14889040100,13.347750442148246,5.0725862770206875,0.7234907379491184,0.10178747414376943,5.105116058414623,-0.032529781393935586
14890040100,13.348499941562498,5.073275517936761,0.7236049406215198,0.11420267240121618,5.1057877638952895,-0.03251224595852875
14891040100,13.34924936536912,5.073929809360017,0.7236511540760112,0.04621345449145231,5.106459477004604,-0.03252966764458698
14892040100,13.349998758577449,5.074650889423098,0.7237087580907674,0.057604014756236666,5.107131190358517,-0.032480300935419315
14893040100,13.350748113643464,5.075298684368107,0.723783871818093,0.07511372732561838,5.10780294429393,-0.03250425992582251
14894040100,13.351497418969428,5.075947132999005,0.7238255128640003,0.0416410459073564,5.108474732048249,-0.03252759904924396
14895040100,13.352246696719014,5.07661930843969,0.7239038613640156,0.07834850001527371,5.109146543221483,-0.03252723478179309
14896040100,13.352995922579545,5.077358784654506,0.7239819414556288,0.07808009161308505,5.109818397683789,-0.032459613029282686
14897040100,13.353745096724209,5.077961777127588,0.7240481791449275,0.06623768929870444,5.110490273633117,-0.03252849650552836
14898040100,13.354494226993168,5.0786186092403325,0.7240806419901404,0.032462845212988256,5.111162171219872,-0.03254356197953978
14899040100,13.355243335757606,5.079364837417303,0.7241814953351617,0.10085334502132959,5.111834097471705,-0.03246926005440276
14900040100,13.355992377708237,5.080029858403208,0.7242554733811689,0.07397804600716817,5.11250607245457,-0.03247621405136236
14901040100,13.356741370644691,5.080725693716385,0.7242846292541908,0.02915587302185152,5.11317805552174,-0.03245236180535471
14902040100,13.35749034426279,5.0813649282687114,0.72435440668906,0.06977743486925547,5.113850062635116,-0.032485134366404544
14903040100,13.358239271644548,5.081936071832782,0.7244087413269971,0.054334637937039076,5.11452212043811,-0.03258604860532799
14904040100,13.358988163020241,5.082661645701401,0.7244914673366697,0.08272600967263166,5.1151942047773655,-0.03253255907596486
14905040100,13.359736999571442,5.083304283452504,0.7246084539901512,0.11698665348148296,5.1158663248314955,-0.032562041378991324
14906040100,13.360485758584064,5.083926863220003,0.7246481364411671,0.03968245101593304,5.1165384637080535,-0.03261160048805056
14907040100,13.361234491292887,5.084581723618812,0.7247293553644054,0.08121892323836022,5.1172106010105605,-0.03262887739174847
14908040100,13.361983170161487,5.0851954065939555,0.7248207016074906,0.09134624308517836,5.11788278272593,-0.03268737613197459
14909040100,13.36273178847054,5.085879615138363,0.7248959643839851,0.07526277649454904,5.118554984131373,-0.0326753689930106
14910040100,13.36348035687816,5.08652220599583,0.7249919427542098,0.0959783702246817,5.1192271991875735,-0.0327049931917438
14911040100,13.364228861643147,5.087217962329199,0.7250526411782047,0.06069842399491243,5.119899437459047,-0.03268147512984765
14912040100,13.364977326155845,5.087871576177973,0.7251342193481344,0.08157816992966538,5.120571686599504,-0.03270011042153165
14913040100,13.365725736565462,5.0884654442550366,0.7251891732002189,0.0549538520845001,5.1212439676114005,-0.032778523356364
14914040100,13.366474110526582,5.089119409629764,0.7252652515646472,0.0760783644282661,5.121916268050121,-0.03279685842035729
14915040100,13.367222434024505,5.089909819991218,0.7253713693930658,0.10611782841864148,5.122588603771735,-0.032678783780517584
14916040100,13.367970687126656,5.090591752565578,0.7254474929547929,0.07612356172711365,5.123260962182876,-0.03266920961729802
14917040100,13.36871888972525,5.091205468222934,0.7254551692640198,0.007676309226814837,5.123933325367135,-0.032727857144201344
14918040100,13.369467087230818,5.091973831425615,0.7255170677145726,0.06189845055272869,5.124605711191945,-0.03263187976633031
14919040100,13.370215243666813,5.092703081412335,0.7256132032842376,0.09613556966506742,5.1252781604679445,-0.032575079055609635
14920040100,13.370963336311249,5.093353941037188,0.7256318549789813,0.018651694743736513,5.125950640863813,-0.03259669982662494
14921040100,13.371711416578396,5.093958587327009,0.7256699653024586,0.03811032347729437,5.126623131950822,-0.032664544623813185
14922040100,13.372459471554675,5.094656055324435,0.7257473194153637,0.07735411290513028,5.127295679946199,-0.03263962462176373
14923040100,13.373207475193682,5.095275351506346,0.7258479444533801,0.10062503801639977,5.127968273244317,-0.032692921737971226
14924040100,13.373955412044607,5.096015357490764,0.7259021315395656,0.05418708618559265,5.128640888425032,-0.032625530934268454
14925040100,13.374703312926677,5.096789680618627,0.7259955221128053,0.09339057323965427,5.129313511587881,-0.0325238309692546
14926040100,13.37545115181185,5.0974727307992485,0.7260284270102152,0.032904897409881784,5.129986170443951,-0.03251343964470266
14927040100,13.376198968851707,5.09805729411137,0.7260439878539694,0.015560843754132136,5.130658841579596,-0.032601547468225966
14928040100,13.376946775560553,5.09876519137748,0.7261051705530415,0.06118269907207008,5.131331561108421,-0.03256636973094107
14929040100,13.377694541647795,5.099382205289193,0.7262157971953878,0.11062664234626673,5.1320043393932835,-0.03262213410409043
14930040100,13.378442234278547,5.100122310519713,0.7262647160007951,0.048918805407398125,5.132677149184968,-0.03255483866525477
14931040100,13.379189894424117,5.100774099161362,0.7263592038285723,0.09448782777724851,5.133349960933632,-0.03257586177227001
14932040100,13.379937491818726,5.101459777291809,0.7263920123884725,0.03280855990018772,5.134022811502112,-0.03256303421030271
14933040100,13.380685067423055,5.102082267687341,0.726469040776569,0.07702838809657742,5.134695673649206,-0.03261340596186546
14934040100,13.381432591864705,5.102781650012498,0.7265291045776079,0.060063801038845455,5.135368584238568,-0.03258693422607006
14935040100,13.38218007640857,5.103463689154057,0.7266208873076253,0.09178273001737303,5.136041516830685,-0.032577827676628424
14936040100,13.382927499979928,5.1041153711237195,0.7266741821747414,0.05329486711626252,5.136714481563185,-0.03259911043946584
14937040100,13.383674888143897,5.104816936508556,0.7267361465550303,0.06196438028883655,5.137387459457843,-0.032570522949287195
14938040100,13.384422235138063,5.105480071975757,0.7268133386941961,0.07719213916574752,5.138060473529491,-0.03258040155373365
14939040100,13.385169530840924,5.106174537560553,0.7268655501116438,0.052211417447693975,5.138733518587932,-0.0325589810273792
14940040100,13.385916791848716,5.106785392836398,0.7269370118004883,0.07146168884436577,5.139406585514569,-0.032621192678170985
14941040100,13.386664005366118,5.107519045830975,0.7269927765673172,0.055764766828877654,5.140079689254637,-0.03256064342366205
14942040100,13.387411181821983,5.108134914804392,0.7270904893922648,0.09771282494763511,5.140752818280626,-0.03261790347623439
14943040100,13.388158293331825,5.108797659805162,0.7271266949528701,0.0362055606052909,5.1414259819850905,-0.03262832217992884
14944040100,13.388905380775387,5.109497908956149,0.7272219244527552,0.09522949988516771,5.142099155240999,-0.03260124628484995
14945040100,13.38965240491406,5.11018225279232,0.7272937415711962,0.07181711844093819,5.142772374879495,-0.03259012208717493
14946040100,13.390399381307006,5.110836044582647,0.7273467757467976,0.05303417560146784,5.143445605538977,-0.032609560956330164
14947040100,13.391146322439102,5.111408802291856,0.727407745863946,0.06097011714831169,5.144118861235697,-0.032710058943840714
14948040100,13.391893223031378,5.112131875298968,0.7274840434504487,0.07629758650274532,5.144792153220282,-0.03266027792131343
14949040100,13.392640072888488,5.112931690629691,0.7276010772899935,0.11703383954470503,5.145465476733165,-0.032533786103473794
14950040100,13.393386844913836,5.113558035488769,0.7276428697457472,0.041792455753848046,5.146138822580122,-0.03258078709135326
14951040100,13.3941335891432,5.114282755947646,0.7276460492677653,0.003179522018116998,5.146812166323048,-0.03252941037540236
14952040100,13.394880331257825,5.114882352147876,0.7277360569713582,0.09000770359292787,5.1474855530726416,-0.03260320092476565
14953040100,13.39562701350407,5.115629264139422,0.7277767957109661,0.04073873960787644,5.148159005992481,-0.032529741853059235
14954040100,13.396373668651064,5.116229801310007,0.7278802773784601,0.10348166749394316,5.148832472997956,-0.032602671687948614
14955040100,13.397120254956883,5.116876087624138,0.7279099613031418,0.029683924681744855,5.149505983642415,-0.03262989601827737
14956040100,13.397866821513999,5.117521317153866,0.7280130004047433,0.10303910160149599,5.150179500269237,-0.032658183115371386
14957040100,13.39861331951413,5.1181460284170575,0.7280932223863794,0.08022198163610206,5.150853067163274,-0.03270703874621628
14958040100,13.399359764133143,5.118800337338001,0.7281740545685524,0.08083218217301891,5.151526640285926,-0.03272630294792478
14959040100,13.40010615496014,5.119447019449621,0.7282652467220205,0.09119215346810527,5.152200233323127,-0.03275321387350605
14960040100,13.400852485094937,5.120074477337061,0.7283416885721192,0.07644185009861815,5.152873845898682,-0.03279936856162102
14961040100,13.401598764349698,5.120774121029571,0.7284220074569855,0.08031888486622485,5.153547471778827,-0.032773350749256025
14962040100,13.402344990139152,5.121487219516447,0.7285120374422213,0.09002998523573424,5.154221119813867,-0.03273390029742007
14963040100,13.403091155993259,5.122242133984702,0.7285659336110547,0.05389616883349646,5.154894787665128,-0.032652653680425914
14964040100,13.403837285964363,5.12296157250177,0.7286130334295449,0.04709981849016209,5.155568469485425,-0.03260689698365571
14965040100,13.404583384575565,5.1235004576477765,0.7286390697765671,0.02603634702222024,5.1562421869867645,-0.032741729338988
14966040100,13.40532946585059,5.124130524014582,0.728682770497673,0.04370072110594769,5.15691594425334,-0.03278542023875808
14967040100,13.406075518026565,5.124823346815986,0.7288170375311686,0.13426703349549207,5.157589753951754,-0.03276640713576828
14968040100,13.406821480789077,5.125481134175711,0.7289058276568472,0.0887901256785959,5.158263605461498,-0.032782471285786485
14969040100,13.407567384415522,5.126081239323547,0.728963222528308,0.057394871460880736,5.15893744429825,-0.03285620497470276
14970040100,13.408313249812661,5.126767870741721,0.7290381608870664,0.0749383587584056,5.159611297800952,-0.03284342705923127
14971040100,13.409059065291512,5.127349434406488,0.7291420951814543,0.10393429438806479,5.160285184852835,-0.032935750446347
14972040100,13.409804811530236,5.127972553004982,0.7292027576265314,0.06066244507708696,5.160959094890144,-0.03298654188516181
14973040100,13.41055051735244,5.128722076611741,0.7293161501337692,0.1133925072377373,5.161633010446852,-0.03291093383511168
14974040100,13.41129614761922,5.129464724288393,0.7294088695277603,0.09271939399117102,5.162306957564521,-0.032842233276127786
14975040100,13.41204171609831,5.130125272362635,0.7294382510451208,0.029381517360526743,5.162980904479031,-0.032855632116396194
14976040100,13.412787264996382,5.130803199716728,0.729470933024431,0.03268197931014072,5.163654863624981,-0.03285166390825278
14977040100,13.41353279211312,5.131510316490508,0.7295446977428094,0.07376471837838139,5.164328873153366,-0.03281855666285782
14978040100,13.414278270065466,5.132282341797678,0.7296097901768289,0.06509243401957043,5.165002931078618,-0.032720589280939905
14979040100,13.415023704630155,5.132931326269771,0.7296602459817412,0.050455804912219904,5.165677012642288,-0.0327456863725164
14980040100,13.415769105561125,5.133547297940301,0.7296780634516802,0.01781746993898281,5.166351123064459,-0.032803825124157804
14981040100,13.416514494614558,5.13418155139072,0.7297574660203084,0.07940256862830708,5.1670252711645315,-0.03284371977381184
14982040100,13.417259830733531,5.134761730349291,0.7298535101815286,0.09604416122000536,5.167699476622062,-0.03293774627277024
14983040100,13.418005102817492,5.1353964450118506,0.7299405220355469,0.08701185401842793,5.168373702301409,-0.03297725728955836
14984040100,13.418750316882567,5.13614616131016,0.7300547693398389,0.1142473042919896,5.16904793815435,-0.03290177684418971
14985040100,13.419495454759785,5.136723648132304,0.7301418329213147,0.08706358147581916,5.169722189616136,-0.03299854148383208
14986040100,13.420240534570567,5.137500169283181,0.7301712525596653,0.029419638350514532,5.17039644023882,-0.03289627095563841
14987040100,13.420985594758854,5.138151623208045,0.7302869800441482,0.11572748448270964,5.1710707064107595,-0.03291908320271464
14988040100,13.421730577752239,5.1387823303642435,0.7303029936289346,0.01601358478637316,5.171745022920756,-0.03296269255651296
14989040100,13.422475550063131,5.1394887447678315,0.7303816117209267,0.07861809199217795,5.1724193376589405,-0.032930592891109
14990040100,13.423220469925955,5.140166917193917,0.7304706895265087,0.08907780558209666,5.1730937108256665,-0.03292679363174944
14991040100,13.423965330357213,5.140877336479491,0.7305218788401934,0.051189313684691484,5.173768104614011,-0.03289076813451963
14992040100,13.424710156632944,5.141515755348724,0.7305871918961628,0.06531305596950254,5.174442512695599,-0.03292675734687478
14993040100,13.4254549393264,5.142100794365316,0.7306363166466021,0.04912475043927245,5.175116957952206,-0.033016163586889746
14994040100,13.426199689237663,5.142810041769752,0.730721532245496,0.08521559889384633,5.175791431846475,-0.032981390076723294
14995040100,13.426944382278132,5.143488978421854,0.7308336309592972,0.11209871380125591,5.176465944157767,-0.03297696573591313
14996040100,13.427689000498441,5.1441091746475855,0.7308835752175012,0.04994425820403059,5.177140473066281,-0.03303129841869534
14997040100,13.4284335853805,5.144778797371963,0.7309486743349957,0.0650991174944604,5.177815002305053,-0.03303620493309012
14998040100,13.42917812680551,5.145473476767554,0.731043252496831,0.09457816183528323,5.1784895694458655,-0.03301609267831118
14999040100,13.429922605089056,5.146120943419408,0.7311131462491965,0.06989375236550188,5.1791641653202145,-0.03304322190080633
